1000 20 4969
537
509
34
226
857
851
577
495
906
202
283
337
405
726
966
67
584
636
694
295
344 685 905
527 322 580
640 18 941
300 318 373
287 711 858
365 529 980
193 84 978
864 436 564
895 2 256
881 229 711
944 600 251
610 670 717
680 462 967
36 915 85
936 678 164
932 495 310
351 694 78
808 958 582
456 677 845
993 274 162
364 998 71
726 408 572
752 776 781
832 722 971
997 970 473
402 993 307
961 553 583
299 801 946
198 909 553
156 807 754
387 898 882
781 488 879
532 556 182
93 783 308
577 424 847
788 507 643
353 9 705
413 24 538
405 15 19
289 297 441
270 62 496
315 783 930
12 311 61
321 592 280
495 688 985
11 944 534
292 317 823
193 542 419
538 113 222
458 559 911
384 374 54
178 930 669
647 915 825
348 169 798
691 169 17
34 218 332
121 434 761
442 633 212
646 736 623
982 688 606
148 630 983
764 858 302
149 848 643
447 784 108
498 430 567
455 667 254
857 380 489
915 343 55
538 158 770
401 417 501
892 944 74
560 610 226
398 724 814
487 777 352
850 883 255
376 974 65
545 18 888
194 72 190
831 997 940
241 847 469
744 938 703
596 986 942
439 226 995
214 413 894
327 598 499
769 601 147
562 376 783
127 694 178
823 275 567
503 0 783
550 555 205
462 162 329
862 404 117
254 598 314
991 169 222
346 853 984
105 309 575
426 947 790
264 98 620
732 971 392
887 901 274
829 982 93
331 525 704
45 547 202
77 456 234
678 170 351
373 734 518
350 770 963
31 59 357
31 999 292
588 778 343
215 577 981
65 392 471
390 361 692
22 269 755
538 221 547
572 966 619
791 966 363
269 662 783
923 614 627
915 187 619
457 883 798
108 57 29
86 740 24
255 36 444
617 118 52
40 41 808
543 924 847
113 632 587
294 148 274
540 517 61
90 344 263
142 730 267
875 673 176
987 841 336
744 329 386
634 485 603
629 454 36
565 149 54
781 760 876
329 311 70
846 767 141
776 829 277
579 487 973
28 688 449
554 295 613
995 570 192
332 483 637
990 594 108
61 822 949
563 21 152
48 935 59
171 442 974
525 111 554
623 947 514
91 553 990
955 57 176
724 189 358
488 672 292
813 43 308
181 897 476
906 905 782
240 671 257
459 399 491
262 729 812
757 791 294
779 873 22
369 311 528
501 522 84
889 170 143
319 212 487
36 16 488
20 158 288
405 968 698
189 363 474
298 156 19
780 7 738
997 697 973
107 862 784
709 148 310
338 606 148
726 259 141
54 594 815
460 79 467
904 571 5
752 512 809
71 7 451
426 546 356
130 685 946
433 749 27
435 307 569
523 761 952
792 991 490
969 947 29
514 479 415
617 83 199
245 210 502
139 740 381
878 253 316
423 278 960
829 306 909
331 163 73
970 194 348
325 166 46
725 392 967
44 9 174
505 190 360
282 267 500
441 589 61
521 294 103
734 370 495
193 575 469
74 865 997
487 889 59
754 931 758
26 60 603
596 355 19
632 67 469
917 487 378
121 582 80
483 843 638
41 474 65
98 653 846
432 332 943
443 449 643
880 512 906
609 610 404
950 128 265
11 466 943
880 915 752
989 319 973
772 980 724
794 463 32
723 243 254
862 942 717
225 985 358
437 265 926
940 707 917
53 638 216
915 593 651
158 369 748
359 210 30
757 802 589
954 819 288
722 653 481
920 432 586
88 814 680
490 778 155
233 311 466
718 26 216
926 835 262
707 681 759
383 740 640
356 499 177
156 111 296
958 382 831
980 903 596
258 502 853
947 813 600
176 715 423
522 726 655
654 883 82
149 768 517
820 710 484
275 308 369
396 526 572
227 105 998
863 356 27
545 958 724
684 443 432
347 463 123
521 545 983
99 527 743
193 513 391
887 922 369
955 485 93
510 880 311
151 387 583
205 345 563
603 213 129
756 717 965
20 423 893
653 45 93
99 656 785
257 385 355
695 406 537
814 310 922
212 433 97
963 711 920
298 985 549
762 465 304
42 218 642
566 11 90
519 184 469
137 165 565
606 89 30
993 390 193
367 214 297
920 124 844
102 328 227
42 592 502
116 94 737
876 560 200
788 374 66
13 721 23
854 158 694
9 144 467
4 194 84
720 564 531
754 207 678
725 302 210
372 641 195
741 311 816
101 964 134
552 346 930
313 827 492
767 434 952
9 242 35
210 406 120
697 592 58
955 958 953
144 902 860
117 452 643
748 361 372
547 768 346
54 326 887
342 983 85
428 559 342
901 413 101
962 494 475
862 887 680
137 296 223
146 994 933
410 922 400
483 324 676
509 166 122
137 226 874
487 396 810
518 114 93
280 224 29
144 172 57
363 186 569
776 350 981
315 870 192
560 447 181
624 221 395
114 687 841
877 3 989
316 859 444
342 559 65
817 820 591
51 14 944
238 753 354
712 429 814
516 21 714
711 572 574
247 205 298
44 535 76
679 119 468
523 574 700
135 981 455
351 56 981
685 163 718
301 92 691
850 903 158
948 413 989
885 50 908
427 12 886
713 714 478
316 786 727
603 50 805
384 762 284
755 233 932
422 39 478
231 60 558
994 299 433
126 631 776
591 583 597
178 17 33
692 826 137
907 42 496
299 178 276
621 549 297
266 894 773
327 792 207
736 751 525
440 754 627
600 144 421
936 571 770
285 397 423
488 156 908
628 652 648
995 637 477
86 263 794
719 746 11
355 368 649
660 685 727
411 926 377
984 834 587
732 311 687
298 216 403
355 58 394
289 117 177
773 12 871
385 900 562
569 550 753
536 129 26
260 91 827
404 89 640
469 812 350
399 301 910
672 111 138
215 684 282
652 930 885
804 156 717
850 378 25
291 400 216
555 242 244
399 403 8
777 361 39
873 956 530
654 865 554
795 913 181
899 643 242
609 191 560
428 405 943
781 614 248
412 650 240
954 969 57
23 237 596
30 911 524
562 397 744
315 652 805
941 915 844
12 611 420
165 151 369
529 807 298
485 339 10
794 542 430
660 530 355
707 486 280
415 414 803
311 386 12
849 629 788
402 590 496
353 735 31
752 733 971
165 610 377
285 137 720
429 377 202
684 6 334
538 180 72
286 688 111
583 57 433
365 574 237
163 517 764
591 923 936
270 108 915
735 83 697
982 144 573
867 617 155
254 470 17
871 797 468
355 149 89
157 124 70
328 911 440
570 64 754
403 830 911
853 56 903
507 879 248
950 861 410
116 843 416
719 54 798
748 692 286
663 275 646
925 380 479
804 473 836
291 254 786
259 19 524
202 663 689
466 853 871
435 753 15
908 578 943
638 559 292
347 141 313
727 631 838
419 393 691
300 76 581
42 793 7
541 366 728
315 456 758
123 906 586
810 304 952
196 562 729
633 378 356
100 38 132
805 457 869
49 665 81
430 121 986
560 278 774
40 53 639
150 266 419
970 746 922
635 575 987
258 577 255
746 423 348
98 763 393
483 827 950
287 747 451
557 137 607
924 926 940
413 542 174
531 473 922
965 242 546
383 867 984
271 206 116
189 245 562
288 391 60
932 255 70
969 839 183
181 484 867
571 507 958
63 986 320
925 757 361
763 439 254
117 883 938
726 385 449
877 279 403
602 978 386
349 593 460
510 878 773
738 825 416
665 19 325
235 609 39
995 853 145
139 659 710
586 710 218
548 315 967
146 776 493
856 138 81
226 969 354
262 588 147
147 337 769
106 223 241
975 242 497
944 730 624
579 146 298
928 242 160
562 921 224
529 477 735
886 203 591
763 423 832
142 896 455
659 157 618
163 190 716
679 201 584
59 954 756
617 674 433
669 214 782
204 90 363
544 429 773
609 72 655
98 4 943
10 252 561
81 976 203
455 692 141
844 220 482
701 343 562
307 414 410
280 51 985
737 233 113
343 956 754
812 709 443
115 212 281
862 226 491
461 657 868
917 788 326
342 886 722
32 511 260
527 578 445
362 540 732
36 759 338
807 612 616
519 104 354
117 85 788
921 664 247
967 553 779
660 374 235
761 287 897
701 194 233
792 581 708
167 416 90
1 801 624
915 969 409
465 237 151
856 370 181
446 214 457
52 672 33
558 577 845
134 607 441
747 646 844
403 708 830
147 546 13
362 2 745
724 346 216
596 139 770
143 550 276
477 947 116
939 416 645
672 410 38
378 757 54
801 811 165
496 268 776
143 552 873
607 587 128
17 925 909
509 982 173
301 408 346
44 656 579
119 462 265
142 210 549
225 832 731
745 184 325
538 697 19
610 372 749
561 667 30
36 168 514
768 764 469
712 598 647
432 605 926
414 645 479
633 523 170
398 184 208
312 908 181
979 93 132
456 780 994
139 124 236
791 407 374
448 223 105
497 34 150
710 417 727
36 721 902
571 872 682
341 732 762
861 671 983
561 209 375
477 863 428
463 947 719
110 302 139
183 718 99
821 176 109
926 903 418
621 157 141
787 765 653
109 288 866
895 859 145
586 626 679
458 539 37
417 443 342
452 453 414
635 473 999
294 414 514
401 465 754
652 219 520
370 70 113
404 492 38
414 660 716
854 504 640
947 398 571
248 141 958
389 762 902
287 977 26
291 369 304
754 305 502
585 576 276
120 207 992
402 246 582
261 529 978
725 277 191
82 316 984
899 228 561
103 791 135
772 453 471
85 644 88
276 786 548
890 394 777
652 282 246
486 530 608
979 165 246
261 623 950
243 602 255
506 688 621
161 949 441
150 477 556
430 502 147
832 451 236
412 567 797
608 904 796
898 122 916
314 804 34
341 466 223
975 47 756
980 433 37
250 60 660
377 951 930
662 115 648
692 322 860
899 124 665
828 981 448
2 36 649
553 104 78
292 45 997
540 760 107
157 936 704
547 598 632
142 608 282
405 191 751
469 610 135
83 446 952
350 444 774
834 21 337
424 523 202
386 546 448
873 434 951
709 132 571
519 192 562
674 299 659
846 66 153
32 858 924
380 351 672
787 546 73
141 562 759
201 826 434
129 821 15
668 484 766
984 205 828
894 295 227
918 91 674
857 550 347
639 929 436
829 291 30
736 540 116
669 159 442
418 126 598
532 152 197
397 36 741
260 802 76
215 636 947
481 432 966
433 747 639
181 731 109
890 493 391
61 297 420
644 450 58
320 962 647
726 832 498
328 122 106
233 382 386
215 366 782
251 475 498
843 99 416
812 382 156
601 568 525
684 906 67
310 680 869
928 865 640
264 487 190
60 648 846
160 103 353
561 131 566
493 651 556
213 470 157
904 644 798
798 411 410
765 140 734
440 984 268
21 551 146
610 59 642
226 965 780
266 182 549
215 640 904
260 988 422
428 151 712
260 28 746
637 377 607
273 659 808
171 9 405
138 41 227
35 185 367
11 341 1000
74 882 776
458 262 811
43 638 603
896 425 75
119 453 383
164 734 227
252 941 453
509 196 789
916 819 212
268 779 545
335 341 373
469 83 25
858 681 246
910 9 753
286 528 262
817 169 79
849 934 661
415 773 145
623 398 171
106 314 121
96 343 297
727 658 948
997 298 354
646 933 270
982 545 850
535 775 895
948 478 286
231 989 5
379 362 900
416 451 460
361 496 568
195 623 230
570 855 623
836 989 533
24 423 526
855 22 329
895 468 776
103 21 11
608 928 24
84 604 294
952 559 415
198 252 445
666 846 107
163 263 548
988 121 714
16 239 114
519 499 162
518 561 843
495 998 599
538 135 290
506 749 595
350 627 596
393 671 479
799 300 116
385 956 24
283 317 905
224 775 707
390 485 621
565 253 736
855 341 497
739 159 181
185 455 123
674 113 951
719 110 648
313 480 971
284 688 884
267 537 360
819 330 816
582 840 593
839 197 513
2 99 576
949 169 790
624 923 286
385 410 116
685 988 392
187 2 973
377 777 740
29 349 208
675 780 264
722 90 989
6 87 515
371 481 466
925 986 408
844 680 220
169 907 505
835 854 992
194 66 628
913 861 913
154 304 664
958 156 697
849 374 991
354 494 769
28 792 495
300 194 99
509 382 545
961 358 807
433 90 132
722 530 152
523 56 869
515 531 554
452 229 12
353 732 837
514 268 528
856 434 725
599 298 809
891 798 327
318 147 457
481 28 762
482 473 545
434 936 324
665 414 152
850 565 373
465 308 618
342 946 970
721 122 871
285 949 163
74 107 596
286 837 968
368 642 441
772 534 146
214 764 472
186 25 9
436 113 343
332 893 612
422 295 143
669 595 163
348 745 345
517 159 498
978 390 788
127 61 740
521 240 772
51 692 920
661 137 826
748 279 933
649 93 260
916 424 95
644 76 394
361 850 623
849 679 215
688 752 822
693 529 653
524 370 146
566 574 270
557 849 556
945 98 598
339 922 229
575 765 31
381 565 580
414 461 742
854 273 918
528 409 846
987 998 916
270 628 94
852 590 797
576 117 315
469 41 264
211 812 357
961 739 935
415 80 382
486 286 349
61 278 816
744 658 808
351 189 585
636 763 561
427 700 831
523 363 485
610 542 547
95 224 411
515 589 195
643 70 985
851 350 363
222 869 589
735 492 104
315 541 524
99 231 553
806 311 668
555 952 502
835 1 358
514 329 329
944 272 272
510 931 856
217 9 750
924 272 209
622 915 712
945 683 761
299 444 472
166 631 524
845 32 924
974 405 926
104 353 5
274 157 535
979 47 139
528 851 991
520 943 348
628 946 74
858 742 556
852 211 241
15 1 281
380 626 57
258 177 420
586 105 162
703 453 477
488 982 120
952 813 289
808 699 52
379 840 701
558 434 112
83 961 252
598 87 8
56 938 288
420 801 426
636 166 168
153 778 94
389 248 217
746 240 912
593 694 161
188 538 551
220 885 512
429 448 122
973 274 467
905 215 787
391 250 493
654 858 611
645 512 734
374 237 80
610 874 360
897 485 173
990 964 388
62 977 154
920 890 555
340 821 291
408 214 539
153 463 578
826 872 35
865 634 907
957 330 819
220 178 95
959 65 420
391 637 913
749 60 733
877 811 81
877 446 629
992 132 633
635 475 99
643 143 335
923 271 71
998 359 220
158 258 413
637 757 765
830 517 203
645 228 704
683 943 499
394 318 800
946 448 89
781 798 154
417 50 714
489 916 946
274 633 699
57 742 486
952 989 239
336 553 624
101 424 467
539 503 296
87 599 271
324 775 467
885 509 780
504 717 889
604 172 281
662 122 237
505 455 730
44 896 220
491 843 432
627 491 860
144 949 571
352 262 157
772 510 397
156 81 683
651 624 671
39 930 92
626 168 628
204 254 740
841 735 723
615 135 741
665 556 948
521 13 391
940 116 742
862 483 604
465 241 466
686 438 55
491 181 245
841 913 573
589 551 494
453 323 120
227 157 320
896 824 626
78 642 535
291 508 638
43 758 64
663 27 613
893 146 299
287 448 222
922 496 352
993 261 780
716 981 209
401 920 974
629 366 868
637 147 926
66 180 566
854 175 296
402 447 743
709 956 932
87 764 215
363 663 639
34 438 465
775 538 470
644 67 444
152 553 375
54 144 845
135 131 839
406 779 966
579 382 522
68 175 867
953 329 322
929 726 293
766 668 147
475 428 349
737 269 763
432 906 301
549 907 615
421 280 260
448 273 512
384 955 435
725 824 749
311 365 822
558 330 995
316 824 376
724 274 1000
548 44 24
635 795 686
234 984 368
461 873 17
407 768 907
980 203 684
586 383 207
869 458 315
718 197 333
109 930 972
917 594 309
529 978 697
599 484 566
220 394 564
839 836 539
802 965 935
600 618 997
991 163 435
426 687 961
460 438 890
877 974 966
340 992 127
75 519 255
216 159 125
394 395 692
424 552 544
898 328 24
148 662 859
53 963 160
678 943 302
465 669 478
446 594 96
395 793 275
180 681 70
245 108 95
875 565 729
110 944 592
157 854 809
617 484 52
155 489 947
911 230 212
210 349 84
501 542 55
8 865 871
366 982 528
931 253 815
351 739 374
22 90 763
282 486 541
892 44 21
168 366 799
805 78 907
748 426 431
553 435 197
51 340 437
729 822 968
28 5 920
247 810 863
912 719 962
128 938 978
538 215 171
961 259 281
76 973 936
103 969 158
548 859 859
661 179 30
24 896 419
310 988 204
780 787 489
671 284 801
15 873 134
36 295 327
788 860 959
937 917 918
995 784 781
573 804 677
17 349 13
422 867 494
257 439 270
752 632 190
719 397 218
232 446 844
910 477 74
405 837 400
618 32 473
798 906 491
55 952 65
708 310 624
175 589 376
350 792 844
50 976 704
163 220 610
143 538 677
684 486 18
749 476 441
661 193 719
968 562 229
31 131 790
557 888 38
395 81 998
368 393 433
374 714 753
213 781 656
904 865 264
678 195 234
570 94 714
957 267 999
543 0 318
328 13 758
485 81 137
388 644 524
550 101 903
302 267 648
510 472 561
32 596 37
91 471 969
399 782 14
990 652 244
350 139 502
519 879 59
963 82 105
983 365 739
866 653 673
341 339 312
932 545 537
52 490 981
563 228 814
607 117 640
607 618 148
406 611 471
939 729 887
703 516 822
144 114 752
916 137 531
84 983 513
436 786 988
583 887 773
766 171 193
373 757 495
950 538 389
285 992 500
954 344 299
597 781 894
710 314 426
460 646 258
414 491 990
117 977 413
344 47 70
411 459 942
475 685 327
837 927 421
337 70 597
392 789 995
431 957 378
939 400 293
641 11 41
723 41 810
198 707 714
631 599 675
975 360 650
200 424 154
694 157 251
889 50 280
903 182 645
806 366 33
494 138 216
224 997 181
565 136 212
794 565 296
83 378 544
298 27 565
839 796 934
789 51 361
553 838 883
66 283 124
473 841 129
567 860 570
992 488 154
299 410 823
716 155 714
117 456 146
875 147 594
576 985 186
932 918 826
174 143 51
13 378 525
160 528 520
156 80 174
534 544 614
807 175 496
206 641 501
633 750 213
728 636 9
606 482 425
332 806 219
761 221 392
283 961 861
168 702 235
556 578 975
623 125 933
119 749 206
243 906 57
625 3 9
606 326 436
757 514 44
184 540 154
535 265 651
120 30 392
358 831 701
867 719 495
517 157 654
434 245 920
196 98 192
922 738 915
971 530 257
888 606 436
339 355 561
150 192 681
927 239 399
233 732 487
763 200 227
212 825 867
210 167 310
128 121 401
738 750 33
763 303 831
674 13 998
192 299 701
958 147 893
307 404 705
998 960 725
712 636 952
343 697 663
616 978 402
802 11 983
199 784 800
711 302 437
605 613 486
480 515 221
299 553 442
613 349 493
734 807 566
121 10 860
438 560 33
227 229 401
399 216 466
186 887 188
404 116 536
277 755 829
890 180 135
709 320 841
439 116 983
981 853 608
657 713 311
337 768 756
177 688 942
946 254 133
881 962 98
359 627 563
31 81 114
257 587 623
149 433 814
708 730 896
186 676 680
994 416 117
127 642 49
407 1 311
131 341 32
942 103 344
96 526 701
374 598 863
71 465 215
62 95 537
552 482 215
36 935 163
341 465 32
962 693 581
929 584 748
856 51 250
975 198 58
361 886 263
902 751 621
186 75 398
544 273 477
840 834 488
737 964 283
527 571 149
59 815 125
72 498 204
775 230 916
470 311 117
503 621 748
911 403 644
712 900 110
525 840 342
856 209 803
299 454 201
437 744 538
195 303 771
842 655 213
338 178 252
926 180 966
110 868 327
432 927 772
715 841 861
45 425 275
956 9 218
762 557 724
883 206 508
432 752 976
236 533 888
767 202 389
229 798 45
222 184 9
770 150 589
20 875 962
754 968 979
329 707 362
211 309 574
684 367 251
874 222 359
993 599 424
889 201 411
575 40 363
197 834 832
103 84 270
802 367 794
309 49 633
217 849 872
653 758 913
328 912 935
599 357 197
501 575 952
348 181 187
693 16 988
470 207 75
531 610 762
978 117 811
447 444 830
668 292 639
109 737 710
128 910 683
47 838 562
780 18 817
861 958 121
102 6 267
781 231 550
604 529 643
947 86 822
28 157 824
559 506 95
176 735 289
475 574 845
267 103 928
779 613 693
69 814 680
980 302 611
548 620 331
204 637 940
860 563 213
734 662 970
147 102 503
921 824 891
108 872 91
131 661 705
849 543 401
541 986 217
291 54 839
267 938 499
124 316 284
989 687 628
597 328 687
338 237 392
440 840 817
696 611 574
646 61 544
5 783 266
234 952 419
318 8 163
37 338 914
212 10 615
761 521 910
707 407 937
463 901 355
428 46 542
19 183 233
378 713 167
387 411 341
12 342 220
534 810 24
300 250 878
99 140 197
865 759 809
345 112 645
81 370 480
321 764 514
367 882 278
695 251 525
476 928 209
411 127 937
208 875 21
394 114 686
452 89 510
687 588 680
612 677 993
184 157 746
830 86 576
429 396 150
102 716 44
709 69 120
286 326 695
841 366 896
318 99 112
203 745 333
220 663 690
478 849 29
52 920 14
67 517 421
242 996 59
488 649 911
726 466 595
897 242 553
426 94 885
428 947 731
915 518 786
1 345 570
818 794 553
765 996 372
406 54 917
216 201 962
269 50 623
582 353 203
606 814 337
244 160 532
388 578 872
982 411 982
411 777 678
325 149 63
438 704 478
797 593 106
81 924 31
236 492 620
690 902 899
737 165 54
382 227 519
832 723 767
100 328 123
938 929 987
18 502 356
289 390 633
594 524 559
671 223 666
408 744 270
157 325 354
204 690 482
289 277 706
310 700 26
916 640 214
597 721 913
167 334 253
838 508 945
281 384 839
857 750 211
35 217 59
144 225 663
977 289 897
491 771 85
204 708 455
974 328 192
784 400 650
46 315 296
733 472 336
170 695 890
260 280 214
258 642 173
763 715 255
26 271 153
708 434 739
857 685 654
106 862 651
163 888 166
198 296 130
851 226 899
908 851 365
327 267 424
462 11 123
412 643 27
439 667 168
397 697 679
466 350 248
864 961 493
365 93 53
611 897 910
181 798 501
124 698 597
707 221 9
424 974 398
681 416 393
317 91 965
955 978 207
464 342 30
189 671 470
334 458 506
887 183 765
678 987 910
36 517 741
114 350 603
630 508 360
815 548 833
922 868 335
60 126 548
112 721 846
14 786 697
190 89 270
759 823 318
313 531 185
693 725 141
940 248 430
373 281 582
220 260 60
560 946 437
672 757 922
116 288 285
171 635 47
572 110 401
889 625 22
721 166 879
554 17 505
666 444 201
266 240 563
333 222 969
801 722 297
176 275 191
280 691 285
457 295 135
128 705 664
413 624 243
476 778 721
205 995 847
739 114 813
58 643 567
869 989 412
41 760 641
558 77 763
179 37 650
946 878 79
352 611 119
261 66 448
649 201 86
898 598 538
566 944 505
601 527 540
554 781 421
303 667 765
52 757 996
14 696 576
409 977 689
569 945 552
847 268 660
541 311 668
194 197 744
325 849 202
357 993 853
80 372 795
981 272 72
628 11 103
251 990 906
335 222 999
587 638 146
817 611 891
839 854 417
351 232 474
744 922 923
347 780 832
371 935 457
482 321 152
649 119 551
87 400 77
690 922 290
40 503 284
847 686 772
621 706 292
16 725 606
220 942 468
662 845 22
303 613 98
641 630 997
220 40 318
941 46 473
706 53 428
403 263 594
217 228 518
55 503 904
135 224 157
737 852 696
743 634 51
778 582 570
889 543 941
866 72 788
526 623 748
524 89 159
431 345 612
316 268 738
977 746 307
33 474 358
1 473 413
576 216 407
690 139 716
859 749 572
875 335 264
805 407 777
246 579 411
214 847 562
601 943 152
91 416 350
347 729 415
494 584 559
804 80 925
205 855 834
123 881 599
654 910 183
117 698 43
502 470 479
783 343 199
406 469 907
11 567 603
145 722 719
48 821 567
640 587 351
960 532 45
22 966 345
957 858 17
956 126 793
86 589 208
70 251 369
916 509 326
721 252 187
987 986 149
695 465 91
6 476 408
497 163 650
73 145 673
379 587 244
698 242 399
818 704 54
278 447 42
632 199 325
0 57 284
223 742 439
980 473 423
204 385 145
772 833 906
965 296 612
895 346 668
73 224 845
796 892 128
790 205 867
220 45 321
515 315 897
416 732 249
48 613 960
931 928 69
755 641 755
823 690 76
746 359 322
758 755 246
993 933 470
282 501 89
663 31 124
901 919 149
578 958 147
701 260 980
641 555 809
42 974 882
25 375 928
368 725 910
266 221 919
633 647 598
691 655 826
77 832 364
89 746 221
208 821 400
355 850 272
455 405 834
725 624 938
706 884 287
448 152 202
360 662 684
179 209 38
474 321 986
474 955 967
349 247 500
763 758 370
547 421 927
722 493 437
543 770 550
831 787 931
943 268 147
914 381 520
362 137 857
761 449 718
293 340 181
962 104 677
939 717 333
271 601 333
805 629 146
842 868 345
622 714 276
323 446 311
612 854 993
513 61 846
276 254 791
384 922 820
193 536 119
956 783 966
790 681 909
383 692 471
176 387 76
725 591 410
663 104 788
628 397 762
440 515 924
66 242 990
36 93 806
303 980 41
251 485 673
879 991 224
435 628 626
164 282 289
442 596 626
892 319 992
387 790 484
949 958 526
821 628 266
618 776 997
339 466 362
546 930 113
758 63 74
595 622 121
155 889 596
306 401 267
163 599 955
439 638 861
350 723 449
790 326 694
313 387 18
509 543 702
933 135 691
317 976 528
376 699 946
230 973 787
272 362 985
452 607 443
413 275 579
62 28 85
61 454 386
179 398 864
285 664 531
530 387 210
999 184 791
946 421 264
558 717 46
476 654 166
18 826 346
519 345 810
142 332 405
865 223 91
488 363 921
570 806 36
720 758 239
512 865 35
604 721 224
745 602 843
317 558 457
37 725 321
358 846 1000
695 674 662
252 394 166
987 640 220
862 470 694
796 87 415
648 720 742
721 126 339
638 842 407
556 431 396
74 284 504
659 586 465
861 165 345
982 352 799
1 347 714
848 901 931
77 271 851
924 627 218
961 461 626
505 159 586
577 182 765
919 770 406
591 929 446
369 290 61
973 957 570
820 254 133
870 367 379
303 437 992
962 574 569
562 262 392
789 939 328
613 701 288
179 445 806
748 707 379
885 783 728
80 283 324
185 3 251
557 501 108
656 524 840
109 525 821
491 242 6
643 244 332
361 605 759
329 687 848
16 711 760
490 396 981
665 934 76
33 388 984
524 638 705
876 410 768
461 47 210
758 544 139
722 501 922
738 813 857
507 820 205
285 243 748
483 517 553
930 124 234
495 352 802
427 161 405
421 773 576
281 336 580
833 821 931
191 37 509
120 929 136
128 105 420
974 247 881
197 419 653
670 527 58
68 979 757
811 726 380
629 209 925
891 178 458
654 366 896
211 289 141
95 725 73
115 53 598
829 143 435
49 993 245
920 552 130
970 988 806
194 585 163
383 151 144
163 952 936
991 447 523
804 6 599
815 380 219
113 383 555
61 130 566
58 332 428
821 515 608
360 628 831
528 611 734
440 382 825
362 5 741
384 683 520
850 344 395
316 611 768
39 725 715
512 216 190
375 77 911
489 697 316
615 621 407
111 971 56
603 428 543
306 608 274
317 782 813
584 590 569
680 19 248
674 714 491
123 358 290
176 465 188
483 696 259
590 987 685
549 696 777
533 462 602
482 572 442
256 805 972
552 762 732
25 723 248
108 926 356
321 339 61
334 886 235
214 260 869
309 576 980
62 122 766
620 144 581
798 745 222
691 347 989
391 654 5
937 585 370
22 992 748
131 411 53
409 735 86
311 359 579
475 487 578
572 962 68
323 23 298
257 75 910
677 862 263
93 495 647
573 236 585
834 264 124
574 552 315
822 623 703
891 32 309
955 692 503
201 77 306
421 382 152
820 806 562
647 5 623
424 971 240
674 133 873
190 444 650
744 621 260
219 8 951
399 718 23
104 609 718
931 118 66
299 760 575
443 949 746
375 515 233
577 276 385
789 711 261
9 445 284
730 265 664
625 963 330
29 187 268
141 128 593
409 249 493
399 299 572
120 890 749
378 932 731
318 53 702
924 826 166
391 366 988
156 189 746
808 527 995
781 549 479
329 16 619
868 61 644
453 991 79
644 830 738
867 978 660
950 158 726
912 272 728
86 332 128
837 24 86
949 117 114
213 415 179
296 804 311
162 283 942
701 479 816
549 49 50
536 151 652
976 135 665
589 590 71
338 764 526
823 791 266
561 470 21
563 617 108
943 156 311
297 577 64
223 167 666
790 692 819
335 494 657
288 514 416
691 910 292
27 288 958
870 230 262
983 71 301
264 593 289
392 815 328
177 869 71
34 795 213
299 203 893
50 657 198
375 437 726
586 825 417
698 156 950
52 138 971
793 283 84
477 323 264
413 622 323
198 746 988
795 728 200
822 970 674
987 710 543
445 882 780
373 974 541
796 289 366
594 899 956
774 428 664
962 819 660
424 196 753
533 305 351
266 913 949
414 262 107
687 736 496
66 600 129
373 995 351
756 357 704
377 149 780
738 319 942
723 281 345
534 384 527
438 242 973
580 941 329
834 839 340
886 653 925
251 560 342
963 219 620
425 832 306
104 163 570
8 905 786
471 594 316
914 179 379
848 723 730
857 886 541
162 829 577
540 386 889
858 689 837
433 355 495
563 768 806
641 446 701
691 150 957
99 341 556
920 784 509
660 95 398
65 584 959
895 473 214
248 4 74
496 883 541
101 516 227
681 8 605
160 259 780
907 791 871
203 61 965
890 802 968
574 440 622
134 641 834
519 286 684
669 920 236
477 232 35
641 332 599
314 529 511
114 554 460
30 348 898
18 693 681
82 105 844
275 881 389
444 157 429
476 33 535
874 767 218
365 129 755
825 389 372
982 994 557
830 342 352
476 683 584
427 480 724
857 780 319
320 75 477
719 980 595
819 113 961
421 727 482
742 592 606
548 845 530
407 860 897
394 592 114
916 391 321
808 266 623
444 825 241
2 718 410
975 54 319
812 622 458
255 46 929
539 479 323
110 125 859
264 480 473
114 118 298
683 873 354
235 291 634
880 169 310
605 278 901
12 620 297
985 159 774
701 966 668
760 983 612
632 114 465
138 926 319
196 925 816
649 931 76
616 81 734
696 177 209
761 561 410
840 135 842
194 799 939
491 456 97
799 428 695
776 47 437
935 759 216
522 453 552
320 319 989
154 595 37
872 595 979
382 984 293
32 729 856
618 750 503
326 482 138
704 649 439
60 48 571
879 752 839
726 137 569
227 54 748
246 858 928
517 704 366
984 725 542
826 95 933
653 858 920
763 190 117
546 95 814
732 502 262
488 729 815
695 17 94
457 717 689
324 996 753
430 333 345
58 630 487
237 382 329
312 809 234
700 233 674
453 526 164
193 800 248
865 629 686
47 352 184
977 336 270
497 281 922
700 869 666
268 572 52
527 278 801
467 249 943
946 339 290
21 356 680
357 488 806
632 318 557
355 636 762
454 341 692
449 298 994
975 551 689
880 452 423
394 20 49
575 125 90
244 83 301
869 74 835
256 682 191
199 314 712
453 249 276
997 432 154
621 249 551
493 319 42
87 77 14
241 144 867
196 782 46
86 62 85
916 322 709
109 565 456
988 910 304
530 836 559
523 32 143
569 779 341
714 194 690
592 788 285
919 235 208
351 481 942
108 924 498
736 83 251
657 165 30
220 930 228
586 142 188
596 632 115
450 877 398
451 4 232
238 823 53
586 779 167
223 154 354
55 591 161
890 826 467
532 439 744
246 684 510
208 387 918
280 677 958
446 63 953
401 764 439
645 763 534
807 76 186
702 433 930
76 959 20
227 434 263
388 919 335
490 202 538
880 26 930
589 224 459
361 383 77
684 679 236
331 468 638
859 825 669
823 174 201
376 371 651
871 467 923
473 638 347
968 534 840
121 561 83
687 34 516
387 383 362
415 559 945
59 54 767
109 902 989
934 406 341
450 951 62
369 215 309
238 410 742
42 696 992
661 581 174
122 371 465
26 231 367
97 165 282
505 337 670
378 955 501
56 70 14
560 716 335
410 311 670
75 197 936
548 921 443
807 55 687
96 673 7
603 719 27
797 500 504
130 707 549
560 793 311
106 353 29
194 644 28
232 37 118
694 821 684
331 404 185
35 897 526
746 702 915
588 220 370
396 618 716
945 97 546
446 9 122
810 90 854
706 692 129
47 635 698
565 303 668
589 908 820
148 699 126
360 500 575
92 408 434
137 276 877
37 358 956
405 893 580
868 927 154
553 12 977
54 338 931
555 658 657
828 883 820
44 850 714
770 556 156
336 326 100
884 646 684
538 657 487
297 127 961
244 78 431
240 385 79
15 780 913
539 399 159
196 502 582
238 572 875
409 347 990
472 458 398
388 406 585
252 285 692
165 468 149
11 289 965
174 686 666
979 762 235
118 740 569
660 12 422
269 163 577
980 967 886
658 763 824
379 722 654
459 802 361
353 654 979
384 607 91
285 102 250
511 231 516
280 745 941
932 353 154
47 386 910
803 195 571
135 852 643
968 698 487
833 949 249
474 107 539
842 67 778
910 629 247
509 281 166
135 801 97
397 615 24
598 429 307
641 83 267
886 651 899
367 417 92
737 257 418
629 989 704
227 627 545
319 661 114
90 298 509
976 848 250
205 403 348
128 190 866
246 73 480
223 998 487
671 399 431
614 704 325
738 318 262
782 314 928
749 428 557
992 461 739
539 964 998
252 848 305
899 890 684
565 2 659
740 304 987
764 349 847
821 850 391
828 993 666
91 463 432
699 983 813
864 907 183
245 722 703
424 663 530
310 711 583
368 991 750
324 926 918
123 769 191
764 295 835
52 187 432
174 47 973
958 6 631
65 188 530
67 569 179
660 279 222
118 826 620
166 195 339
46 470 173
765 944 93
451 490 569
939 385 874
722 849 97
911 270 931
697 586 118
26 980 600
811 272 291
702 127 664
127 949 960
366 726 794
715 107 749
403 203 885
307 572 986
563 236 927
234 383 67
501 765 187
869 579 495
712 606 122
395 73 580
745 997 977
737 6 810
194 926 322
831 647 235
361 544 945
530 343 80
595 680 882
114 405 998
567 482 230
257 338 58
338 102 392
926 692 540
466 421 244
244 402 932
442 491 503
807 410 393
736 802 321
580 27 276
655 188 431
766 724 150
775 302 731
643 664 782
567 191 536
937 697 455
183 404 655
916 820 638
461 713 751
500 522 280
366 795 905
726 563 512
648 85 368
519 368 986
330 154 217
426 351 852
398 369 693
595 166 903
520 16 823
736 666 679
420 29 870
36 554 288
806 45 233
549 765 574
694 532 437
347 551 230
855 912 183
69 316 615
613 767 351
63 300 163
129 173 879
464 483 178
532 788 646
58 281 860
567 212 384
739 316 960
48 716 252
848 787 274
118 596 909
220 649 26
322 808 454
213 510 866
483 202 694
851 705 355
665 375 405
123 746 874
600 892 674
172 688 820
13 83 611
83 107 87
456 231 47
919 324 220
967 377 139
902 101 458
38 242 546
465 72 769
429 63 803
191 109 683
205 517 311
506 607 479
109 485 639
120 439 472
433 275 381
669 151 164
780 283 46
749 542 471
189 813 548
975 963 356
473 315 163
951 913 764
155 77 956
312 742 38
138 649 581
650 199 149
399 292 661
569 424 637
429 385 114
81 237 106
788 762 984
448 34 389
859 679 991
408 121 143
286 498 330
689 419 181
846 412 277
506 884 421
743 828 968
845 307 674
475 627 852
407 702 270
486 346 248
754 98 526
549 632 863
305 515 703
893 626 413
963 535 506
378 776 370
713 181 520
432 912 547
959 668 613
436 51 616
461 530 690
289 236 481
760 755 788
928 452 773
861 987 815
565 723 278
845 467 595
601 813 236
468 958 300
115 906 300
199 243 906
121 194 406
134 17 998
299 987 378
976 398 725
439 344 249
266 392 258
117 127 790
253 946 105
676 880 648
379 460 679
291 771 254
870 859 436
878 572 837
465 120 436
77 495 239
348 667 545
618 994 593
49 629 402
592 371 762
540 687 74
631 258 49
242 901 453
39 417 168
411 92 963
535 10 9
318 221 657
794 124 577
262 139 675
618 374 199
863 704 468
245 553 988
472 720 618
734 45 189
276 776 237
130 855 382
447 542 15
958 782 826
419 116 949
249 557 339
187 552 995
462 601 130
896 924 980
144 198 458
277 824 761
153 134 766
917 938 706
769 777 943
799 75 520
100 250 175
29 596 949
20 139 738
526 883 90
976 620 683
814 81 587
288 734 700
719 190 345
865 470 373
861 325 242
13 547 569
511 692 146
87 897 16
200 233 791
840 845 876
861 676 581
307 603 647
138 255 686
375 903 369
541 616 871
0 774 370
574 540 224
496 486 844
956 553 261
752 998 837
768 158 832
298 675 795
612 655 270
614 49 664
155 324 654
951 171 641
44 185 960
45 792 217
666 942 941
679 212 518
157 806 854
328 624 233
637 810 516
180 393 21
848 325 175
915 273 332
304 346 222
979 394 577
671 963 84
311 657 495
322 659 730
467 286 373
30 372 680
314 677 284
878 169 799
40 613 103
966 299 410
611 776 869
723 242 420
362 260 39
321 819 840
500 720 338
548 992 133
526 417 92
894 19 51
139 715 570
645 387 379
458 599 843
871 15 987
487 293 26
645 17 993
833 579 454
417 78 794
153 242 51
434 374 69
481 414 209
832 795 991
40 677 729
827 559 8
626 887 542
245 703 417
178 73 144
700 56 778
694 72 409
302 129 946
844 68 222
731 565 248
242 900 646
827 89 113
165 419 149
103 300 541
53 724 827
971 644 799
90 322 689
354 535 325
136 88 222
40 956 143
824 793 72
347 26 800
566 840 495
175 717 996
12 826 923
710 253 605
839 807 325
997 665 770
27 14 896
310 619 391
137 274 763
860 753 392
331 42 661
654 403 865
668 910 472
733 927 882
247 981 503
812 31 824
984 404 204
911 663 782
57 341 520
739 756 851
395 923 990
497 681 970
675 230 188
327 225 157
671 523 536
3 223 26
539 389 94
910 836 449
70 540 238
659 399 460
419 513 144
174 11 26
14 575 610
719 946 724
419 485 655
370 170 215
872 514 279
99 660 51
358 108 734
998 657 528
294 367 907
611 570 595
151 363 64
171 563 300
368 211 855
862 181 489
586 310 127
754 711 15
8 991 29
565 77 304
426 647 79
5 632 245
877 957 325
412 762 640
804 283 852
538 437 679
559 834 831
200 725 856
792 167 795
698 771 40
935 628 414
92 682 953
86 524 464
423 970 998
626 259 160
750 483 362
203 738 240
585 567 678
972 841 924
278 547 73
297 625 712
653 817 800
186 625 791
748 232 62
850 512 94
395 920 603
359 563 662
138 176 118
834 102 308
341 586 602
441 973 423
765 966 607
912 571 977
215 678 91
361 376 24
654 372 17
1 401 368
356 944 604
423 119 295
423 773 442
763 116 513
862 613 543
0 78 776
585 750 992
350 324 125
599 605 186
436 450 265
305 495 217
907 668 731
970 883 346
292 681 661
296 329 733
567 179 352
795 608 816
786 60 573
433 679 987
164 440 925
683 453 696
598 758 695
401 534 426
631 141 818
816 29 370
328 813 706
564 882 959
121 326 559
650 364 528
180 773 795
624 145 377
315 143 197
87 724 50
88 388 421
901 69 643
832 280 353
909 682 12
307 62 179
590 868 91
807 84 141
126 323 602
762 279 384
450 995 793
823 287 345
352 6 696
985 111 170
883 83 996
312 234 488
163 79 132
719 78 118
887 649 224
265 174 179
799 473 123
360 82 848
744 566 318
614 500 500
597 184 634
298 345 54
595 804 269
671 466 190
786 257 894
569 643 663
891 841 27
788 90 454
764 219 631
892 48 882
96 833 193
21 760 324
61 600 19
756 414 889
568 555 878
412 454 888
592 300 163
547 762 780
1 418 344
353 817 341
719 696 160
809 938 117
24 847 575
665 842 53
675 957 318
743 266 698
621 492 628
138 853 162
295 124 198
970 292 436
912 814 462
549 459 499
796 332 334
303 265 857
674 380 289
124 138 755
110 630 750
254 576 308
168 566 490
350 190 944
489 92 990
860 462 804
395 226 842
509 479 652
940 439 477
652 620 730
191 828 259
27 653 501
619 965 639
302 622 759
869 497 812
761 394 450
501 636 394
139 409 707
817 417 575
638 30 143
141 280 212
458 473 5
476 268 561
348 329 861
966 762 162
273 251 153
386 130 935
115 695 216
642 0 322
68 789 756
280 166 82
451 742 434
279 577 193
923 334 114
378 475 307
148 3 414
401 979 212
524 787 496
6 357 870
335 44 340
698 627 827
14 967 835
838 714 570
769 936 712
437 484 654
564 588 418
27 375 172
473 800 485
96 397 614
798 467 989
442 890 742
564 860 414
985 961 309
945 501 542
802 427 689
138 285 122
723 442 584
761 213 498
350 435 141
965 459 325
651 329 699
413 790 735
382 940 976
621 497 371
356 951 232
13 263 993
79 88 989
805 437 133
490 265 6
338 695 493
53 3 808
790 891 997
929 626 749
317 270 818
802 89 447
399 496 896
647 813 252
860 719 885
435 403 298
974 378 167
336 965 38
834 787 764
598 870 339
704 214 710
639 485 542
768 774 84
96 719 77
152 675 159
78 394 803
309 743 546
15 101 17
210 17 215
254 962 498
840 323 641
70 665 938
702 685 146
51 259 137
654 588 523
441 201 467
329 341 237
927 707 968
297 446 143
833 232 79
911 854 683
113 653 613
147 667 411
260 775 704
557 590 679
281 289 498
515 314 451
310 517 996
643 845 537
419 290 610
680 658 99
597 125 679
723 882 659
686 413 642
902 92 251
439 592 539
789 96 888
558 67 628
355 78 516
889 366 203
330 458 965
535 296 11
976 801 601
438 640 825
93 728 223
641 42 398
480 527 997
114 324 285
272 262 837
139 55 539
804 662 124
440 171 53
758 313 198
422 460 590
493 564 114
435 392 433
90 881 750
747 702 998
861 78 991
941 462 652
246 281 106
681 833 566
813 625 837
857 643 35
94 829 494
529 582 485
707 119 906
822 790 43
854 30 1000
391 953 691
751 447 31
442 38 104
687 680 590
184 575 321
149 408 505
562 45 685
781 398 29
454 240 66
284 803 22
258 569 791
655 757 284
963 532 331
6 442 473
937 656 586
65 58 683
722 689 120
65 919 22
832 589 993
443 280 488
362 420 357
666 928 529
714 753 513
961 445 96
250 653 717
56 406 368
565 211 49
923 555 963
228 643 326
601 428 580
688 891 908
526 369 845
550 842 804
144 940 762
149 106 879
356 88 310
657 671 523
653 34 633
701 247 810
443 975 978
313 951 559
570 256 337
337 738 452
817 783 423
663 289 928
898 451 139
152 718 287
171 862 786
464 24 150
139 900 498
469 658 185
534 309 862
263 620 759
896 457 344
463 472 801
455 800 222
573 92 312
782 461 208
774 475 937
949 760 955
417 211 439
90 816 650
811 721 810
607 705 801
883 667 594
854 588 303
263 269 23
2 61 488
602 759 277
979 131 812
149 652 841
799 867 234
8 356 677
418 185 737
754 441 219
886 996 680
61 526 376
359 684 129
1 970 614
70 151 595
283 957 158
789 247 55
997 633 709
551 876 803
680 917 152
360 939 145
404 655 381
146 642 927
855 151 361
743 113 605
138 309 626
56 446 499
941 101 811
546 280 396
562 52 367
341 53 547
357 598 497
17 551 849
225 947 119
417 809 410
697 975 210
123 372 580
264 222 504
62 700 809
766 447 21
206 364 401
560 534 816
299 376 992
477 572 27
917 503 610
320 206 128
990 621 339
825 567 695
944 999 848
416 907 344
199 810 630
570 926 960
618 99 200
897 783 62
819 894 986
572 581 830
745 777 451
595 972 835
370 239 143
140 827 528
244 926 769
205 825 684
279 842 958
161 667 620
738 809 171
528 882 803
541 628 622
337 903 932
291 467 120
783 150 182
411 508 106
98 526 514
288 602 399
339 772 493
649 416 419
57 217 169
269 923 677
701 37 7
989 532 975
742 881 61
40 94 472
177 39 594
235 549 783
465 206 728
688 243 924
855 284 530
524 67 836
303 112 805
481 100 790
578 275 173
603 216 44
399 239 49
757 405 381
899 755 241
802 485 104
711 522 265
530 117 433
637 557 811
832 858 270
72 864 355
213 527 450
964 861 256
202 856 159
748 907 439
64 286 789
155 659 221
701 668 22
429 966 626
499 674 149
237 919 311
891 789 816
845 828 331
934 487 425
977 499 92
541 947 261
855 950 760
487 248 263
163 323 673
151 152 732
636 103 287
743 87 82
115 885 37
413 504 214
465 388 981
517 943 409
786 698 283
849 158 187
916 129 541
658 44 535
51 969 859
443 834 64
353 637 897
295 847 818
53 206 832
725 719 693
345 89 485
52 129 607
564 638 199
813 166 381
379 476 100
564 331 153
547 121 770
981 182 523
640 880 32
925 987 80
224 41 277
606 238 504
208 276 774
253 591 774
251 806 352
670 226 47
196 85 362
897 65 388
804 655 610
329 472 200
559 470 33
607 895 165
727 240 33
522 216 211
704 55 198
264 516 87
158 77 564
265 146 116
602 601 41
685 924 753
218 694 653
471 426 866
878 707 577
599 129 516
781 382 70
169 497 456
104 35 740
52 541 431
117 699 636
493 533 517
808 496 895
481 717 646
922 118 207
570 258 811
153 579 175
487 955 541
158 274 751
987 655 739
260 532 783
257 507 762
472 840 747
400 611 832
438 622 904
893 514 595
615 583 55
209 735 958
584 605 235
371 169 27
12 35 603
187 925 757
390 117 213
668 836 631
213 194 988
481 939 559
170 93 935
652 25 193
35 495 628
830 745 719
604 207 946
894 520 257
36 852 439
75 571 941
824 708 871
10 658 336
696 71 997
842 292 507
176 925 538
728 962 156
472 24 374
256 378 104
385 380 524
26 489 591
626 499 217
878 67 334
443 82 53
985 507 949
910 921 511
609 736 790
355 395 653
388 548 21
36 845 319
328 753 575
469 258 719
874 107 540
103 126 540
222 217 126
846 876 419
945 383 795
844 406 102
994 882 627
969 669 727
782 322 958
321 128 88
699 962 311
144 360 189
423 62 424
577 340 202
516 773 753
935 980 184
277 304 203
710 792 918
336 678 786
258 490 703
985 327 222
452 953 642
739 370 300
882 510 282
549 269 662
843 33 246
223 266 341
157 453 111
564 724 923
917 234 703
757 584 892
307 908 617
104 868 329
688 301 393
622 562 367
675 908 733
644 874 499
912 90 498
0 735 993
220 202 646
556 188 644
584 245 734
814 827 586
109 69 622
853 285 291
923 306 533
486 632 842
852 679 987
639 954 441
226 127 599
342 861 619
615 887 802
200 208 250
791 304 280
557 743 162
606 228 69
17 63 376
391 903 775
226 436 125
920 433 562
345 450 248
91 606 754
194 122 904
796 358 633
683 430 441
605 408 241
144 80 464
709 787 330
378 767 139
173 482 28
97 529 845
591 270 313
498 938 905
184 953 454
913 458 461
309 140 964
102 398 87
864 95 901
42 697 854
863 275 441
855 115 646
941 219 980
21 917 433
510 45 401
86 941 511
395 872 836
425 283 544
589 75 306
708 62 302
402 241 717
642 45 530
958 17 801
909 449 419
235 237 687
612 631 405
607 294 908
62 608 352
20 560 653
827 564 331
880 852 195
700 149 332
684 62 799
393 289 931
654 434 581
107 435 745
364 339 170
629 219 218
63 204 972
260 371 816
24 552 722
849 140 970
674 814 429
4 885 313
603 111 110
185 804 555
415 817 517
24 937 840
395 418 54
15 345 537
923 374 105
684 217 973
472 482 452
48 914 628
294 900 527
631 675 616
332 6 652
331 317 699
405 176 548
359 67 534
770 715 243
2 740 141
802 926 401
393 827 886
55 790 247
634 560 616
369 872 364
917 761 869
176 867 108
688 179 20
536 365 475
142 260 955
723 662 540
368 634 698
845 13 937
134 43 893
803 350 764
510 971 133
870 414 704
560 800 854
498 964 54
409 0 830
955 304 201
460 443 575
304 452 432
94 991 919
741 919 939
520 683 762
869 755 448
426 64 702
878 813 621
895 145 773
714 341 839
790 741 351
449 452 802
213 498 201
331 799 566
740 635 168
542 919 893
535 837 252
666 917 581
592 904 744
703 649 825
228 357 894
605 62 627
903 861 750
63 308 233
591 77 604
823 64 860
200 727 476
353 211 316
649 843 482
64 838 906
49 178 688
55 44 870
893 53 274
25 378 529
669 607 504
251 435 165
801 217 872
416 954 503
975 595 184
306 617 367
143 17 67
936 648 28
734 588 431
311 114 705
638 41 106
8 494 953
202 446 451
586 604 267
294 125 460
346 796 75
904 606 559
364 227 147
121 960 465
834 482 623
629 10 975
103 53 263
901 349 745
246 891 988
164 840 204
409 994 269
865 142 969
534 326 402
176 623 570
756 261 641
338 286 716
64 89 833
593 761 199
556 731 626
285 277 718
574 98 632
161 743 636
104 395 693
979 25 858
960 782 194
373 896 292
374 825 217
484 937 216
920 926 655
577 659 968
685 259 701
577 708 121
326 651 652
765 953 764
566 238 166
305 952 636
554 988 365
230 955 703
906 154 654
439 68 178
902 968 195
433 214 202
955 798 548
48 284 608
649 791 63
991 191 835
757 223 236
856 127 755
216 97 474
791 54 989
6 512 261
17 781 830
600 645 569
497 251 449
396 681 413
535 952 214
998 781 528
550 420 379
324 431 102
745 20 549
686 959 885
661 303 741
466 88 657
914 270 598
181 344 126
292 659 128
52 731 932
121 375 424
475 274 934
392 530 528
770 584 781
628 342 294
330 47 792
577 896 97
742 906 623
497 652 91
835 248 324
948 295 666
102 498 895
502 220 537
479 154 652
10 536 736
328 440 8
241 87 282
693 73 14
476 19 437
173 33 512
906 363 697
175 790 809
655 160 295
178 209 489
510 115 419
29 650 468
984 137 843
376 851 682
278 4 734
294 593 200
932 764 585
671 44 895
412 392 175
263 342 824
670 515 703
122 841 133
465 393 649
513 368 713
765 212 959
507 721 873
897 68 640
429 229 67
262 333 460
876 415 475
230 309 139
148 681 668
640 284 962
405 440 968
227 618 544
975 586 106
409 799 41
918 443 475
340 661 160
197 909 484
91 739 659
341 753 827
102 466 425
477 298 709
514 340 34
513 408 268
955 318 914
578 131 227
986 52 528
382 34 204
758 502 581
587 149 823
293 62 716
227 219 242
148 738 487
925 27 138
337 735 791
227 274 524
508 916 37
836 523 941
364 974 46
416 730 388
96 501 685
631 678 555
654 508 724
121 205 398
779 758 207
7 771 347
919 815 458
470 539 541
143 633 16
331 10 224
332 822 657
720 603 140
944 553 278
477 518 937
294 169 257
539 544 712
23 140 84
461 44 464
835 779 811
756 621 619
99 63 426
192 480 649
485 70 55
155 478 480
81 203 126
455 658 917
35 416 150
361 856 184
975 739 911
33 152 518
949 10 168
723 289 478
458 889 739
292 957 43
430 700 176
904 664 724
235 212 296
313 325 762
396 149 903
396 604 632
123 210 781
554 315 811
547 58 94
933 613 458
405 222 812
454 244 231
153 503 994
867 453 758
634 845 269
690 592 806
80 631 188
776 275 752
264 930 732
259 75 291
205 749 308
888 792 217
874 503 708
717 27 180
268 68 138
283 825 188
583 829 965
993 123 695
264 680 851
346 921 572
34 181 252
967 133 549
962 959 101
755 759 721
971 231 297
980 417 514
830 469 445
454 165 538
412 430 773
833 256 782
723 334 372
495 132 421
797 647 379
114 753 556
381 105 575
379 894 8
324 526 147
662 865 34
1 264 408
810 477 29
568 820 963
434 874 697
144 726 939
264 119 822
26 509 951
835 326 252
998 425 841
238 736 329
552 797 435
449 148 587
815 634 857
393 574 710
806 593 872
155 893 690
861 885 880
167 710 539
130 485 600
425 946 711
221 572 857
736 816 772
503 147 409
556 199 678
514 822 187
389 19 794
192 902 165
107 133 478
807 224 876
369 409 934
830 809 682
348 106 885
583 266 930
840 47 318
439 104 827
244 257 738
280 60 564
930 104 717
143 536 771
70 785 919
111 488 921
445 434 460
976 752 888
668 848 60
752 23 661
53 757 638
259 621 466
805 564 902
524 361 400
753 337 19
66 50 33
618 428 811
464 74 210
750 426 48
196 905 786
174 436 275
804 653 627
336 822 331
931 610 232
82 663 793
476 529 551
356 560 682
15 108 800
502 427 181
962 321 909
38 853 906
679 787 295
351 357 81
551 517 640
268 160 355
189 788 730
338 758 789
733 333 732
598 900 776
239 34 600
291 622 538
612 480 5
431 664 754
72 623 859
635 317 202
499 719 263
63 900 489
714 830 802
776 358 237
333 654 472
330 564 887
757 508 365
543 752 220
883 996 768
803 816 138
179 635 76
640 847 364
622 83 462
92 646 414
321 898 635
480 768 579
401 863 533
986 790 492
373 164 235
329 721 708
995 518 977
748 147 613
721 351 184
947 986 696
282 241 515
689 340 24
792 663 826
241 67 757
746 481 436
501 561 638
829 957 172
419 458 674
970 798 908
965 543 911
214 137 756
203 855 419
875 54 455
232 768 621
828 875 242
157 877 909
934 115 552
406 63 151
234 775 501
82 92 501
860 806 765
758 473 848
397 328 542
391 344 423
266 309 205
267 675 263
649 643 107
720 897 552
256 80 618
524 426 851
96 258 565
222 878 767
137 114 449
36 952 953
224 317 447
310 413 579
347 524 356
244 676 732
853 299 868
68 101 422
715 291 586
867 362 763
442 200 91
246 178 608
962 684 812
555 69 866
18 48 657
280 609 119
458 759 198
454 507 370
563 523 671
382 44 435
70 129 856
763 146 540
683 605 541
381 207 704
444 531 928
816 444 385
593 711 470
891 437 577
527 594 74
744 218 150
747 194 823
325 493 721
832 621 134
433 46 511
687 541 547
989 871 687
409 646 266
962 600 47
647 502 828
920 457 598
653 536 88
599 919 389
249 243 715
333 846 560
838 412 466
9 350 389
2 276 573
626 760 517
729 559 783
302 102 357
993 454 697
633 26 367
473 387 933
78 870 653
205 34 996
19 833 559
274 111 224
57 679 495
777 384 537
625 615 674
854 12 513
25 946 906
291 887 507
747 963 570
364 588 709
511 441 522
578 519 740
520 141 223
301 845 653
540 892 861
388 72 530
498 276 277
810 282 541
81 942 224
50 982 662
105 923 184
88 59 69
636 898 728
25 586 33
204 679 632
446 351 359
900 143 452
266 214 96
346 543 197
762 705 846
201 419 201
439 887 432
488 134 174
692 238 216
577 63 104
679 585 304
296 953 736
393 32 93
486 338 539
288 230 437
339 566 213
112 254 9
405 657 124
829 342 959
274 905 484
999 811 56
346 999 242
390 442 203
834 323 268
935 858 302
656 291 160
913 519 397
371 877 299
459 645 338
846 726 505
687 921 62
624 297 627
366 365 108
812 891 843
933 20 86
125 402 744
520 280 647
518 671 717
613 39 593
574 269 166
507 100 827
851 264 592
433 927 492
685 623 865
584 721 582
778 279 491
885 946 988
534 632 97
428 218 687
531 158 104
699 794 729
500 17 711
106 739 68
876 637 214
410 873 631
859 195 363
993 585 992
909 568 538
173 999 710
526 274 999
732 976 489
941 461 850
472 392 852
846 243 893
417 921 439
87 754 104
478 851 434
883 151 253
678 225 497
561 184 956
413 315 76
187 941 733
180 481 963
314 107 269
185 946 930
365 400 636
695 363 644
560 601 137
414 775 136
734 793 330
607 590 889
965 775 466
997 115 179
222 534 95
162 989 737
762 545 600
504 576 560
169 494 759
697 475 271
626 581 79
189 160 809
755 985 803
412 385 799
200 684 416
24 836 275
951 554 683
280 871 86
846 575 988
767 739 90
894 164 648
360 473 250
436 720 521
205 115 552
264 42 35
350 276 459
313 106 467
392 99 667
146 123 271
546 846 243
855 712 457
562 801 113
539 208 950
878 401 155
298 72 160
431 117 454
769 393 301
0 462 965
280 135 286
918 226 262
626 676 307
503 114 701
158 230 105
844 961 65
112 183 821
258 461 206
393 244 644
258 190 483
297 474 953
147 257 631
226 877 711
919 467 707
128 4 127
936 159 901
53 580 660
373 289 975
389 238 254
841 7 432
777 21 960
233 640 737
466 547 868
17 763 620
233 51 831
561 2 707
68 290 246
73 272 170
176 980 104
321 742 251
159 479 908
500 318 440
320 291 242
429 577 863
298 603 648
387 698 526
894 565 683
147 300 925
149 253 20
445 758 11
323 67 361
18 499 621
58 113 393
93 700 336
525 603 43
511 667 561
460 350 382
190 272 633
894 3 579
560 180 306
277 87 173
716 517 923
97 293 82
457 395 526
155 634 56
644 899 930
701 466 607
318 169 309
155 306 153
966 468 356
9 309 407
266 195 800
730 418 13
705 978 85
749 752 646
734 834 297
58 825 857
549 266 725
70 236 152
424 413 798
690 265 585
616 506 343
519 723 709
652 1 269
360 682 237
900 901 67
505 778 479
819 625 96
216 703 271
127 67 859
813 620 565
736 227 634
904 71 83
266 598 805
25 29 691
472 552 769
721 313 523
246 509 818
523 853 582
346 369 83
339 191 533
247 593 352
67 400 953
744 554 33
316 231 397
615 910 495
141 966 589
449 651 108
464 607 121
150 216 412
816 847 565
499 498 604
197 963 608
135 756 827
717 126 847
707 610 717
494 141 284
310 525 70
213 145 288
252 113 800
257 964 789
381 823 787
241 696 408
311 121 160
754 750 621
502 142 62
419 472 14
639 594 743
319 953 307
254 84 301
905 813 669
354 885 27
761 269 196
984 143 647
87 750 28
454 529 336
644 70 836
200 529 691
422 921 880
247 314 755
793 160 48
369 934 87
864 725 955
486 308 482
167 122 853
293 846 629
649 625 78
920 255 703
88 533 347
362 201 152
580 787 924
400 986 195
443 475 198
772 975 118
369 264 172
112 562 929
181 885 918
560 498 122
983 697 344
155 288 627
840 558 23
509 220 588
224 84 657
372 746 168
74 795 386
5 703 732
585 691 193
225 298 587
403 650 316
618 157 136
741 917 348
894 838 468
796 296 254
901 320 306
172 126 939
895 214 18
518 537 708
904 60 110
342 278 597
212 204 268
169 717 692
809 892 29
760 272 760
896 855 918
490 346 234
130 747 448
477 472 748
602 354 914
944 204 286
333 293 809
837 446 891
1 462 765
730 618 253
236 394 56
650 531 452
434 941 754
444 176 780
110 406 171
672 148 972
521 842 660
856 793 907
630 897 80
226 868 693
690 283 329
128 352 775
573 620 532
497 756 651
217 740 821
485 273 452
836 90 815
226 728 910
406 262 162
262 471 304
982 990 486
782 11 386
157 117 235
475 212 297
577 997 551
899 621 205
949 464 991
969 553 845
305 878 183
575 747 62
870 272 618
692 821 42
278 744 15
74 274 989
947 661 894
236 32 331
730 111 442
125 254 48
809 440 617
819 914 491
163 465 228
648 389 179
111 721 905
875 740 17
387 901 683
699 651 172
456 316 248
439 635 697
938 460 315
383 263 658
548 549 736
638 631 74
100 990 102
663 238 605
796 302 716
216 267 351
961 264 351
440 694 537
535 508 312
47 772 227
275 634 315
119 720 368
642 640 984
429 215 87
148 869 778
212 217 435
676 14 988
311 593 6
395 601 166
211 940 808
931 955 288
314 489 488
311 798 816
477 940 855
945 440 145
423 51 856
559 248 185
381 627 357
644 15 892
437 246 587
794 517 559
479 750 7
790 40 145
634 304 183
524 296 68
977 790 240
936 383 150
225 482 992
365 288 537
560 551 790
380 894 954
499 209 797
188 624 772
463 793 493
83 3 444
376 131 121
70 575 135
157 272 572
10 811 676
101 976 750
649 176 477
922 979 469
337 873 190
517 853 58
702 735 193
521 214 668
322 579 848
377 86 12
829 253 803
686 458 626
412 876 871
610 480 958
223 917 785
450 283 45
511 929 364
932 917 937
11 42 633
918 306 867
478 176 423
856 250 15
428 80 961
963 385 190
111 577 231
876 28 371
118 199 788
969 409 660
128 22 851
998 502 994
286 369 333
959 339 411
209 339 32
290 180 532
416 157 804
676 114 494
22 517 345
442 201 322
176 695 641
436 521 520
303 933 19
314 313 776
347 174 245
314 165 294
583 556 685
282 358 887
553 70 93
619 573 172
919 401 407
396 818 332
805 618 464
694 723 623
936 703 373
611 372 393
60 516 713
546 428 318
506 356 758
947 885 928
229 875 416
864 78 721
67 810 740
884 282 941
185 452 774
123 764 734
175 163 294
465 422 61
594 426 771
513 543 113
581 4 338
967 360 193
654 383 34
522 256 674
869 673 92
811 555 761
665 314 75
56 673 23
295 317 136
312 352 808
394 586 590
724 427 479
582 721 555
839 595 528
998 867 888
242 424 238
436 810 996
978 133 268
567 929 712
324 973 143
802 774 127
673 145 813
434 129 640
78 977 497
972 663 942
904 434 941
466 355 839
907 280 700
630 404 599
623 700 576
538 532 367
269 655 80
19 683 248
769 645 943
43 278 261
657 911 894
469 49 687
983 852 178
533 287 232
708 210 523
803 502 191
669 925 772
723 48 138
643 663 479
653 579 724
894 363 361
491 106 915
313 81 684
828 155 398
927 725 540
239 844 957
888 546 403
198 928 245
690 86 625
905 415 411
168 147 720
910 791 634
928 896 411
756 925 586
141 954 74
428 137 769
136 112 285
558 530 125
281 424 789
275 628 178
866 974 944
305 602 179
800 491 685
103 394 848
832 421 679
700 559 824
588 360 421
939 96 170
47 763 529
32 698 639
829 459 143
204 47 88
880 513 720
123 484 340
525 606 59
313 304 151
797 457 330
275 68 607
945 600 310
26 976 317
341 771 478
189 829 941
512 225 488
750 969 490
532 715 228
632 124 703
438 737 562
432 139 376
34 63 979
257 170 631
473 197 137
610 743 232
747 32 11
251 595 840
925 538 604
894 656 833
313 466 720
609 61 95
381 990 754
512 424 147
940 285 606
365 752 354
793 662 52
762 924 295
800 721 973
186 601 762
670 937 523
161 36 166
371 910 654
724 25 105
519 96 78
214 883 657
547 599 12
475 548 315
680 626 564
675 41 524
198 389 186
286 683 65
753 362 522
622 276 260
301 494 402
940 127 689
713 57 90
288 305 710
153 512 671
640 450 156
550 127 923
113 335 458
629 453 613
994 857 565
770 595 369
224 338 745
3 572 906
377 411 388
525 875 14
433 431 189
317 888 997
931 437 123
238 676 300
894 442 242
683 537 876
874 151 975
432 829 806
253 217 231
471 589 781
830 998 917
394 340 562
609 861 78
254 989 645
317 600 603
156 533 273
534 957 588
235 908 821
286 391 159
244 695 385
66 710 14
59 657 141
34 805 145
414 264 351
304 852 241
89 887 709
452 772 516
95 54 795
398 974 236
749 290 869
227 909 479
892 917 442
339 898 32
652 721 458
3 480 516
147 410 458
748 209 528
952 912 401
115 131 951
0 281 375
500 86 581
953 740 208
165 269 619
565 110 695
766 469 112
448 678 915
215 275 983
67 335 724
285 580 117
870 413 166
590 610 969
981 679 241
3 868 634
993 612 73
844 705 748
791 113 47
835 252 358
220 109 750
997 490 316
154 489 774
308 400 625
491 875 66
675 8 581
612 60 777
210 81 768
129 380 541
285 510 641
300 741 891
739 180 617
283 370 454
189 93 64
17 175 979
835 728 357
59 20 834
40 648 6
708 667 388
901 15 605
492 182 375
123 559 743
620 145 363
612 843 76
330 406 809
775 954 87
664 535 529
901 176 433
683 989 176
944 531 498
746 496 38
346 338 904
838 273 310
149 924 401
486 336 636
740 15 248
381 941 592
265 926 286
112 447 993
150 768 366
402 845 25
852 476 122
616 933 801
37 975 299
171 755 188
421 381 819
988 737 637
664 438 585
913 558 788
745 390 451
567 151 434
550 645 980
559 855 52
999 52 587
288 449 449
814 120 964
696 159 472
828 397 968
585 91 418
45 142 551
709 257 769
413 821 881
48 536 761
364 437 390
160 227 582
713 719 611
3 874 322
701 883 998
967 78 452
767 996 719
295 605 639
648 45 744
283 187 389
700 411 349
363 313 47
606 350 154
996 140 697
182 558 942
596 334 188
574 697 656
874 876 1000
546 320 420
743 21 410
296 987 942
302 408 168
726 188 318
428 858 606
641 912 853
817 627 714
424 287 944
324 726 303
695 105 362
73 676 96
771 652 75
75 295 769
628 543 356
233 430 591
781 724 445
53 891 893
522 482 958
920 273 529
546 47 499
883 436 126
431 311 240
53 18 96
184 750 164
323 544 922
732 301 717
915 843 520
128 471 563
333 383 624
561 39 910
870 6 377
718 369 122
977 29 435
128 41 858
453 861 891
50 377 250
158 291 549
49 852 745
706 465 851
989 21 521
364 325 573
102 680 707
425 107 395
617 760 258
945 51 483
292 777 881
101 739 181
569 735 52
129 977 110
398 70 84
789 467 176
614 127 856
731 303 572
986 303 220
872 659 384
943 738 677
491 352 831
770 122 923
914 818 406
563 33 795
583 547 293
684 155 875
951 76 198
323 287 334
757 155 151
41 391 912
934 173 621
632 33 811
90 244 262
439 936 337
458 302 587
582 297 183
69 20 952
412 93 569
25 941 309
182 248 231
840 351 976
555 353 956
517 938 221
303 4 53
407 106 959
106 561 909
105 6 41
656 573 862
790 519 630
963 74 919
145 235 522
170 164 507
675 401 188
890 505 146
175 574 688
95 676 760
343 326 150
997 572 364
792 823 112
268 602 409
943 704 509
61 169 69
53 415 264
488 675 22
471 899 263
843 157 699
559 334 114
295 394 502
127 877 666
70 596 632
812 357 747
988 571 578
753 738 291
734 76 327
206 307 297
673 271 54
440 260 530
950 473 162
327 968 141
487 23 532
642 54 783
8 554 469
136 537 218
408 512 831
126 813 552
713 228 330
837 328 763
990 941 347
863 598 752
66 172 66
583 274 373
255 776 637
740 430 80
472 33 113
437 276 243
655 935 784
471 190 620
867 226 805
385 660 789
757 540 242
474 588 771
66 877 390
185 553 98
926 608 681
481 134 239
107 823 547
409 877 856
666 469 84
225 488 829
879 373 741
122 176 269
991 683 702
999 628 926
852 815 531
462 320 752
605 315 967
221 317 514
252 114 953
496 281 693
254 938 573
995 647 657
607 914 803
978 483 943
775 984 15
763 63 487
383 736 357
619 403 291
329 593 44
402 965 959
324 617 846
827 471 966
