1000
7 -108547 491057425 19563
19 -183751 526758389 10664
23 -189689 475388982 2470
19 -190210 551834884 16806
15 -154994 441128396 939
13 -143759 476491751 14500
25 -186016 411844331 16818
9 -118550 476558355 6169
11 -146856 524673426 19081
10 -154353 673156319 13040
16 -176517 572990264 11814
7 -104347 449127534 14568
8 -113198 452089692 1809
23 -180551 388264054 2159
13 -152299 527273447 5020
25 -230392 658051388 16197
20 -190547 553306013 10078
10 -121735 426715974 6696
15 -163994 483120939 14259
29 -240487 541381003 16797
8 -116434 509633486 10324
20 -173852 409020878 3554
17 -185902 541918966 10789
15 -144658 424282811 4941
13 -150233 508445068 15926
10 -137995 575311723 2813
23 -203350 513753278 18442
24 -215651 594099836 19017
21 -212815 611526432 17737
18 -196614 624012957 4106
18 -173059 483208777 17607
8 -106136 435244504 19438
15 -188203 595946880 13127
11 -104433 287247493 13650
7 -106721 570317552 4043
14 -141008 417432201 13664
22 -217926 617753530 7175
19 -212948 646365873 1642
9 -128130 527651980 17710
10 -105979 354418111 15260
16 -157584 486585540 1072
9 -127182 564298972 8453
8 -128267 555774994 4783
14 -151623 465511492 18836
10 -105700 343042878 9152
19 -193798 558923873 5747
17 -143671 355162189 18901
14 -131248 336837095 15295
17 -164039 426387920 14219
6 -78286 322478483 7911
14 -178988 681587591 8393
11 -145600 546269040 14081
28 -214472 483790415 16863
9 -119052 494896919 6774
13 -112638 286150233 7757
15 -189007 655020656 5436
26 -215993 498970259 9607
11 -154920 614564238 680
6 -73686 280872710 3785
13 -139375 472357583 16528
24 -239368 707360030 10784
14 -166368 540225459 8824
20 -191955 522567554 17576
8 -113983 468182276 6592
5 -72968 349153114 4912
7 -99579 452124799 13075
17 -188900 609554818 10577
5 -91976 463264840 15908
13 -169638 648777056 11816
8 -115430 474408760 1682
6 -90877 450994461 3518
26 -241958 639227701 16818
17 -174763 558163307 7614
11 -110933 350563339 15153
18 -171685 520668650 1575
13 -134601 400410787 17292
11 -138228 515228332 6035
13 -152417 527939216 9721
12 -127400 372524031 17324
41 -280905 502388066 8204
25 -205046 478119621 10558
12 -149722 548083379 2976
5 -79556 405080978 2804
10 -123228 456245136 2214
11 -132093 437733356 16246
24 -221749 585008864 8600
18 -167330 454022344 2702
6 -100662 499289169 5858
9 -122829 478632548 3246
9 -126286 515050958 8772
34 -276448 609868177 9495
11 -145826 572603202 15418
9 -106219 370638745 6904
23 -196669 517938553 14823
13 -136874 445585486 14631
10 -137666 564154641 8428
23 -202170 524195223 6058
6 -94713 456861047 3838
25 -182449 361097912 17027
9 -109392 397313927 18515
13 -157030 530201515 19740
63 -392404 694146919 15923
11 -139545 493046597 17333
16 -169584 513103002 16475
31 -275363 696312677 14681
8 -113454 418557826 2059
11 -101761 273512039 2494
9 -112947 412110136 7355
9 -124047 533375456 1702
14 -187750 684388087 2911
20 -195335 550521533 12292
13 -165812 569925444 4166
4 -58342 279337512 8677
23 -184469 391270004 13011
20 -198134 598196034 3573
11 -150416 569416679 15093
32 -267497 635309461 3782
19 -186841 557802079 1452
10 -141124 603569184 16939
18 -164478 449531836 18304
9 -115478 445706576 818
25 -231239 604787455 4420
12 -137060 428080715 2553
30 -220412 483087542 10905
12 -112177 316284497 11112
12 -151590 541231016 12106
17 -186002 560028621 11926
37 -303339 703014135 7120
14 -121531 324546960 14318
17 -204651 723916051 7076
21 -188549 480019708 6329
10 -153172 675398155 169
9 -125358 516405784 18905
19 -191203 561387228 15916
9 -105652 367701364 12388
6 -76756 315566498 19080
10 -117609 414637583 9678
10 -113597 415597756 6334
7 -88423 355759222 4988
5 -82088 381689621 242
5 -75862 364403149 13304
7 -85826 334735099 13126
12 -152390 546208315 8374
17 -158311 396934596 18428
19 -190163 507216248 3767
37 -227603 384495695 11350
11 -150649 573782051 14688
5 -88011 502607553 16405
10 -154098 694930635 18986
6 -100819 541032082 17526
22 -201127 516398924 15343
21 -195298 517084531 16014
11 -148351 618783468 19634
14 -157565 521792299 5108
16 -196303 678853686 7530
20 -187110 544714071 8810
12 -145710 550822947 10645
16 -181695 605490537 6431
15 -166174 536567820 16938
16 -175609 528613325 7347
7 -101462 443810846 19459
7 -104855 468930726 10121
10 -153793 676880117 11208
7 -112573 547295081 12356
10 -138010 593744300 18278
10 -104445 316645238 15601
7 -84225 299170779 2394
24 -254182 710195936 13281
16 -178119 535963112 2532
20 -219916 672219277 9430
22 -228089 635424692 3675
8 -116144 504090397 8979
52 -320775 532701194 5964
12 -127896 386384889 1766
14 -159498 534705684 15286
10 -113323 368105386 10571
8 -116735 545533554 8358
13 -152765 565478041 9713
19 -181812 478849802 935
8 -116966 501869219 17698
30 -212429 407162170 17843
10 -109477 338554529 6342
9 -127638 540015007 3972
5 -76871 345844641 16557
32 -271702 651777294 6056
12 -131183 418358564 17355
9 -111243 390226302 4734
10 -144637 598684233 12967
15 -163789 506207980 10542
17 -207229 658146431 12790
8 -114713 530477965 12475
11 -125631 428265135 19451
14 -146842 424477399 1066
8 -105356 394760996 14817
25 -240567 653060359 10627
9 -124001 531995632 17562
17 -181056 559135339 4714
9 -104376 345814620 5587
9 -119833 511751997 803
21 -166642 386085247 10867
6 -79549 351470699 12639
14 -147611 495483717 8137
12 -156815 569109334 17349
22 -181560 419564778 1696
21 -199249 501091082 1367
7 -91167 362688642 16867
22 -200664 485562226 18447
14 -161324 556011219 11746
16 -166232 481973615 17529
8 -124107 520514585 4658
34 -260015 604195073 9331
4 -61491 322218037 131
5 -85758 385560551 4228
19 -147798 348516730 17229
8 -99621 365622955 10071
20 -198900 543570845 3942
45 -323852 693801458 4480
17 -202122 666807775 9788
25 -219438 531496674 19320
9 -124166 497742598 11677
16 -162181 487839517 15029
5 -75885 353535527 724
48 -312941 552296754 16050
25 -227724 563074821 1099
16 -145711 432281747 5554
25 -213461 486964370 10676
11 -140566 482532201 19585
13 -149548 503787265 10244
12 -143856 483483848 8932
25 -236725 663665019 13482
9 -133646 557160986 3904
10 -142892 623216213 8865
19 -201605 674778303 1624
25 -180061 350740866 9381
6 -106532 529055561 16756
13 -182096 716133087 19340
9 -117015 425923168 12228
6 -88022 373085554 4520
10 -145591 647194574 16550
20 -191263 550943353 5500
14 -155163 514100237 16051
9 -125295 467687453 2297
9 -126616 491704401 12050
21 -206183 555912728 1535
8 -118271 555058611 1920
7 -113203 563551715 8453
8 -123247 568525096 11885
7 -109053 450917556 8623
5 -80042 429638753 5013
8 -85959 299968108 14343
20 -180816 464295694 8546
16 -160227 438566849 14073
16 -166192 535538825 10673
7 -100222 495964394 4373
9 -133654 580548687 13339
11 -120492 392461377 6108
10 -111831 404766921 19591
7 -97712 428175720 6813
15 -155402 499747225 17112
18 -167521 443710003 171
14 -137572 347791127 18256
7 -104970 506758017 19917
9 -131455 542276488 133
13 -164030 607772135 10137
10 -150381 639475333 4334
11 -128280 460936897 2680
8 -91023 322308889 19434
8 -109302 470092076 11780
54 -311260 506722752 16789
8 -104794 418933133 332
10 -128569 486306591 372
15 -187737 663778897 17635
14 -161176 496649883 15089
9 -111796 430656265 6909
18 -173712 505326657 19302
10 -129309 498401665 12847
10 -116531 383702378 9153
4 -58415 283127719 7731
7 -96656 365861364 7242
10 -155333 654993455 901
15 -175490 643996249 4543
17 -193594 630065301 919
11 -143765 529513393 10268
9 -111650 429140146 5131
20 -168907 418594437 18826
11 -161620 698858212 8654
19 -167056 405133856 1820
12 -139198 469161344 4624
21 -224728 688007451 19073
12 -126517 392144181 12658
10 -139638 559347589 17441
8 -124873 547520515 18019
13 -167082 608795307 3917
12 -158094 574245867 7300
25 -216658 527945865 8879
7 -113353 571356899 7132
12 -161123 693224057 19963
38 -286048 598180385 13757
19 -194949 537004139 3694
6 -89246 445949931 12317
30 -253330 622334700 8272
11 -153209 638744547 5095
8 -121601 574761050 14026
11 -138254 476239113 16112
6 -86503 411031816 8107
16 -182527 559965251 9119
25 -175688 380604384 8924
14 -155170 519143532 18298
18 -174178 514516475 8671
12 -140849 496012078 18325
12 -127658 399570198 19110
10 -139667 604525956 7011
37 -286576 625305323 5578
43 -288566 601955676 15065
8 -129899 626008472 3270
11 -118085 379905804 13167
27 -248408 641598526 1566
9 -102757 333988628 340
12 -141749 485191539 2986
11 -121791 404682388 12026
21 -192256 506490135 6201
17 -165593 487891941 8878
4 -71995 368705106 17918
31 -229739 470290205 8450
7 -94970 391825074 9421
7 -119421 602173423 1425
6 -97850 528476537 13950
21 -212087 573603547 16773
13 -153509 520565929 1166
43 -304839 555323797 5426
35 -282802 708207840 16940
18 -199833 624816212 1220
8 -118365 507775545 11179
19 -154351 336000169 16501
11 -128983 446138659 13870
10 -132073 490545135 4738
6 -79979 365901151 18219
9 -129565 547403967 7310
13 -130269 370848532 18163
6 -93912 447721287 761
19 -178355 444624453 6620
9 -120571 451348457 16281
17 -187525 600027880 14035
15 -162121 470404036 14950
23 -169403 323732688 11023
7 -96153 422076481 8833
17 -208934 666361084 5457
20 -181298 459836021 17151
13 -182974 683634151 4652
24 -206646 481109183 19351
32 -240790 495200649 10219
6 -74578 280759073 11605
12 -139752 494345328 14760
58 -341812 521370445 16820
16 -161870 507642481 5947
14 -168794 548290565 116
18 -183513 531765530 11289
16 -152197 414808221 14399
24 -203670 500990538 17313
10 -144281 592757471 7889
19 -159674 385338488 13347
13 -155623 570108537 17338
6 -80627 326051022 15308
28 -234649 584638678 17956
17 -151073 415751098 18106
25 -211292 494710968 15840
6 -90426 426953067 2591
19 -173800 447423416 4645
12 -123823 350035898 7451
9 -118244 441961437 1474
6 -91766 402586646 15781
10 -132426 518167838 14521
9 -122506 479551910 5768
23 -165359 379214316 13452
7 -91937 370563957 7285
8 -123348 525373637 1833
31 -260415 614454680 14774
9 -126321 579929863 6204
5 -89738 515764154 16061
14 -175181 596640008 12686
10 -117238 397124749 12210
10 -127725 467628235 5394
12 -151828 572792210 18884
47 -324168 606970733 5448
17 -187706 536572543 15209
26 -217665 529311921 15584
12 -148883 586731762 19330
22 -191871 499890403 13099
15 -165202 475208967 19736
16 -169849 488534232 10801
12 -147192 501051366 3608
21 -149460 312323953 7040
33 -260167 601104096 1424
33 -216916 410093500 18843
28 -239083 548970359 6361
15 -172775 570214496 14924
39 -277657 578878081 13856
9 -120126 495147021 17704
16 -166750 476345581 4279
19 -210446 668394365 1381
6 -105342 550285059 3940
15 -142549 385907235 8798
10 -109333 347168900 7867
29 -251056 624913319 4
22 -195367 501983162 4831
11 -138019 494206208 19005
6 -75270 268541194 12906
5 -74214 363886158 1252
7 -101601 430874853 9115
8 -99923 374104499 3974
24 -214214 544570156 12555
8 -84995 283705011 16637
7 -104432 495401769 3476
14 -145557 453961795 6328
9 -148649 686993328 16854
10 -128690 490532721 19586
5 -71926 299207370 10791
16 -157457 462442124 7864
54 -361150 695841155 4389
14 -176435 622574197 948
12 -152216 533287181 5868
29 -201276 402316638 14178
9 -121491 466883530 6312
9 -111873 404359935 8846
39 -282861 589164549 6224
11 -143008 555860407 6981
10 -131641 521055543 2634
19 -179980 502799942 5323
20 -204415 624333869 16526
15 -157930 452651121 18979
27 -229351 561905822 4785
7 -104927 443078853 15087
12 -103991 260774579 17790
8 -124074 555317913 19142
25 -219587 577123305 2547
18 -174967 501409411 4476
12 -141326 524711793 4474
5 -70782 305661087 6974
13 -168027 583874085 18596
7 -95987 414827521 14134
19 -196275 549565599 3425
14 -169700 549110972 9926
22 -192929 483812761 9375
45 -320701 639749588 17713
26 -174501 306090548 10934
5 -90146 492918640 15736
15 -170346 512887362 3733
46 -309640 590949636 9287
10 -149320 580283812 385
38 -266245 534549373 5895
11 -152146 579829092 19909
8 -129404 575631643 6896
21 -192705 510264484 3156
19 -172408 470773625 18422
8 -90195 297921956 3448
12 -123370 387816633 4990
16 -130867 311979159 17169
15 -163624 478021673 4865
5 -74731 331943654 5974
7 -111487 491871927 14123
50 -346307 641824002 6097
20 -179387 440214011 13493
9 -141634 677453862 9288
15 -139320 388779963 8200
9 -116397 453430543 7304
32 -228471 468356085 4118
19 -185888 497751693 17863
20 -194894 570504711 8509
39 -292931 589660967 16504
10 -142932 609035992 11426
23 -197566 544674748 7253
7 -97552 423676762 5850
7 -84583 353845631 19407
11 -116185 369817323 6230
7 -99653 416489804 14982
59 -341319 558343934 18247
11 -145354 546294317 7285
10 -131281 453218095 5598
7 -113846 508850966 13333
6 -98711 481056418 4783
18 -189688 548252750 6239
31 -224629 465062086 15062
11 -157043 682495292 12226
7 -106734 472377959 9098
12 -140596 439347218 10855
28 -202825 427081763 5144
27 -254607 635027855 16935
11 -144834 527599418 19976
22 -214184 640604876 1435
16 -156779 434316220 2302
7 -82590 298896104 1542
17 -173231 521904707 11283
25 -201487 452399707 3992
17 -198570 620374074 16151
7 -109274 520798782 5198
5 -68047 305047676 12479
9 -115223 457492276 10745
12 -137327 448004517 14455
22 -224937 635617510 6362
14 -146724 459332830 2043
11 -137947 547804067 1242
14 -160029 548105868 7840
19 -190057 530024629 14202
21 -212864 609275338 16738
15 -180815 628794716 6592
13 -144051 440302909 19048
21 -195492 528235078 19241
23 -224311 616874272 18902
32 -268032 679157988 18520
29 -198039 408171574 14717
8 -114457 462878966 5260
8 -112779 513763755 9949
26 -237542 613781899 16641
8 -135885 673535030 12225
10 -129226 455564288 16279
10 -129060 476448493 2009
6 -103033 498216545 13604
10 -146993 613252572 4032
11 -142203 525186777 16835
9 -110295 419599707 19507
5 -90346 477353783 17030
9 -112342 417179192 3317
6 -93982 459180080 17888
15 -135119 336402980 13028
12 -146345 535125962 19546
7 -118678 625286102 11321
7 -87428 328247618 15864
22 -216889 659193638 13075
10 -114323 399043427 11631
17 -181738 575277059 16646
13 -137589 405408587 4014
24 -245752 679852660 16839
12 -138373 472763854 1386
13 -168172 599409910 16823
11 -149105 598061347 14961
33 -236209 470811308 12117
10 -114925 406788703 10393
8 -121905 565825498 16698
13 -154681 551466137 16824
11 -132505 480085009 2720
10 -113611 339042419 4509
7 -103347 429897316 9395
16 -176416 593369313 18250
11 -119163 382915319 11999
14 -147387 485337876 10919
34 -223275 440714949 6367
17 -141034 324290013 10058
20 -173593 405926685 7259
10 -120520 447241020 19671
14 -167939 624653683 10606
6 -90420 410534071 16105
17 -174634 543537872 4459
22 -202865 498474773 18044
22 -200520 540290152 8814
25 -223834 606097264 12717
12 -171118 683322750 3335
6 -75298 276677650 13939
11 -157182 702458821 10803
7 -98587 399768053 8210
22 -201656 575522866 16857
17 -205343 680697979 8217
31 -223813 463768271 3659
12 -166657 613741831 17652
11 -141877 568877076 14659
11 -111651 337896348 6676
13 -185068 744667805 3836
16 -157784 443471974 2788
12 -152111 551693351 14653
14 -176485 613994220 10697
11 -123130 366994465 15436
6 -98021 461664633 5312
12 -147946 510720731 12014
14 -151167 491233888 13753
9 -123389 525781945 12217
4 -66778 330446119 2625
14 -193030 692443984 19818
6 -102351 503938134 10119
13 -122580 314513772 10286
5 -83541 429051808 487
18 -195760 609623496 13584
8 -115788 457020004 11770
13 -150361 466244511 16841
12 -140851 479676191 19064
17 -166944 505583503 5958
41 -310941 669712088 5724
5 -91790 487531286 2905
14 -156947 540607282 19782
9 -110323 411176624 12372
17 -176314 527488868 10190
8 -125520 546710354 2697
17 -136899 326541162 12875
20 -212062 653408056 10416
18 -140959 297936063 10510
13 -161136 560175582 10389
13 -122390 321796404 18311
34 -278445 656609558 16303
12 -152251 538940078 10999
8 -110798 442609484 18398
25 -219663 564464656 14930
41 -278821 510107710 14301
11 -133841 478797983 11156
9 -135383 573571351 1234
33 -254331 539380094 14985
13 -137781 397555008 4907
13 -148276 452701845 12843
19 -214401 631542511 1793
8 -121394 517630723 18494
29 -235392 544008776 10190
37 -260801 521309247 14332
13 -118205 305624905 6067
9 -123576 441120410 9229
21 -181614 490420383 206
24 -188881 391106776 8921
7 -99921 445484274 11955
19 -182472 493006253 17680
10 -129349 496013962 17187
17 -189805 589691838 16615
12 -133066 431651018 10018
21 -197501 520217311 375
14 -157178 513705806 9838
8 -117049 514277937 6560
17 -168292 469313533 17476
17 -153798 394925400 2381
9 -120873 485223901 19869
6 -97335 524342262 11152
9 -132990 555472917 13101
17 -186162 646034004 6652
14 -146091 435452762 16344
5 -78418 391706642 1586
7 -95606 380022089 1001
7 -98156 442217183 17580
12 -129660 371957689 7494
15 -184891 684006435 12426
8 -123428 591856366 13420
13 -117815 335783471 182
5 -94511 494396150 2561
26 -234107 597857652 13102
19 -205784 675721283 16237
11 -117392 364506961 8909
21 -201954 529904285 14822
7 -96997 378305886 12062
11 -111904 346009461 8600
44 -298358 537655938 19616
6 -82458 322707575 19392
9 -127504 524223184 19295
7 -112965 527266606 13430
17 -182731 605361958 14129
17 -177129 514786703 15408
6 -102294 467106604 7100
10 -131319 510979562 15636
25 -187986 380640920 1797
15 -150730 454667593 6577
8 -94441 347118934 14731
13 -153486 499929831 4708
6 -95901 444966345 13372
16 -182535 642898297 17850
11 -152996 683398942 6861
8 -118804 542351197 18963
7 -99063 432455579 19354
14 -182770 648623009 12963
16 -165153 489899378 15989
8 -101455 406763333 10830
13 -146571 503658772 370
6 -93855 437861326 8666
23 -192652 485410276 16631
26 -176447 328578135 19863
18 -156620 374464679 14271
13 -134312 390261155 19704
13 -161524 581217552 5260
24 -235336 700019974 3548
25 -219019 550386555 1608
15 -171131 584876153 949
23 -197996 475636853 2130
16 -166889 490954080 17018
8 -118731 448648174 3960
11 -116463 366132013 3470
12 -118774 365417815 1078
10 -112050 358973410 5987
13 -117438 333837650 9023
6 -93643 497302907 16855
10 -128370 518730559 19390
18 -176711 514092543 19350
11 -140573 541424024 7746
39 -271380 529762315 6082
18 -157031 406530348 12145
13 -148970 480096179 12116
6 -93461 487064839 18986
15 -169397 564957195 10021
37 -288031 642334242 11092
8 -115988 444329466 10948
16 -194175 618010007 11086
23 -209159 503495700 19358
12 -148429 524002459 11559
8 -93513 341013375 11703
13 -134704 403543127 4099
9 -139138 615473834 17615
10 -133736 548281944 10314
9 -116241 489750117 18742
8 -94938 328567756 18184
46 -292087 572295653 2913
9 -107634 382410674 13517
11 -142178 549198129 7991
26 -193080 457403017 11783
14 -157251 461493492 10845
7 -123530 631086819 14876
16 -155415 439670150 19927
12 -149011 513137846 17677
18 -180136 542957331 1051
11 -147188 553204243 8767
15 -158240 469576090 3523
17 -180580 546192193 8806
37 -274183 521356251 16673
17 -143467 340362013 11454
19 -218364 699093504 16312
13 -140208 405010713 15076
9 -126528 525279981 3274
17 -167901 456554594 5580
17 -151579 411095372 12090
11 -134687 512748334 6220
14 -139973 413635879 17940
19 -223533 672979816 8775
6 -100328 531308633 3340
19 -183467 501228348 14734
32 -245784 566471468 12603
6 -98360 444591721 7102
4 -72478 349277825 2342
10 -126095 461547828 6519
10 -131685 489952188 19671
55 -340758 585431052 15792
10 -144633 613893985 239
9 -108870 389121202 2436
17 -171338 484672708 17023
20 -183516 501563846 12182
10 -133747 556617054 9573
48 -279050 455372174 2631
8 -106163 482735258 15521
4 -58386 278921229 11145
26 -227961 552791259 2524
23 -183278 415561592 1583
22 -216786 616588987 7656
8 -109301 430995525 11408
20 -201817 600788750 16676
13 -137806 465000850 17692
6 -90559 401395766 2446
6 -88697 397251530 8629
8 -95727 333760160 12926
27 -207176 430632330 19942
12 -144830 537458362 1012
17 -193144 613181327 10702
10 -149840 674485800 1059
19 -168529 424304544 535
8 -127889 565012224 15461
5 -90395 457730608 8177
20 -206940 568887347 16451
6 -100578 493899977 13481
35 -271455 596567286 19497
12 -170529 700887168 2892
13 -132770 398661461 14665
11 -115027 344881083 9704
10 -125039 443562844 19005
8 -107969 434163625 1190
13 -139160 419185447 16870
36 -274296 565635501 10290
11 -140823 534023321 1575
17 -155807 423574312 12990
12 -155481 588791885 6113
29 -206555 442028433 2327
6 -83848 395634247 9276
18 -191464 594986051 3068
7 -121470 603699206 11826
12 -133449 458430140 16229
13 -151237 500682877 12515
9 -105479 381093975 5088
15 -184024 615970745 19036
21 -228224 696642878 6831
6 -92728 451309829 17356
8 -134429 629964140 13713
19 -195419 565253107 13931
28 -240853 532961810 8212
7 -108318 559439377 3365
18 -198774 621716762 13633
16 -184844 586036917 3202
9 -110666 405613333 19487
12 -154937 536101811 10159
18 -192690 592734090 12928
7 -122207 603071542 14082
18 -173903 465922876 16326
16 -155965 426864635 18258
6 -81966 378386860 23
14 -156413 498552630 4013
32 -255749 546029075 2332
8 -127492 575935840 16272
16 -176064 532877285 14472
16 -183743 622689475 16729
27 -221845 488347868 10154
15 -169300 599867281 18644
14 -158242 504675098 5753
12 -168992 646561704 4034
7 -116357 502473187 5038
29 -262134 681446476 2255
33 -267440 590914857 4140
16 -174700 541683192 11315
6 -65567 252098234 2777
13 -112540 284842600 11189
11 -122544 406277549 17577
9 -107584 432930603 19148
11 -139007 520166728 2271
27 -243030 621283333 458
12 -156104 610157786 9681
8 -118649 504290601 12079
16 -180867 568929034 540
11 -130707 477410459 17589
10 -110357 357273949 16661
6 -79348 306846977 10622
16 -180830 569172754 19515
32 -241634 505046296 8397
38 -288962 629818842 4331
19 -196050 564784695 16780
6 -81917 360120352 17078
17 -180046 526579661 3972
11 -135767 525462433 11972
11 -113592 309664926 11713
17 -148116 329295064 7077
19 -160455 413086079 14619
17 -137393 344535474 569
12 -140499 493206476 6339
22 -206041 541025101 8719
11 -158313 662040196 4218
7 -84939 306396658 15200
23 -218567 651662794 7506
25 -180812 368612824 1910
15 -131176 338003274 4243
26 -246496 642692818 8006
5 -74547 335501248 15080
10 -109771 359059778 5141
6 -99834 499259885 7173
19 -191765 569358317 4505
15 -186786 627482136 4190
38 -271779 497683470 11214
8 -118847 550466227 1628
20 -208303 641866092 17964
41 -252779 445397437 14498
8 -125758 563665343 16711
17 -187543 585102971 11588
33 -243130 547793948 9639
21 -186130 495735871 11458
17 -149042 389672947 17753
8 -97815 386810292 13900
22 -181877 450214718 1704
5 -70868 286105288 6922
10 -135138 519644976 16939
35 -284195 629241750 15232
9 -118612 471987175 11905
32 -248817 556514261 8768
8 -130001 586125379 19625
8 -118889 501556186 7160
16 -190943 668786039 8450
8 -110018 485869198 7231
8 -123719 566013860 5437
17 -176567 510674194 9037
6 -89909 390324995 18977
8 -91011 308087582 13908
5 -75111 404962395 5358
11 -145323 493124051 3830
19 -165579 404971878 3494
10 -132810 499474282 13553
17 -181075 578897400 7050
8 -113355 461807355 15188
11 -126771 457840880 12698
20 -188385 496695369 16263
16 -186701 604420878 10932
9 -125381 571072557 12930
9 -107724 386393045 2195
6 -86102 436152193 9134
9 -126352 493025836 15009
7 -93892 381721021 12846
12 -156783 575494098 1167
69 -387594 598000894 14226
19 -219343 708101429 16007
6 -93814 503284405 17787
12 -116591 319459855 1630
38 -274286 532903518 13945
16 -157452 464979355 8198
7 -117524 564387102 580
6 -74145 290925680 7959
14 -159204 500732431 11295
8 -117751 479716865 16142
15 -162824 523943001 10142
9 -119084 462642583 15350
7 -108774 508085947 6401
15 -154280 446668947 1541
38 -277033 546565889 2190
5 -68678 280812241 16406
12 -112287 323762062 17957
26 -241170 634771650 17333
7 -103645 451039121 10026
9 -110673 364131923 10150
64 -381910 609136072 15525
28 -210354 446987805 16665
19 -205148 577839945 4957
11 -156455 617773336 4020
5 -75483 334279851 11667
7 -102591 415678989 18351
10 -113455 359985187 11595
12 -120012 356699434 13608
6 -86798 365878415 7298
9 -108586 408595703 11297
7 -108843 468044032 11765
16 -164863 460708385 6052
8 -114513 521228186 19099
13 -149650 501644352 3946
26 -212201 504622646 4850
10 -127527 492320477 17063
28 -265856 689458207 3503
5 -81149 444454619 12718
12 -128508 445696698 16459
25 -199702 468555179 5243
15 -181467 596329454 11461
10 -134122 479398001 230
23 -224573 643514614 10743
16 -144964 396546763 17907
15 -186846 638585234 5094
9 -133283 566344642 925
17 -191177 622515446 6008
6 -93702 516298579 12909
18 -200313 625194592 13073
20 -175450 425039759 17806
9 -121810 459643961 15203
11 -135347 557727607 6129
6 -91211 403596604 14432
14 -137812 387305208 13276
9 -124468 477249450 19446
17 -176371 527545028 12869
12 -114494 333046555 12259
17 -150274 375568970 17429
11 -128241 439070542 19216
10 -110091 351551577 15266
23 -230235 608780102 9328
18 -165504 419209099 6491
7 -102458 504319629 5890
25 -166017 330731517 17690
13 -150671 504737168 9663
15 -187917 662951683 13485
41 -286453 596583599 15401
7 -98614 445925935 452
12 -162160 597673781 17593
17 -167029 440829214 19416
8 -112741 433948239 6816
5 -76821 413851656 2806
20 -194772 557660202 4901
21 -197377 541245218 3597
10 -129303 468662095 3443
8 -114821 501484830 13242
13 -159937 615749602 1310
7 -97701 463450152 16631
12 -123568 400079362 9568
11 -121075 400284800 13588
4 -62287 296432908 9255
14 -163378 569999863 10662
6 -109966 566850150 4416
7 -106197 510922831 5267
9 -121014 498047756 1348
6 -82163 366445024 12758
20 -185963 503597017 10399
9 -115136 427613367 13140
12 -155538 523017988 11229
8 -108278 419555742 18536
8 -114826 517505905 13622
45 -268992 450703763 17135
39 -242029 418577914 11208
7 -118085 557289132 1723
15 -160980 509959325 6245
9 -107780 397293809 18147
44 -310079 610335220 17721
17 -179506 556809518 3071
8 -104185 431655398 1892
9 -103010 335959756 16423
26 -249678 667446591 18445
14 -182850 666171460 487
14 -169411 657077013 12661
14 -159244 525726191 4833
6 -92561 388472463 19796
23 -233864 655528506 10242
13 -154702 531403316 10548
30 -263513 671265209 864
12 -136013 435587748 1106
12 -157256 572067353 10549
6 -79128 314641027 15223
7 -116595 551282991 11091
8 -118170 463959751 14398
7 -96105 424807769 1099
10 -129743 519658346 4927
10 -126292 462572080 5545
13 -136227 396129860 1332
31 -260595 623486842 17269
10 -130879 507421030 9855
7 -116531 546780430 10917
11 -140005 546229789 12843
23 -206643 501073177 14751
12 -132641 479337665 15033
