1000
29 -223469 477956542 16892
7 -103115 451251232 10421
14 -166756 610833776 18813
25 -207757 483242745 1578
34 -246028 488846733 15804
28 -239562 604995812 16954
37 -240673 425529419 4831
67 -351166 502848220 204
53 -339621 604650550 382
21 -160011 363535084 5661
9 -111648 360680565 16043
11 -145856 558002052 10473
11 -132219 449592878 3108
16 -166889 475715048 698
13 -162122 575945196 19448
38 -268609 543141876 16065
20 -167254 406594094 1233
46 -293465 480222632 4083
41 -248137 449594608 1409
16 -190718 665934957 7984
33 -234960 455290613 11933
19 -189317 542792216 9451
5 -76498 330761854 9591
18 -194423 605096977 19815
18 -203379 657149894 5748
16 -206074 688890735 19676
43 -293037 598048062 7273
28 -222964 494533137 5396
15 -161864 493151805 12602
18 -181742 546411379 3805
19 -195965 580654201 4333
7 -104038 505573586 2731
15 -157537 481539136 9446
36 -294191 676132356 10642
27 -243528 633965583 5721
25 -184838 391873463 11011
17 -137000 336054082 3151
12 -125344 370927369 9662
80 -397305 567117947 15126
13 -151701 520481917 19674
11 -109022 302035778 13687
62 -393660 699152952 16678
62 -354674 570129039 10933
11 -133530 461308275 7352
22 -196607 480618494 12834
11 -144784 630555278 18682
10 -129722 494314301 12899
7 -107063 561207669 3034
60 -372655 591214186 433
18 -193173 579999707 12462
10 -135808 534164555 16247
16 -155906 437083025 3773
15 -127239 311902148 6700
14 -155551 482599919 16236
6 -89935 381574557 8096
26 -236699 647054884 3186
5 -98156 538916948 11124
46 -287191 545693531 4097
33 -272806 616303865 2270
17 -152324 386617866 8929
29 -242720 549388924 8847
40 -270349 492324108 8143
7 -123945 697834192 10208
12 -140218 463403161 4452
13 -164064 572471825 10875
24 -181430 424364449 10322
13 -166444 581873269 2226
23 -185068 449454161 8722
58 -325710 531175235 7707
7 -118196 567514922 340
14 -158490 535829641 17303
52 -315933 572789614 11044
5 -85331 423063888 1531
37 -251142 472196067 14612
10 -131988 496651314 19977
32 -219850 423786070 15021
6 -89940 409950346 18437
7 -119318 654500407 3994
12 -160311 596676255 10969
7 -86795 323516417 14950
31 -210445 400104579 8531
36 -295233 678347341 169
9 -107124 380067801 16888
7 -104324 518788274 4260
39 -249141 426189662 5631
57 -312282 461707133 1733
53 -320389 576638212 5021
11 -112576 335473994 19864
30 -239894 595308632 7136
29 -221235 526302991 13599
10 -126661 470280338 12824
11 -139379 505474866 15123
7 -94114 408163061 644
25 -244624 654537567 12813
25 -235777 633644050 16908
29 -219088 477514445 3709
19 -157925 393433892 6232
30 -213128 438079540 18794
15 -174073 529064301 2993
35 -295340 726361698 3271
27 -205957 461517316 12437
42 -304977 652969528 5152
16 -144386 370752299 15053
21 -177429 404386284 11826
9 -121000 515982773 19966
20 -209400 617708592 2623
6 -77395 312175861 19539
43 -306179 616455159 10022
8 -104042 372799307 9366
10 -133965 527265981 13867
28 -185357 352760696 19388
14 -195765 740230961 16445
17 -142904 334197836 7911
20 -197645 585425007 13254
9 -119808 461955830 14215
7 -118013 574240660 17172
42 -290734 606737608 9677
42 -306826 610296486 18670
25 -206678 438461704 7645
27 -194755 384061748 10751
47 -316202 624580279 6662
10 -133586 489897363 5948
7 -99338 399060688 18983
63 -358174 586244464 16702
7 -90009 355929135 1960
20 -166564 401789371 14344
10 -150112 687671776 17900
8 -113731 472205695 8464
6 -91236 453914090 10695
11 -117277 356218874 65
32 -236284 493498414 2968
14 -165462 506120210 18577
19 -186962 502822806 12605
11 -137668 528582577 11016
19 -210752 647621149 8105
22 -208586 578937095 4484
35 -300175 724582358 1572
24 -201634 474676838 15156
24 -203155 520301920 7239
19 -178163 444569324 3983
7 -84884 327763442 14870
16 -189579 628626389 7229
21 -177705 449151326 1007
13 -133706 380563178 4483
50 -265598 388091543 8114
32 -247572 549810446 16060
14 -169067 596521031 8728
13 -127079 364712407 16688
22 -207563 555773531 7397
26 -241210 624757950 17055
25 -230009 591228554 9161
31 -276889 710801348 6808
42 -219256 318228073 6435
37 -311304 718854591 3009
15 -179557 635762915 13342
6 -111140 586642219 12921
22 -167287 346215253 5965
8 -81946 282535017 17211
62 -290854 363002222 4258
12 -152453 606782633 6733
11 -136528 492151289 12374
21 -229708 704988677 10010
23 -192098 444967644 473
29 -251218 565711169 19241
21 -190193 455409069 19113
13 -130841 380470608 11075
15 -147791 368212786 15386
34 -238864 492842300 14045
22 -205515 590680773 9402
12 -136893 481758772 13888
21 -156735 328017826 15471
10 -101038 306524750 7969
33 -246252 482319534 4036
31 -252130 552198719 2097
31 -234426 499842834 13474
31 -239394 515650884 12925
21 -190456 471390198 17267
10 -136342 542741413 9179
17 -163965 476817005 9713
23 -207029 553011902 9667
30 -238682 559160475 9651
20 -205684 583668567 14864
25 -187301 420113480 2648
42 -318387 661075183 10198
12 -158190 568915432 16587
21 -186430 421573972 48
23 -197453 511488996 10921
9 -129652 560873941 16669
18 -192766 559133741 18330
9 -122495 489925682 19829
24 -197025 440127583 10063
11 -126615 410710368 9228
10 -120077 446330165 14867
16 -152047 427431964 5546
11 -124868 450754008 18779
9 -113529 428356439 3784
21 -179350 450015671 17292
20 -195385 552675527 15780
13 -131608 377761437 421
21 -180655 436255562 1982
26 -204902 433542599 14202
7 -88001 314257311 8234
12 -129168 409096104 19696
10 -136723 489129892 14281
14 -151342 506247928 10290
24 -211728 523721668 11961
29 -235434 528388708 13190
6 -92000 446737746 9739
32 -258000 598131881 5323
18 -174899 515608953 4976
6 -102240 500500781 6789
71 -355167 502812422 5006
24 -187706 439254016 4485
32 -255615 565148221 15050
11 -136766 499896489 7793
29 -265858 715896248 11350
6 -83356 365381739 9228
27 -204028 409166785 1206
19 -171010 441600792 12725
26 -251882 677643805 16921
78 -372868 491915640 5225
15 -160117 484669041 15080
32 -233843 502805566 12780
13 -150681 499696917 15720
32 -231984 442446426 12736
17 -187651 581536056 5243
20 -183438 517219653 2621
12 -107980 290594353 15438
67 -345299 509079066 6754
10 -115372 447906715 5047
24 -209285 515029254 9520
51 -252705 351462012 1631
8 -133653 643705463 18137
54 -301867 476340557 19156
12 -117848 308405544 8617
26 -187690 387443518 11198
44 -266164 463134539 6060
16 -136370 339955108 8265
11 -161959 679512286 11895
37 -272347 577895761 11014
6 -84738 359068335 16831
32 -223963 457973093 13505
38 -236650 461125368 4576
9 -115749 487692113 2769
18 -162147 457347212 14051
20 -182786 500379767 12263
18 -161017 387728606 3949
15 -172310 560262338 12082
10 -112011 388194411 8065
39 -301060 634728627 8486
19 -155996 343278394 15237
40 -273920 491836504 14634
21 -228678 655792843 3825
12 -136529 412589218 3072
10 -127526 499170468 3213
34 -248277 498681250 337
7 -89665 348579812 14815
10 -151442 624286810 15659
28 -207106 436727562 9952
10 -128833 471034590 14253
10 -104671 318389096 8862
33 -230797 425350771 10836
20 -198535 545319544 7275
26 -251554 643537020 7139
21 -177680 450608062 16157
12 -148469 547036766 9603
11 -138276 523799907 4628
8 -88449 319283944 2601
28 -244032 567210835 4359
24 -197672 479657631 14949
28 -203941 468402106 4324
13 -165871 619251502 19866
17 -202858 690795931 11769
37 -260104 516383524 17600
33 -247359 507553080 3823
11 -151326 566244713 18850
15 -166337 558949931 18264
10 -134258 558285822 10514
30 -210153 440465085 13760
37 -238933 449274122 11395
9 -121816 480278039 10587
26 -236478 607342594 408
27 -202967 437122262 15523
15 -174743 617630093 1031
13 -161526 589736808 5373
7 -82799 328405238 10980
26 -220410 537000790 6341
13 -172012 648686141 19832
17 -175242 524535651 17238
13 -158112 567796566 783
30 -211305 416241593 18941
23 -155020 295313295 1101
10 -123222 394080968 3139
32 -265266 616485032 11831
24 -212533 529636496 15815
33 -223500 432958338 9365
8 -95472 326774462 18646
7 -94911 413709686 4583
8 -115645 469146273 6592
37 -244435 486973780 6627
24 -223950 580569155 10622
10 -129906 516549162 3235
28 -234293 513819093 16096
23 -229689 605478398 11294
40 -267790 487068749 19906
26 -232981 612933543 4806
15 -179449 624123094 12864
30 -254061 572010366 19594
66 -400981 644639200 10469
7 -105013 499517445 8130
37 -269232 583507565 16744
23 -195086 469950611 7862
55 -344145 625260061 19909
20 -149122 326517175 5102
27 -245387 646288453 12310
51 -293522 456993780 17479
45 -343926 669344494 13873
11 -134038 496723980 9468
17 -198485 656441012 11296
50 -327718 573894102 14976
23 -203741 468984251 13274
17 -169364 457697303 18339
28 -194423 389889498 434
20 -173826 423187370 722
24 -201025 489354342 3848
18 -185430 536531558 6405
8 -121599 549217518 12396
56 -290282 437879027 5230
19 -193413 584728655 3544
14 -168414 623227504 10669
7 -104213 440727059 11558
10 -102986 326613979 5856
12 -139461 500627786 1365
25 -200891 465269585 466
51 -287757 467198895 10831
11 -130673 433888612 7211
6 -91764 473654178 15762
10 -148907 660969859 2289
26 -223494 499852021 15035
14 -170428 633454680 14151
34 -277939 661539934 847
9 -130772 497072770 13303
20 -169683 419836163 4930
5 -84785 445126011 5138
15 -161028 520146292 12093
8 -91802 286129224 9355
20 -168265 404834529 9297
53 -313662 484681514 1476
14 -113711 270995614 5962
43 -300606 550752986 1971
20 -172260 438530661 18806
20 -210963 602621433 17486
19 -212008 656952043 8003
12 -144961 528975795 289
9 -123801 514880136 2217
66 -372351 542886563 16270
17 -154900 410227210 11481
50 -338692 662361067 17885
20 -214600 641137453 3645
15 -198434 689993518 15244
25 -225681 537943075 10441
14 -186333 670972419 1853
17 -166189 467450826 17853
32 -229707 441269084 17760
31 -235299 488326978 911
15 -182236 682561448 2296
23 -166556 346292743 684
25 -182815 348995166 3563
11 -149380 580210891 9485
10 -111913 378386115 10027
9 -113322 480525337 15056
23 -255693 749210204 8228
16 -173178 557130561 19516
15 -152134 446664897 2625
37 -242874 438844976 11615
38 -317522 708177876 6356
30 -216090 446171743 17214
6 -94708 491124757 3693
7 -111785 513229797 12118
21 -173025 449915399 11515
12 -152849 521014709 13412
6 -92702 472335133 19239
18 -158744 384552730 166
29 -269986 687741982 9476
21 -194898 508590226 17686
8 -95171 352010796 15170
20 -192981 530058967 7992
20 -218528 684002058 16972
15 -129540 323151763 2796
8 -106764 472843610 10839
27 -191168 402382534 359
67 -366092 533377674 17606
15 -172086 607688512 2271
39 -263153 537618384 1358
16 -164404 480997462 6707
23 -211258 574940216 12412
25 -219415 594372333 16715
22 -179774 406722055 14587
96 -434566 562661207 1599
29 -252398 679763143 7662
18 -176333 514696881 290
24 -190286 461467935 6314
13 -156000 495677696 15331
14 -181599 636943811 611
67 -359790 546157013 10078
9 -107859 362140351 5479
10 -132821 539993952 10550
30 -228190 462496774 3373
49 -231049 289761181 15311
21 -197668 528849088 6999
46 -318892 592404754 3278
15 -165956 528884050 8278
24 -214813 608458205 16634
21 -204064 588630937 17273
27 -249959 628088711 18991
23 -218209 560718247 6312
25 -178283 375536927 9176
28 -230063 570019719 19818
10 -117189 387193024 8653
23 -189593 444009684 3092
22 -189717 438139386 1959
89 -448331 590599749 13153
12 -141825 507556639 1593
7 -102911 432347182 12738
9 -134027 501928276 9887
7 -113389 533423105 9627
21 -219856 649899643 2977
9 -99128 308364504 558
13 -160028 534010218 16141
23 -212572 544363875 14261
8 -117552 517888247 13305
54 -335921 577156612 8369
9 -118496 435245113 267
53 -365505 674918515 843
9 -123911 459378224 8751
14 -159006 492451486 12845
5 -81177 392333496 3502
36 -293371 662512256 15381
3 -48354 263214681 16987
13 -146865 481290888 1399
7 -104972 452003341 7849
53 -314801 512056946 18546
10 -99459 283942363 19301
26 -257194 689274156 312
11 -115897 383458287 10632
20 -147419 309505347 8203
28 -175529 314669825 12455
15 -135805 373822199 2806
18 -183856 502534107 612
28 -212235 485700436 13887
33 -241051 480285905 16483
45 -295961 524732122 15589
10 -121116 440635946 7329
21 -207821 555857013 15391
13 -161607 576868667 15303
26 -169970 310042720 15663
30 -277050 693122257 18262
48 -338645 649552860 8292
29 -206212 443348349 16949
9 -123542 491500859 16058
24 -204780 483904281 19185
25 -218385 536738502 19007
6 -104146 543211931 19061
55 -310691 445689408 9966
7 -90404 381622817 2303
24 -206004 512732806 10289
52 -278453 424950190 7073
30 -257343 622489291 16370
24 -202118 452115125 7135
21 -215787 638615083 5591
9 -121589 526497818 13651
13 -140566 434260163 18913
22 -168500 330255846 11233
34 -245875 520146731 14470
24 -196914 448042350 17435
29 -207996 412688522 6767
9 -112700 462630540 18941
39 -283323 609025074 17073
20 -189690 539892341 471
44 -293460 536701718 13802
30 -270122 684119558 11518
4 -66744 357813330 7738
14 -140656 429766065 17202
32 -245478 544834645 6062
30 -237438 516073314 3837
36 -267344 608240402 18156
25 -207698 477230421 13617
14 -136929 350293849 8082
36 -251426 486186864 17179
34 -239836 481793522 5329
6 -90323 372649303 18818
34 -262879 610794110 18909
13 -165654 591700411 6774
12 -139203 453874519 12281
8 -120476 577899566 9492
11 -170919 711684384 9102
12 -140304 482512449 7680
51 -295624 520607005 9482
7 -102722 468483001 5035
9 -119960 503507157 3689
10 -124658 502634521 11544
26 -237480 619438838 367
5 -77444 368398547 8602
34 -259667 550540866 7429
83 -358503 418910413 5254
21 -189775 492866608 5490
22 -193737 502506246 11556
10 -132703 488999641 19467
19 -170237 441651489 14115
5 -80277 436291114 10919
41 -275163 555760171 16482
8 -99584 387505639 18144
9 -125512 496461843 9694
17 -182064 570582081 18157
4 -67860 328699987 2969
16 -164537 496070392 5958
8 -127351 593610455 18283
50 -302150 492582709 2691
64 -362229 607910125 19263
24 -238885 704691445 393
12 -145294 553469461 9255
40 -274710 512045637 18021
39 -273485 514676179 6020
12 -141773 491196083 18295
18 -199835 612313232 8887
36 -248615 485326203 9719
46 -249955 397988534 12761
25 -170633 341633269 9162
42 -289447 563214263 18468
8 -123451 538406024 1408
28 -245147 585177794 9174
14 -149093 508146261 13820
80 -372935 488810196 18924
17 -198540 638482519 11181
17 -174180 567780105 14356
20 -198405 551571086 12608
11 -125138 417360539 7046
63 -343658 539772821 2506
27 -232518 581817665 7350
59 -340561 514538217 14577
31 -225020 467600935 18924
15 -169043 519112363 4730
18 -170396 485415679 4566
16 -132199 308529201 11523
37 -262882 491934020 684
46 -276220 439898424 9787
33 -239857 497540915 19770
11 -134691 474381109 7503
14 -163289 573123399 4391
31 -231411 486790921 15795
54 -307088 509313108 18976
36 -254924 518037026 2302
18 -188694 595274683 19106
6 -78509 325697135 3489
15 -185008 674697360 14479
10 -150501 632750395 16598
33 -270485 662557400 7611
6 -84114 371553347 6233
13 -173044 705040883 9787
25 -191031 379624028 13052
7 -93797 402957311 8575
7 -99673 418156850 14783
60 -374241 674672283 4495
24 -176146 396243740 14705
17 -171395 517419636 505
9 -134401 639268435 6052
22 -204126 513372946 11039
9 -100731 337745047 8478
53 -299124 486562292 5236
68 -353556 538172636 7168
12 -147038 502929084 3501
10 -115484 405881048 4193
10 -119930 408618579 9063
10 -132714 539814993 11975
11 -126521 437389089 4543
5 -83627 417684831 12333
13 -137124 442503191 17111
27 -172946 330348438 9427
10 -135908 569911494 4365
22 -201456 575496320 18359
13 -125211 367871625 18616
36 -237446 435153929 6972
28 -249453 618399994 15353
12 -113822 305794736 395
31 -284597 681477667 10190
10 -133356 523638516 17906
16 -177192 583015708 16351
83 -428471 658167751 13993
38 -214073 335755880 8858
14 -190003 692717259 5219
15 -171650 559440197 8733
21 -204533 570233116 2233
9 -129959 513549833 14427
12 -162532 615097092 10546
19 -210001 635038471 11851
50 -323135 598113303 7868
8 -125453 556933827 2214
20 -206052 594998188 8517
12 -157074 570466806 18564
36 -220589 390587728 13930
61 -363219 631886475 2857
34 -231354 462010230 23
9 -140480 623837187 18462
35 -235404 425485842 6189
36 -235504 464747260 17403
46 -226346 321278304 11382
36 -246829 484851176 16886
28 -225843 514881399 34
17 -138900 341488483 1684
10 -126398 457822981 18827
9 -132084 529928106 13218
31 -231018 499956505 14383
8 -114978 467375320 2215
22 -200506 487238336 8459
8 -99996 359805406 16501
34 -273600 634434787 10550
6 -98167 491782206 5050
14 -153521 473711635 2092
71 -385396 543562452 15840
21 -195480 538638615 5165
35 -251288 472763648 11697
23 -199620 511473821 10788
61 -319641 468133487 3235
41 -277822 546449305 19133
14 -161137 571729576 6397
39 -254671 480935001 13588
32 -290194 695535664 13237
69 -351726 499728371 12048
22 -206368 541486020 12131
15 -152034 451877756 14821
14 -154088 480418455 774
55 -319373 526736336 5636
17 -173749 535185444 1215
8 -119719 558111330 15811
48 -351108 691600820 11931
23 -218663 623369948 3694
25 -203046 480402226 16176
32 -241181 535997344 7590
5 -77514 375339010 13922
20 -140801 288317587 8391
85 -428638 622438064 17194
19 -214512 673613421 9368
16 -175709 524782738 9824
60 -303796 441550136 11977
53 -339339 604318922 10878
24 -227581 643134117 1574
34 -210565 395156408 8536
10 -132215 481769917 9303
14 -163765 595156127 19827
15 -173313 555425510 14317
28 -197834 408936541 8187
7 -91947 407499538 11048
10 -102745 336490787 17588
28 -215734 477439366 6539
16 -173537 552548754 8698
16 -178752 554133673 12369
9 -95994 326284281 19853
40 -232981 421361061 3521
7 -104211 447420130 17295
16 -176335 536441507 11703
22 -199204 498356232 19850
17 -172703 497081369 13884
10 -98984 284525015 16215
25 -250078 660442719 12222
8 -121657 563010149 10137
22 -235302 687275954 12431
15 -160387 466851031 1568
14 -169927 563053753 14686
16 -155947 421806441 6938
29 -231355 494939547 5335
21 -210005 551365805 14072
24 -206485 522294830 823
31 -282404 724071283 6463
12 -154291 620637212 6957
14 -170583 636732079 1223
12 -110170 302894426 10557
11 -150112 562720045 18117
28 -231189 556850450 7009
19 -137805 285670563 10439
51 -317956 534483583 381
12 -155113 558690560 14879
18 -192007 545080666 11893
9 -112286 393414902 10399
20 -186781 482131788 3088
28 -223305 500675428 7597
7 -119346 520086667 2255
27 -217807 515473258 873
8 -108081 455850582 10733
10 -136585 566440544 16988
7 -89789 352754350 14690
9 -118833 470721633 5861
30 -253821 631585683 15615
22 -199418 552400966 11689
8 -108021 423803571 7445
91 -422335 539489718 7599
17 -148011 363705259 741
41 -302377 631592895 2325
18 -187876 558694141 6472
74 -421110 651363344 16360
50 -329594 634270758 6749
16 -174820 548256113 9488
18 -210563 642224236 4507
132 -596814 719171559 18956
9 -90115 279147495 1155
12 -149489 540633260 19821
13 -120285 314014894 11067
16 -155423 440113758 6853
47 -300170 535488451 499
7 -103642 443343409 7728
13 -137885 427537696 6010
17 -162432 440475533 2119
32 -225260 459254486 17124
67 -290571 356203993 2871
20 -209567 584453681 14308
7 -119673 609710558 17669
12 -146117 484504108 18132
21 -192541 493239799 12045
12 -150494 528251679 19735
36 -252591 486440830 18892
19 -158978 370303950 12618
15 -168293 529019556 15243
30 -228797 493733151 17650
14 -145724 405435903 3268
78 -366014 476602696 2033
34 -260571 524354718 8231
17 -166011 439109771 11445
11 -144416 537717252 17810
12 -137074 447905851 9640
31 -229229 443217701 19879
21 -203568 564716774 800
37 -279837 602569496 6524
33 -253110 552209166 11519
25 -221787 552587082 18674
11 -130044 443918960 19656
14 -141682 412455726 552
16 -140914 346145639 9038
28 -212468 460954784 15145
14 -146930 470535090 14981
33 -266484 644522980 10404
10 -102567 326569789 3963
7 -111653 513139460 3286
47 -307551 546094480 18904
16 -164048 445640479 11979
103 -472406 612148890 11542
11 -119085 392797053 10771
33 -281257 668865053 15422
10 -149729 604316313 6486
27 -183864 363593717 16834
57 -301300 414735046 18555
5 -77821 396438822 1685
8 -106786 442022321 11857
12 -144622 503772100 2095
20 -195187 579569329 2887
9 -121798 420391519 6772
14 -182930 611626405 16099
109 -498575 615705916 1050
14 -170441 571285527 3360
12 -139123 471051782 19358
13 -141327 454897918 9351
18 -187231 548306414 8071
18 -161500 415152455 13099
28 -242166 566065435 9557
22 -207355 557373072 423
38 -260246 503007514 8600
25 -208646 521182933 4591
19 -179561 489934950 8233
5 -81939 432822459 804
25 -211346 513870834 8793
19 -176703 456910575 13293
11 -159426 640235209 19093
12 -114419 314461078 1872
13 -105967 251984386 12372
12 -149754 505087389 152
12 -160523 620627255 4676
32 -277040 657488149 9126
20 -206222 588656051 7609
39 -268906 525924077 1173
17 -172962 511287626 3942
10 -122656 458121405 15688
33 -244263 500538359 5545
12 -165121 653019265 7367
22 -186912 452831698 6072
47 -333340 640213015 19965
14 -156803 512552608 3177
12 -154686 541472993 13631
10 -97619 285575587 8416
37 -274349 571314076 9813
43 -227085 313325356 9878
35 -219136 378643397 9579
8 -117504 514303023 130
6 -87363 345629287 15032
10 -116046 367899903 12129
9 -120391 485225180 12074
29 -207631 412155013 9448
11 -140642 564050908 2407
21 -180433 440030048 14463
109 -518632 688438303 15633
13 -129766 381146887 8423
44 -291581 551663755 5475
68 -335153 471126557 13586
32 -255604 539843144 4362
26 -238283 583903529 8172
104 -433508 512659055 7657
13 -158720 513000048 7471
26 -225614 569497709 1848
28 -195319 378684625 4680
11 -148730 643144884 19187
51 -300455 470039063 19646
10 -135611 603777268 4047
17 -156510 386863927 6585
16 -142112 354922053 6163
28 -221855 487177765 19634
21 -215921 574779421 9246
39 -276911 542484976 18476
10 -138445 552338044 14821
24 -225959 611847665 5157
7 -85150 308254009 13820
9 -139979 580741039 1601
84 -364525 437463813 119
12 -159348 569283181 4059
26 -204965 432321512 12623
12 -151900 553494350 12562
14 -156177 518455112 7400
10 -125423 480103422 18111
11 -121494 404321673 7127
63 -333442 510922804 5461
8 -99023 352308030 10877
5 -91158 476489619 9388
126 -551204 636335477 6837
49 -298510 511255419 19127
13 -130020 392813289 18145
62 -387936 642059460 5794
18 -186962 571045667 3593
13 -159583 569602152 3568
11 -138096 539074680 10620
10 -137318 507036464 21
19 -182634 488402558 3627
34 -226698 423910431 5656
18 -200020 641058019 3275
15 -166417 511753261 5828
26 -219115 506236736 18236
18 -181599 536388538 1983
19 -182021 486277907 19797
12 -159308 590112367 5075
27 -219713 548224888 2791
19 -180696 537392659 2870
7 -108752 533909257 13316
36 -279640 640841732 18543
7 -111665 503456882 6304
13 -156136 571132618 6865
44 -306458 642789680 3005
17 -180656 522577206 19837
19 -202449 658704954 163
7 -104046 450243485 5261
25 -206387 524998857 14397
11 -114755 354623843 11625
40 -226919 367628471 1371
22 -204088 567960636 14529
9 -125011 489767953 620
49 -327817 662281244 10042
34 -259404 556872278 7145
15 -168632 550486488 13538
6 -104400 512419952 8264
18 -175505 479002460 5826
12 -110766 278732549 13419
25 -195951 432899810 7441
6 -101303 538096580 9380
17 -186747 584077284 10534
48 -308033 590876720 11713
5 -90218 451400061 18256
8 -113500 465547318 13613
12 -139339 435541554 12602
7 -99805 453688762 12912
33 -264633 571660853 11909
34 -240068 490319245 9795
13 -122265 308793600 18753
50 -332781 584069916 15682
28 -221500 490899755 4207
31 -239549 505201418 10086
25 -193479 434051738 11386
6 -93392 410121382 12159
11 -137401 467184462 13994
9 -118682 462847193 8441
11 -123781 365233219 5639
18 -185849 527387131 17543
54 -276668 381175066 18038
14 -150102 489294028 11870
18 -154886 382000634 2725
15 -177604 622578330 18148
10 -122677 495744730 16722
68 -282523 319016149 15331
18 -185200 524962707 16887
14 -151036 512489925 2092
7 -111739 550508313 17050
11 -102834 287058308 5723
37 -309959 690031316 12813
52 -341187 602732235 16875
15 -180676 596482215 12872
26 -179841 360122909 9660
53 -317936 528273316 18267
39 -226706 392970378 1850
6 -102022 554781794 16890
17 -138892 336328063 19088
14 -162487 563079344 9324
45 -258143 399774391 6075
46 -254381 395750461 9090
9 -94864 337174262 3637
7 -79081 283933470 13688
6 -77122 318065210 4397
28 -193712 353551316 5502
25 -195182 470477690 17035
24 -181222 377786401 1820
33 -249016 530118527 19538
14 -139744 386514899 11903
31 -214268 436014249 15261
23 -223728 649223539 11889
12 -142995 473028751 13957
35 -279106 606372629 733
9 -102282 373155031 18913
16 -191061 658212575 19332
17 -164653 474171186 8011
18 -184140 509577141 1222
41 -276272 481680024 8738
50 -337974 582583531 7048
10 -142773 641474253 1160
15 -158286 517070190 3924
43 -281163 490515227 13287
31 -254945 605134427 11458
80 -311406 340841053 3430
29 -206475 426426343 10311
7 -103379 445787648 6373
17 -173573 467760358 10254
14 -132631 336082543 14227
21 -189258 462354128 9856
15 -131154 320204774 1088
11 -144717 527514854 6887
27 -239129 607023193 2654
30 -215915 486887661 13488
34 -241207 453277298 16194
13 -135659 462141801 12586
16 -187120 628322754 14400
9 -120810 499417599 1918
15 -157541 487495776 13766
9 -118176 465988537 18201
34 -257551 548112344 10099
19 -163400 400150750 1424
21 -187815 474996947 12016
14 -152060 439622532 1764
35 -238696 449833212 11248
11 -156661 677269223 17504
6 -68872 263271252 4481
31 -228954 474848436 6373
6 -81998 308956458 8165
13 -169785 717768502 2083
57 -352157 585304175 17544
14 -161553 589354973 10649
10 -126866 434590435 13340
24 -249305 715602197 12094
6 -106791 541014752 2556
65 -333700 484738128 15675
22 -200386 485288914 14814
57 -290951 455515249 7979
12 -118865 326877864 249
25 -239368 651861177 18578
45 -278506 489191532 11045
24 -190740 461238031 12474
20 -178857 492008715 8938
11 -141299 522641088 571
91 -424843 567962048 3273
56 -314177 459689295 10682
27 -243112 611378398 18949
18 -155201 397443157 5673
20 -189254 500209028 11610
11 -140654 524882125 8581
7 -96831 372603226 8438
35 -224970 400665475 14247
7 -94425 372498786 5972
13 -160031 531831149 19291
27 -220673 462283605 15543
133 -542413 610190369 3199
28 -233893 558270729 10358
10 -145934 619481633 3086
8 -94991 367018571 6554
27 -221530 537341132 18241
22 -205102 547560071 10926
19 -187422 543643037 17015
13 -145062 459649703 13534
113 -489911 586638236 503
46 -284156 479284912 18824
28 -194693 415555157 15861
18 -175606 519585675 2287
43 -304589 651926682 5100
15 -144686 381631936 9889
20 -214135 615961544 17919
10 -140626 587941916 17533
10 -108497 310893468 12676
51 -341329 616033201 15434
29 -202633 410209093 11249
93 -435806 567319490 17076
16 -148795 399280518 6243
