1000 27
3 0 538 538 235 773 227
3 0 232 232 60 292 708
3 0 360 360 423 783 217
3 0 153 153 65 218 782
3 0 622 622 57 679 321
3 0 337 337 451 788 212
6 0 30 30 38 68 437 505 354 925 58 983 17
3 0 198 198 34 232 768
4 0 289 289 443 732 128 860 140
4 0 318 318 36 354 64 418 582
3 0 210 210 186 396 604
8 0 110 110 298 408 160 668 83 751 169 920 1 921 43 993 7
3 0 960 960 1 961 39
6 0 83 83 47 130 2 627 248 875 95 970 30
3 0 25 25 61 86 914
7 0 84 84 21 105 306 578 214 792 47 839 66 905 95
6 0 139 139 3 142 1 871 119 990 6 996 4
3 0 70 70 188 258 742
3 0 255 255 8 263 737
6 0 260 260 21 281 19 659 51 710 213 923 77
3 0 62 62 62 124 876
3 0 412 412 82 494 506
7 0 244 244 10 254 92 346 142 692 22 714 52 766 234
4 0 282 282 60 342 418 953 47
3 0 473 473 293 766 234
3 0 733 733 195 928 72
3 0 442 442 186 628 372
