1000 55
3 0 286 286 212 498 502
5 0 3 3 1 752 122 874 117 991 9
3 0 401 401 287 688 312
4 0 338 338 200 538 254 914 86
6 0 369 369 317 686 6 883 99 982 14 996 4
3 0 264 264 597 861 139
8 0 313 313 52 365 67 519 50 581 269 850 93 943 24 967 33
4 0 59 59 145 204 559 911 89
6 0 141 141 1 142 1 910 59 969 27 996 4
6 0 1 1 37 44 45 132 42 174 8 182 818
4 0 539 539 430 969 22 991 9
4 0 347 347 3 350 1 996 4
4 0 132 132 101 233 508 988 12
6 0 162 162 203 365 184 649 340 989 9 998 2
8 0 300 300 36 336 50 445 189 634 1 635 4 814 45 859 141
7 0 222 222 17 239 15 254 111 502 180 682 124 806 194
3 0 575 575 286 861 139
7 0 237 237 244 481 295 934 14 948 21 969 21 990 10
7 0 105 105 4 109 114 375 249 624 24 648 81 729 271
6 0 144 144 55 199 8 324 43 367 508 875 125
9 0 75 75 16 91 15 166 98 264 11 275 1 486 97 583 117 700 300
8 0 129 129 1 130 1 509 66 575 274 849 13 918 81 999 1
3 0 486 486 40 526 474
3 0 331 331 129 460 540
3 0 351 351 571 922 78
8 0 201 201 22 223 41 264 59 363 125 488 1 489 1 989 11
8 0 29 29 6 35 1 343 12 355 22 434 484 918 24 942 58
3 0 178 178 648 826 174
7 0 460 460 2 462 1 680 56 760 42 802 54 856 144
7 0 26 26 74 100 11 111 267 407 286 693 215 908 92
6 0 341 341 96 437 6 926 22 948 35 983 17
8 0 14 14 4 18 4 244 94 387 7 426 316 742 29 771 229
4 0 15 19 119 138 325 463 537
4 0 499 499 143 642 300 942 58
3 0 480 480 3 483 517
6 0 79 79 38 117 58 226 36 262 84 346 654
7 0 146 146 1 147 2 637 59 696 76 772 104 916 84
3 0 617 617 25 642 358
4 0 667 667 281 948 21 969 31
3 0 344 344 536 880 120
4 0 291 291 94 385 494 974 26
7 0 284 284 46 330 73 403 45 811 52 863 12 875 125
5 0 16 16 81 280 392 672 80 752 248
3 0 202 202 33 235 765
3 0 49 49 293 342 658
4 0 303 303 53 356 75 431 569
7 0 179 179 20 199 382 581 55 677 46 723 43 766 234
10 0 149 149 106 255 49 345 10 355 9 364 2 479 149 628 100 728 36 997 3
15 0 76 76 52 128 34 266 12 278 211 494 16 510 36 546 29 575 50 635 34 669 12 681 69 755 98 853 63 916 84
6 0 30 30 2 32 2 200 278 478 276 754 246
7 0 24 24 1 25 1 624 174 798 103 901 85 986 14
12 0 1 1 6 7 3 12 168 180 56 236 131 542 106 648 4 652 8 753 136 889 57 946 54
4 0 174 174 141 315 472 787 213
4 0 249 249 161 410 158 956 44
6 0 183 183 41 224 150 501 350 851 144 995 5
