1000 499
2 0 1 999 1
2 0 2 998 2
2 0 3 997 3
2 0 4 996 4
2 0 5 995 5
2 0 6 994 6
2 0 7 993 7
2 0 8 992 8
2 0 9 991 9
2 0 10 990 10
2 0 11 989 11
2 0 12 988 12
2 0 13 987 13
2 0 14 986 14
2 0 15 985 15
2 0 16 984 16
2 0 17 983 17
2 0 18 982 18
2 0 19 981 19
2 0 20 980 20
2 0 21 979 21
2 0 22 978 22
2 0 23 977 23
2 0 24 976 24
2 0 25 975 25
2 0 26 974 26
2 0 27 973 27
2 0 28 972 28
2 0 29 971 29
2 0 30 970 30
2 0 31 969 31
2 0 32 968 32
2 0 33 967 33
2 0 34 966 34
2 0 35 965 35
2 0 36 964 36
2 0 37 963 37
2 0 38 962 38
2 0 39 961 39
2 0 40 960 40
2 0 41 959 41
2 0 42 958 42
2 0 43 957 43
2 0 44 956 44
2 0 45 955 45
2 0 46 954 46
2 0 47 953 47
2 0 48 952 48
2 0 49 951 49
2 0 50 950 50
2 0 51 949 51
2 0 52 948 52
2 0 53 947 53
2 0 54 946 54
2 0 55 945 55
2 0 56 944 56
2 0 57 943 57
2 0 58 942 58
2 0 59 941 59
2 0 60 940 60
2 0 61 939 61
2 0 62 938 62
2 0 63 937 63
2 0 64 936 64
2 0 65 935 65
2 0 66 934 66
2 0 67 933 67
2 0 68 932 68
2 0 69 931 69
2 0 70 930 70
2 0 71 929 71
2 0 72 928 72
2 0 73 927 73
2 0 74 926 74
2 0 75 925 75
2 0 76 924 76
2 0 77 923 77
2 0 78 922 78
2 0 79 921 79
2 0 80 920 80
2 0 81 919 81
2 0 82 918 82
2 0 83 917 83
2 0 84 916 84
2 0 85 915 85
2 0 86 914 86
2 0 87 913 87
2 0 88 912 88
2 0 89 911 89
2 0 90 910 90
2 0 91 909 91
2 0 92 908 92
2 0 93 907 93
2 0 94 906 94
2 0 95 905 95
2 0 96 904 96
2 0 97 903 97
2 0 98 902 98
2 0 99 901 99
2 0 100 900 100
2 0 101 899 101
2 0 102 898 102
2 0 103 897 103
2 0 104 896 104
2 0 105 895 105
2 0 106 894 106
2 0 107 893 107
2 0 108 892 108
2 0 109 891 109
2 0 110 890 110
2 0 111 889 111
2 0 112 888 112
2 0 113 887 113
2 0 114 886 114
2 0 115 885 115
2 0 116 884 116
2 0 117 883 117
2 0 118 882 118
2 0 119 881 119
2 0 120 880 120
2 0 121 879 121
2 0 122 878 122
2 0 123 877 123
2 0 124 876 124
2 0 125 875 125
2 0 126 874 126
2 0 127 873 127
2 0 128 872 128
2 0 129 871 129
2 0 130 870 130
2 0 131 869 131
2 0 132 868 132
2 0 133 867 133
2 0 134 866 134
2 0 135 865 135
2 0 136 864 136
2 0 137 863 137
2 0 138 862 138
2 0 139 861 139
2 0 140 860 140
2 0 141 859 141
2 0 142 858 142
2 0 143 857 143
2 0 144 856 144
2 0 145 855 145
2 0 146 854 146
2 0 147 853 147
2 0 148 852 148
2 0 149 851 149
2 0 150 850 150
2 0 151 849 151
2 0 152 848 152
2 0 153 847 153
2 0 154 846 154
2 0 155 845 155
2 0 156 844 156
2 0 157 843 157
2 0 158 842 158
2 0 159 841 159
2 0 160 840 160
2 0 161 839 161
2 0 162 838 162
2 0 163 837 163
2 0 164 836 164
2 0 165 835 165
2 0 166 834 166
2 0 167 833 167
2 0 168 832 168
2 0 169 831 169
2 0 170 830 170
2 0 171 829 171
2 0 172 828 172
2 0 173 827 173
2 0 174 826 174
2 0 175 825 175
2 0 176 824 176
2 0 177 823 177
2 0 178 822 178
2 0 179 821 179
2 0 180 820 180
2 0 181 819 181
2 0 182 818 182
2 0 183 817 183
2 0 184 816 184
2 0 185 815 185
2 0 186 814 186
2 0 187 813 187
2 0 188 812 188
2 0 189 811 189
2 0 190 810 190
2 0 191 809 191
2 0 192 808 192
2 0 193 807 193
2 0 194 806 194
2 0 195 805 195
2 0 196 804 196
2 0 197 803 197
2 0 198 802 198
2 0 199 801 199
2 0 200 800 200
2 0 201 799 201
2 0 202 798 202
2 0 203 797 203
2 0 204 796 204
2 0 205 795 205
2 0 206 794 206
2 0 207 793 207
2 0 208 792 208
2 0 209 791 209
2 0 210 790 210
2 0 211 789 211
2 0 212 788 212
2 0 213 787 213
2 0 214 786 214
2 0 215 785 215
2 0 216 784 216
2 0 217 783 217
2 0 218 782 218
2 0 219 781 219
2 0 220 780 220
2 0 221 779 221
2 0 222 778 222
2 0 223 777 223
2 0 224 776 224
2 0 225 775 225
2 0 226 774 226
2 0 227 773 227
2 0 228 772 228
2 0 229 771 229
2 0 230 770 230
2 0 231 769 231
2 0 232 768 232
2 0 233 767 233
2 0 234 766 234
2 0 235 765 235
2 0 236 764 236
2 0 237 763 237
2 0 238 762 238
2 0 239 761 239
2 0 240 760 240
2 0 241 759 241
2 0 242 758 242
2 0 243 757 243
2 0 244 756 244
2 0 245 755 245
2 0 246 754 246
2 0 247 753 247
2 0 248 752 248
2 0 249 751 249
2 0 250 750 250
2 0 251 749 251
2 0 252 748 252
2 0 253 747 253
2 0 254 746 254
2 0 255 745 255
2 0 256 744 256
2 0 257 743 257
2 0 258 742 258
2 0 259 741 259
2 0 260 740 260
2 0 261 739 261
2 0 262 738 262
2 0 263 737 263
2 0 264 736 264
2 0 265 735 265
2 0 266 734 266
2 0 267 733 267
2 0 268 732 268
2 0 269 731 269
2 0 270 730 270
2 0 271 729 271
2 0 272 728 272
2 0 273 727 273
2 0 274 726 274
2 0 275 725 275
2 0 276 724 276
2 0 277 723 277
2 0 278 722 278
2 0 279 721 279
2 0 280 720 280
2 0 281 719 281
2 0 282 718 282
2 0 283 717 283
2 0 284 716 284
2 0 285 715 285
2 0 286 714 286
2 0 287 713 287
2 0 288 712 288
2 0 289 711 289
2 0 290 710 290
2 0 291 709 291
2 0 292 708 292
2 0 293 707 293
2 0 294 706 294
2 0 295 705 295
2 0 296 704 296
2 0 297 703 297
2 0 298 702 298
2 0 299 701 299
2 0 300 700 300
2 0 301 699 301
2 0 302 698 302
2 0 303 697 303
2 0 304 696 304
2 0 305 695 305
2 0 306 694 306
2 0 307 693 307
2 0 308 692 308
2 0 309 691 309
2 0 310 690 310
2 0 311 689 311
2 0 312 688 312
2 0 313 687 313
2 0 314 686 314
2 0 315 685 315
2 0 316 684 316
2 0 317 683 317
2 0 318 682 318
2 0 319 681 319
2 0 320 680 320
2 0 321 679 321
2 0 322 678 322
2 0 323 677 323
2 0 324 676 324
2 0 325 675 325
2 0 326 674 326
2 0 327 673 327
2 0 328 672 328
2 0 329 671 329
2 0 330 670 330
2 0 331 669 331
2 0 332 668 332
2 0 333 667 333
2 0 334 666 334
2 0 335 665 335
2 0 336 664 336
2 0 337 663 337
2 0 338 662 338
2 0 339 661 339
2 0 340 660 340
2 0 341 659 341
2 0 342 658 342
2 0 343 657 343
2 0 344 656 344
2 0 345 655 345
2 0 346 654 346
2 0 347 653 347
2 0 348 652 348
2 0 349 651 349
2 0 350 650 350
2 0 351 649 351
2 0 352 648 352
2 0 353 647 353
2 0 354 646 354
2 0 355 645 355
2 0 356 644 356
2 0 357 643 357
2 0 358 642 358
2 0 359 641 359
2 0 360 640 360
2 0 361 639 361
2 0 362 638 362
2 0 363 637 363
2 0 364 636 364
2 0 365 635 365
2 0 366 634 366
2 0 367 633 367
2 0 368 632 368
2 0 369 631 369
2 0 370 630 370
2 0 371 629 371
2 0 372 628 372
2 0 373 627 373
2 0 374 626 374
2 0 375 625 375
2 0 376 624 376
2 0 377 623 377
2 0 378 622 378
2 0 379 621 379
2 0 380 620 380
2 0 381 619 381
2 0 382 618 382
2 0 383 617 383
2 0 384 616 384
2 0 385 615 385
2 0 386 614 386
2 0 387 613 387
2 0 388 612 388
2 0 389 611 389
2 0 390 610 390
2 0 391 609 391
2 0 392 608 392
2 0 393 607 393
2 0 394 606 394
2 0 395 605 395
2 0 396 604 396
2 0 397 603 397
2 0 398 602 398
2 0 399 601 399
2 0 400 600 400
2 0 401 599 401
2 0 402 598 402
2 0 403 597 403
2 0 404 596 404
2 0 405 595 405
2 0 406 594 406
2 0 407 593 407
2 0 408 592 408
2 0 409 591 409
2 0 410 590 410
2 0 411 589 411
2 0 412 588 412
2 0 413 587 413
2 0 414 586 414
2 0 415 585 415
2 0 416 584 416
2 0 417 583 417
2 0 418 582 418
2 0 419 581 419
2 0 420 580 420
2 0 421 579 421
2 0 422 578 422
2 0 423 577 423
2 0 424 576 424
2 0 425 575 425
2 0 426 574 426
2 0 427 573 427
2 0 428 572 428
2 0 429 571 429
2 0 430 570 430
2 0 431 569 431
2 0 432 568 432
2 0 433 567 433
2 0 434 566 434
2 0 435 565 435
2 0 436 564 436
2 0 437 563 437
2 0 438 562 438
2 0 439 561 439
2 0 440 560 440
2 0 441 559 441
2 0 442 558 442
2 0 443 557 443
2 0 444 556 444
2 0 445 555 445
2 0 446 554 446
2 0 447 553 447
2 0 448 552 448
2 0 449 551 449
2 0 450 550 450
2 0 451 549 451
2 0 452 548 452
2 0 453 547 453
2 0 454 546 454
2 0 455 545 455
2 0 456 544 456
2 0 457 543 457
2 0 458 542 458
2 0 459 541 459
2 0 460 540 460
2 0 461 539 461
2 0 462 538 462
2 0 463 537 463
2 0 464 536 464
2 0 465 535 465
2 0 466 534 466
2 0 467 533 467
2 0 468 532 468
2 0 469 531 469
2 0 470 530 470
2 0 471 529 471
2 0 472 528 472
2 0 473 527 473
2 0 474 526 474
2 0 475 525 475
2 0 476 524 476
2 0 477 523 477
2 0 478 522 478
2 0 479 521 479
2 0 480 520 480
2 0 481 519 481
2 0 482 518 482
2 0 483 517 483
2 0 484 516 484
2 0 485 515 485
2 0 486 514 486
2 0 487 513 487
2 0 488 512 488
2 0 489 511 489
2 0 490 510 490
2 0 491 509 491
2 0 492 508 492
2 0 493 507 493
2 0 494 506 494
2 0 495 505 495
2 0 496 504 496
2 0 497 503 497
2 0 498 502 498
2 0 499 501 499
