50 50 25
44299392 557531185 831149897 331119383 626040896 97024446 575738157 109701026 448099357 842860114 131102350 522229367 974766217 886658352 113324526 98619592 386455791 659727117 116071351 777713747 789106300 878379404 646954293 859342500 288632320 241997148 657457097 593898956 199959727 465872803 560960988 616455911 910174326 480860186 883399619 682457959 165315612 881865578 941074408 412019510 800346715 957210362 190161896 999859852 181831931 880896575 142444238 97906843 882852928 899806426 
991794079 327600350 359695142 597867344 345945027 128926463 649835184 569213349 708079112 903214009 360761085 82374491 602762315 656724612 469155975 567525193 490759530 602067262 699977057 8823120 867260129 424469038 504960738 573869375 188045501 169932896 910085218 62321727 518129613 962314054 751521977 5691915 47404119 6345852 69607174 500358114 867818981 583646901 680364403 105824204 656630019 998740101 194109889 390256715 160244700 682115374 671499 955330873 623197122 907366902 
990752785 22417112 556783874 829436576 32973211 912138931 491891675 800994299 476116053 999333834 610548057 173987086 196114940 975448170 400726662 43387707 957310405 500397366 728938015 640174254 107507840 575922781 975137261 330571998 876367815 222476370 124480026 428588760 796660283 291664350 960457694 278874713 17913722 496281328 753943276 316938528 531990600 989965904 92679255 63750429 580120331 78509198 745738510 261763789 760921036 894847367 707489659 609386529 608941277 119769515 
815598027 800933360 663253095 80372201 587593573 829090193 295627512 808291673 170536845 756922283 817823926 889745309 548314414 416456605 637524361 189413329 401095024 740870696 482444126 780192149 261477417 687318318 962149919 660850367 861861532 957423823 987116729 93619184 817573937 972476086 814554735 643747795 40279052 810353433 740537476 253055565 526207056 61210801 707962572 929512026 413730188 808960321 349876195 884875892 454818254 195576665 237692559 202424456 294904901 275258218 
353839693 366804514 205695647 115475640 58362650 238036196 165449218 351938808 69015659 301700833 431263162 654513291 224374126 277344128 997895118 811118151 49497969 417126001 587651100 386635562 393677517 76748183 65871741 163864201 659793085 390690862 426548045 823547119 394819706 133789780 742597795 570505687 261007898 101184933 725333785 662910764 657272303 588671770 787655284 51722188 510318694 805486996 755493770 587328183 5041301 301559271 622044404 500415475 273721309 741256704 
989314480 114101857 313557870 605662116 91519742 994362042 652062819 655407398 544860406 995778326 529850558 236098208 218207655 909647078 620354086 758360291 869231999 671472615 555998607 934538483 440505027 334879385 780363847 604079934 160105082 268973947 495866530 229632731 841259173 286187848 726493947 395890821 25551246 657632764 765120133 893217073 864229000 222998990 524935821 218075255 882139817 52028827 564523435 572302368 18827494 364595752 806108278 693252557 591320811 666420811 
216517251 96843933 73145276 307457646 970376423 565539398 834089266 919976941 865078571 963292762 235255723 443382086 7051961 709491557 723930864 692786929 38861673 493927625 822800977 678386952 426674684 64826721 158048605 132655271 577620054 171968632 920859434 952394436 806575184 996928653 406870999 512675632 421909877 652472083 528094519 59696123 449718888 583132656 441841284 639586621 766074635 949006412 691184465 270199383 656831233 324792139 501488029 312908697 74510897 296109520 
127533588 251454816 111804247 785126561 395776885 334862444 461215564 187527216 836264714 791465313 880384267 652850588 48743752 571067964 932614117 90233088 197492772 822275926 522140910 731584497 779408933 562025636 993670359 334229506 59879904 244345322 815717278 355045767 820972839 185378072 117277155 678129840 316471465 51698369 597361562 728022073 578292653 868953328 576928628 50522035 468813539 257859925 212739694 693125351 123640563 854589371 142673544 967113410 679351655 122569966 
82029379 423327244 430742864 12739747 140349878 123656606 812110588 179279910 878295353 540275738 847100698 707860636 374100702 664656936 961655721 563430231 819145842 158393089 304591718 214578999 412171330 627860831 970335339 141509194 571670283 354754947 768353250 184642005 735987646 64525763 433804347 940893116 270658418 564750725 423946549 664647864 252515760 335471066 694829201 380467545 150100438 403525322 102802338 164557677 669902825 82910377 325374128 802029951 287968542 413201965 
445947685 276988688 236399223 378065097 596968535 802473460 964279615 235886408 306013975 347288745 342561926 544559140 439355629 866752109 132439297 712452290 887526286 694392071 486739021 157595009 387422443 801626988 503867169 407107784 125473871 882456079 103835703 718911086 16411000 470193971 745903309 57743546 802162062 543279794 757361326 507520060 365410642 327192478 292995953 452061794 902345230 249503074 194757805 106228798 849131875 255095596 271170536 229486796 706641192 938587557 
766009172 103939350 157961168 200981424 35779948 108856449 123226667 387578428 705532534 473731180 646297189 114185633 822536031 41895197 757814123 238647826 777350100 126724758 709168272 684735342 11822278 792468180 221909836 75419083 783542688 141726264 647130999 382564104 506287835 441616679 179353259 50072654 435984145 170653713 519450241 297508429 721722837 318374672 631137460 561232911 91357409 519744070 485560243 280085190 691214762 856366854 938510989 482636462 849451471 406541983 
134807132 883050550 782586256 876187655 84360945 442581573 514739916 892669358 304472557 603740079 529114156 793561796 672877283 654158876 921240351 992376532 886078658 927189947 73529618 253285792 167498345 796263359 120655408 456874450 119974173 670039733 725299768 688950898 867137664 445387537 933794824 734448290 878201966 125216075 131190303 308447355 120692053 558195937 365278801 606352110 435647644 507397814 559109597 5249614 279830889 504880868 381522638 998485010 229469484 199262374 
795233806 695483165 890066698 153299261 552002579 468848266 106809671 298513312 154413553 580772308 620106912 503890981 53802979 870784019 560786658 965689172 103861517 836869369 429486958 375378251 539444603 691994889 454768937 72753537 121478 228065064 474484540 641246393 367994336 569345116 734929854 652466425 439318584 147380205 252315269 517005752 699455918 479442747 631083907 648536830 720690793 582538528 483609366 398234925 952442232 105003279 845804118 466556576 923401690 507720879 
233169806 749405227 125128556 876994291 231820688 825715384 96634389 201100647 769011529 543486411 479487183 192561587 457701010 411297274 62966880 988160316 659682131 752333613 88803356 308736390 161810750 827958077 335028401 910789523 609863509 387855600 748472360 411923943 94556382 353784348 645437342 822164052 534255101 593964187 750077814 363173193 748908800 995133336 590020051 407406295 369737985 289304954 18751455 619227917 979208257 342254458 884311273 630026947 125820662 860769270 
113813820 829358946 108250564 725691799 733335465 104147816 673365634 407787405 592696540 607977643 22654539 173468000 814669654 892506075 771597626 37403108 238145535 983030741 756510651 669049300 374787442 230239559 833392883 710129250 648705796 20176423 63310951 210091912 938684107 674453517 928849579 136584752 692487175 122741434 476160319 167969570 132783308 179568423 527139827 224912886 324211434 507459777 356268790 448082430 121124616 598449164 476642564 578980694 265540796 355992367 
429725301 950947087 154832702 109315466 723357979 547359679 48687390 142228108 312552634 834067968 734867423 68433513 267602992 323087824 923304204 635366190 524043589 74589880 888055414 788588840 858988089 594212729 126657209 78779559 488378367 832731898 56402803 743340525 929675378 245116169 17078653 44659727 24523314 116002374 99689202 697056542 265917932 608619725 570701833 464442816 824410807 244195354 911342936 260730419 917880262 768871793 741476737 335016744 419400495 615168133 
147597552 373579179 847740182 415015750 184467409 600709912 135021638 271400070 569929613 210422442 816071876 745639487 842430140 711060792 533996865 767332747 500777563 14842866 6510170 924006055 895673142 354369102 847547129 837491197 892542119 358127743 888696116 584065675 575197475 867027970 894977760 365386576 509867664 323991990 819503726 887248926 339119075 818637578 991546033 153200044 725205034 119082173 882548188 630041200 912372163 272899804 344609779 992247671 427655530 609262031 
465974994 902338457 689693881 224294339 438057310 534226992 545096077 281679040 78530605 796584119 1890110 710535971 905018689 463244434 679585829 132612363 903914210 667687377 745382697 100813021 388858048 468624254 356053845 981101994 593410806 443722543 875037671 59807217 892447317 518498550 384268103 708359125 796805518 487409872 260274978 687494653 115721157 934178678 834085688 922957823 931579132 508377408 404459324 334728104 281513172 765307743 123984450 551807930 690384876 26204352 
527572234 594600524 949673285 965794565 722875519 856909218 786806530 884245365 512165546 969589815 319466452 870528641 965197483 377886796 439397721 314236365 212595909 714484930 520252558 472876548 479291550 300307688 94002414 51681473 627540672 355093044 390447681 2959490 729058053 749778822 884356863 2021279 435795096 382728097 244766443 306712254 168894206 511826193 330972494 957582170 395350606 624480657 129745665 525723108 511913080 677555172 778300330 865307182 105754497 789268858 
67549474 577855280 611443889 715092189 70176516 145267912 633750745 689670695 788055248 938649547 455813400 466807697 963549110 559957685 502202145 639537552 449221221 223507927 776408780 572320241 780486169 134366122 542293679 527389013 845735075 70659000 769021519 817281912 798465000 626834695 109017162 65588820 605943944 824903998 428472696 907944949 878942804 50693912 159937080 715302216 877065516 522144617 996519465 171509713 834208427 746681274 697237699 787234430 998680509 674691674 
23042832 682253737 32515347 506140981 73051471 218150456 664506360 357355277 540516607 313442217 741496180 245004444 658068642 523176066 72452111 94316194 851757665 215019624 709858026 728552356 373428106 423880132 562954688 46778382 430957429 217082586 487359379 846957911 585889527 652138105 245596197 1402876 437994655 659134062 983068189 941611225 866286713 429776833 114002713 659522779 346029383 145118802 761901127 682225036 111262240 124000543 149024182 727139734 182378180 724239819 
579444199 994721747 528283300 578598120 910195550 305701415 882670657 997556501 655054445 539901536 983938897 620931664 115479290 83660408 258287243 650363649 183243130 242891903 215518047 244706266 709289035 828814261 77078067 910351855 583339985 373378335 405869639 968520987 918794440 681426884 757363346 431549208 987438709 676616243 621543048 870201178 798507507 748131104 175214753 104044220 466623891 55224311 614210458 796911985 763149917 496612453 85018289 289489865 495478993 301758753 
485370122 251053135 608801703 451074345 653318113 982389136 154875661 382069244 714331001 451934924 522331279 688484344 605941960 397161498 573044287 769435649 49478681 73235593 579106505 635601817 488407520 480990990 104925854 329486485 762822390 156239705 228987185 666786677 539610195 852455218 749804889 255898172 767823501 698858081 270598725 2589569 678792172 665935891 307223949 556875880 100505001 420428640 813887136 409123168 105792551 901810349 771178972 592415413 263842513 202298882 
730955050 198214755 14578909 582424541 462596216 162346488 935436295 704189268 95179359 28340068 920060102 413847137 400090304 645157157 538464682 656338021 108609719 6338366 98180083 353404945 409003452 687599488 175918674 327427168 17648563 589908817 639293316 602999549 468726138 945076618 428117806 668289867 517012340 790888069 614821207 528205244 798298816 372810899 513507234 631398816 141973787 179309023 857189832 3148117 180294999 567793351 312736225 166136131 148885791 188241028 
853048931 681166546 22985617 661514454 756017599 389844330 383986201 219411138 249772213 691252788 660784509 263475985 73768775 434658590 640484012 49606744 475238777 260275834 392975212 955484386 410533737 470120331 3926881 37859366 970895890 760985665 760719122 836725091 302186506 401571912 685849713 633409805 538102974 685798566 562344701 619618293 516415746 744332726 845704716 684454397 297756852 46363857 106918086 776455922 756490597 173656439 901072381 47672732 763198257 698911685 
206094862 236819843 728307765 250469523 826154100 998536289 526399535 95382283 404253129 135781296 70719995 822891063 938545835 942398772 57433684 960336321 946907835 112881677 649145617 603533688 674292895 926367251 117224594 393646514 987406312 661894413 712459407 422585994 851226296 451954789 283578482 898970626 531905027 31368210 413164761 656675911 920580084 88514392 90496710 838005528 622627822 175951596 190846996 333515592 706890044 387453965 280769770 810522657 259404932 258498437 
518908060 412327384 136173639 597232686 671852464 460184601 559493818 202955145 514582287 740051141 452391237 679138654 135020488 206143038 655680846 798028699 912233617 183332718 422188430 123847634 187808070 400417981 832664279 851636192 899933874 436293757 27919816 68763249 699727096 411057972 401718763 896135549 319322483 4082688 148953896 216138198 211267242 131081880 813640707 944337429 728747303 862207058 731259216 51976915 366177510 413201833 509975184 796298536 829686661 291647005 
945271918 865719441 957028984 930327178 12523999 396895994 756452874 389750106 832044258 70706433 84058779 961850149 751134928 744183087 729176732 756907264 937674671 325425554 927295373 605712262 129772301 848526231 570073444 859010143 436018867 955539056 631965015 916252370 330868860 242523178 582989747 565689578 239682345 176692550 807179473 467835769 357958758 541702530 296232248 364335423 599294006 618105215 137905120 844264624 816591844 556004316 568677054 749897543 691061076 646941047 
610213053 553969549 933529320 452042129 559160683 290468073 692605370 993461455 849810651 870982615 314220465 466146202 59152108 868644982 847080619 176959129 73854362 101691357 938560653 668187948 688706169 598676829 15571282 232473150 156043629 777374336 894930812 276185646 455698219 919388762 217772327 238285229 304996104 272517661 352517823 21691375 178339917 362889848 660950497 144197401 855904289 348912980 271916395 65959310 270976456 499061570 757186756 400590788 675473117 125536560 
354012175 966895103 393164789 555827623 628899959 888265743 680139019 974209716 727145910 196786587 462033400 215204852 602651686 649063146 967570175 841040485 872559137 710815874 527923058 85135674 191232629 917267050 61448011 493646458 288120955 66352370 13308973 347101473 64029807 951788432 769529903 194159066 390336061 593027413 815004228 79517442 505675378 169130326 154993210 298008774 154634040 113589858 769644267 756908596 862976549 77134208 121060509 278491923 993939968 715543149 
982452910 424867054 480126708 509507498 108906075 677118564 375526223 73563408 519289322 50790545 622197900 661132427 408843645 479741533 676145463 822699021 961976525 550402174 886914560 424156211 584795371 418466983 775445003 482351278 326910936 990051499 604708303 524862204 512042149 699345935 887662370 431036361 846953252 464796755 727054226 961322693 528254998 655847244 131602116 431928542 116600549 152268436 703088310 241832556 197807911 828111664 338893791 209184659 100439705 42313958 
844506055 924124510 189371821 967987367 600531363 575049813 504881976 842423833 678742526 955365331 766789746 469846480 51693701 607744363 13178859 558938840 790433342 312933482 393233445 727183069 394846396 380132089 883719238 254038561 651157326 445977926 948641056 914992206 661124855 739169728 411607753 478511230 937460035 17758315 60436097 697930472 709998554 636137577 753524403 880304666 837158775 448766180 47527754 364257534 967216637 507651607 615865422 488858595 843928695 760627625 
977592323 885559061 901034653 207456496 306165372 175218148 540170340 220787094 337636038 402250861 736722757 989000249 647800586 787928694 868158215 287972564 817838963 634864338 909354821 38789864 257973706 464711802 389470769 358441736 708680266 721113072 754879192 60528203 688979584 619922588 32701600 813009763 411344766 978740792 939470322 410032346 932752433 107788102 829451848 864857986 561410632 94150408 127161924 280932956 788694112 61427290 138603892 708124086 265818373 236814557 
385761277 441155040 594783831 907651859 858876266 467273381 953121117 599467144 831044770 20179907 821969011 57548686 129659886 447251440 337016060 864076345 9234649 847088351 31837328 772843187 20135393 184417918 993157243 93598595 517757150 839385131 697570152 708044256 706671979 798261631 49249520 549514201 364281835 942604680 388177185 628370194 638507128 143896891 488423844 935143772 564042024 120698136 816012230 803455991 191707973 265341109 565893731 564746310 475436702 897201395 
247570420 576841888 311413652 649573624 838893008 958398263 373913542 947184755 777566523 611243100 642358940 781375827 309894761 362653895 764133216 239983495 966294591 309600917 647679270 498952408 183111709 696987011 930414986 232709909 340268778 911914907 215996910 650334068 734277523 426013848 225463416 614546518 256145560 767856462 256788302 550561225 793709755 857497179 597376511 101820461 627927000 285163583 784032844 739649195 342653679 366131759 854935060 783859301 17445374 53816950 
988142743 541334530 722907606 43110932 171173028 519627948 588129190 645997076 796174294 922602558 959729358 271474583 325229549 885146846 422050053 591822963 420320190 153996204 698024074 727238219 182481876 171691494 700251264 30871765 394683328 770706178 251813079 306303468 912959714 934773093 246357325 539479958 600331624 334442209 266984227 477149639 448040809 593900565 933464845 633825425 778634294 496085676 497323406 559306651 675427671 583123719 454314604 448791171 32879188 859123491 
193827186 427609215 872405700 552357764 954745018 92609947 818171618 143863068 607296921 142232193 877382472 119489005 30426660 177290373 919614079 152428777 104213928 4507240 499708359 673261734 586878182 24824180 918767659 34539479 395895974 538520774 667778187 726946580 62763464 49174695 648394284 354067378 380935075 898493065 815414423 322789857 516469869 814046700 135480507 456378080 100916459 201938601 6531427 987244303 75968033 266437415 532542407 636451995 309418773 288607874 
298081044 736981107 251952559 645968764 537211752 607786838 154295660 405210123 841279362 635683027 614264255 570000871 800103490 772081547 473238420 315917624 221114806 401618920 331593446 794526895 820964380 789701341 202620060 338650930 534137442 565999425 74464631 150849088 833102907 950924008 399620537 807145688 704529510 682113923 781502305 158035916 176100504 847967571 377633185 458800459 538457264 85248807 788978129 811160775 656803994 847799115 454952570 248305841 16703989 703386819 
823639256 45321631 398599207 865724810 816743388 87054900 325584312 418687914 358818003 375442078 678966027 939761314 990290704 8334875 126139830 479751116 833822657 211853660 255314417 105788351 433531580 258299977 561615811 464657780 236609626 351659331 679101966 73482518 736867645 812725626 503219344 294796031 549736826 145878291 98232578 203032404 938259203 819543775 534158574 799466495 559598245 842371964 47736276 282634884 451600469 467159607 171963298 331269239 528939882 604551263 
728730575 606772802 108375968 778549477 829086739 932272012 232656817 705865203 275662736 855273686 812598411 831139939 11788680 550959703 856871581 400070563 511833564 273149918 309027610 902468285 257299653 809965004 261293834 967283005 693202268 651220047 564670709 41624102 309266605 824580481 104861151 435809265 740472680 607511391 263563753 566472196 31479632 572051655 334661163 479760772 459460693 669443853 914834386 986656761 559880073 311651582 538134979 992448348 249742918 656795017 
74045779 852386765 192849792 555536459 658561764 835558251 801586633 865446498 177822040 29002603 519781772 90382694 573824599 264109479 281160956 551911503 491754550 897323975 287931881 549805038 38457610 527192262 504029267 218643707 671589750 979779079 507551943 37556088 488974376 144487847 596922920 200127289 437698226 492315002 295304049 301506988 212477455 358569553 647796152 49748352 862824791 322089341 955956140 958409383 378549337 262984976 844162247 227447413 773120124 930943095 
802358724 269438636 434424586 106119627 599711022 588153298 762453454 684654902 213703055 966518327 363443088 270841552 169207458 170998222 320006535 107976328 432060359 629425889 306784773 429927506 251671655 789314122 571148959 565448588 597202366 113679657 48485455 377270144 81839981 921410287 131594513 868000425 519703253 529207029 863733944 34866583 509907594 402132085 574839109 305327260 692322521 269793947 230450406 135588154 569551992 415201155 12879636 604051591 39669413 593315585 
904146067 81731449 34238063 286336724 290214254 311664665 906148490 252748324 856063917 479350560 461804174 577158195 291123900 106249306 782186349 677963017 574600992 848370647 227329681 979868907 860235010 531984208 268739721 208299328 230011613 8482709 44283562 512721356 836363527 660429169 780084827 875921640 202392134 640819543 473954360 516263446 699640128 177591843 484887837 239955797 472946726 525413131 923161383 950366069 331916731 396775636 985556761 771407432 378534492 954433096 
630247082 492032012 390454233 697208821 235874457 288861496 229497873 821206441 139350794 933985978 794891523 888454925 196912971 944962789 290772243 885018676 762963654 384045963 827495718 604474 731229057 263678129 626276806 711696041 532764771 765275792 346693616 247788 235341027 728339386 306586707 789968941 138738659 116919058 613884506 932229156 510486772 420468033 479886347 323616942 356573883 196114101 233534115 987182282 371663070 209380924 806204077 199394544 463343087 880390383 
706549873 994846906 494946175 992577053 754928043 630738662 141464100 870946109 96937408 843166693 3093589 486906009 265603297 977257039 370942362 196707056 311738281 323168366 289427118 70517285 272010153 239997988 809894624 19166630 494248960 899622182 579997221 175591003 589523810 732501588 163353923 238007159 30521131 907483510 734028528 731849928 665755293 427631759 40355711 397502673 669143126 674115773 782646643 160852683 694473436 480189907 799305248 393702455 254302695 67294541 
705886231 421068140 592808375 425309692 881626410 482396416 572130967 968993024 947980301 603731204 341736078 552633011 133691496 87861221 810327771 174948654 170930784 579479751 189844330 956267255 617032485 912387968 131068038 220010994 746360277 195772853 220379698 760523957 406833435 846591058 857189637 629270855 485645214 525090180 781576026 21438401 878704166 180498195 771662243 94970828 108330047 663912831 280263973 804070793 983735198 615421784 30337745 79196773 948822908 582485159 
838761942 935588410 11833940 576611478 187981603 342350825 401372366 525358129 315048186 934129260 343342118 326688095 837585652 897405461 603325455 462713630 186214117 613446737 688934440 379858589 362962086 889939043 856667006 92470317 795198994 863335691 317798526 716912513 304618720 903952270 287840286 893170473 460805821 105839733 774096152 300999505 838915456 193466255 245848631 727648315 950998359 927239722 581705583 394188163 870502025 339901570 938638694 497479367 819479541 385823569 
437245329 174806138 238037025 835238682 807764588 348211256 105551173 495437225 391379063 155561510 533188111 90959619 141333529 925375597 897254660 384816979 518401763 902445276 32913504 372770821 425232656 181281295 257793223 632703014 574107198 554415271 245024756 161107375 932637047 232588882 15235267 278734093 141936557 643861251 567030781 437418276 51798995 768666383 915498947 10123695 767408453 717851205 558262972 396233274 852118671 510726132 638618072 24117227 580830014 260158896 
325281795 83010549 388495827 221743120 178289227 66230527 908289387 414072830 520564555 457766078 243962893 767154334 84700118 144269721 370929395 5986256 454474275 384483861 810599312 726339551 70639227 418132164 972502446 369768435 820510094 46307688 808727013 54883293 480886641 765388762 675206744 471917383 533838620 286513970 544387349 297617991 124886220 522647489 963803736 837493645 183106762 375265941 405099003 852448512 972698901 902698160 898016714 776835310 595535651 702148994 
93897399 784957818 214237363 587438458 153210862 413054446 15296011 894487415 101655238 693793966 181781919 996581191 549354350 10314647 395164478 861442195 917684275 126838279 635777573 732142863 568260797 102889866 301461516 263890236 478618413 48154872 913912399 698713381 359112944 925004547 932270273 910084780 355578001 855721326 443477222 399507169 732267589 641454890 748936906 577096964 179615325 449940634 117006413 908195372 641341809 879011468 220852076 758038781 805441524 852934435 

