50 50 50
681829563 86422926 930953831 434144091 442622406 43367941 144805309 72199913 624692817 14129094 877173414 140064347 876093066 120913228 510460559 200537521 993701278 511137583 63858052 231870096 119928108 18238477 186064217 659080583 141042596 137510054 703213599 22766907 7240400 445543895 362550661 307048879 636960693 42034855 182889327 351598982 916590285 199164849 999657244 832289249 61577240 166470684 375331899 10801752 266107975 998048053 35333060 825621212 135885529 344138470 
384944247 925148198 872179149 380591865 464593454 928241596 555197898 437392475 908831103 538319774 160974606 431381164 88601619 134219579 138328049 908502213 636911946 114333253 471105534 357348914 984758645 580113175 155789495 468476137 367183281 910854848 935685508 182894992 998582834 403738840 950291385 698358555 761910576 431432797 682080279 83493925 808159973 504124759 212812829 787530869 920532148 213679508 337627141 127322456 361945774 284679833 527537258 783548591 195055231 860434963 
79604484 444438662 740701330 711608995 48927790 998044979 923726395 270941913 717733288 93043311 744343439 269606548 424224905 463233188 8756902 279064988 547491434 142355169 754490412 646858393 324647940 583537573 513884468 155584074 962522432 741631286 673485213 231384709 198581199 376885567 707552898 681594006 64419461 194863537 990676732 750754300 110026343 950191744 227490428 750041263 758166323 310682614 276740667 637201523 775602083 103564757 292468409 702429168 71516209 547000901 
656821145 950177508 163372506 207768792 137021257 857722805 686589872 719925406 63274499 938366698 266785240 749470695 94909264 940484942 921974127 296471703 318796280 573199786 917000777 188803834 7105182 365274016 653602252 540610743 350712841 635894752 746894053 23780340 880086057 584335744 912697186 32179125 87218648 190056756 670009811 206082543 970211466 955619368 149059192 328184622 836340785 521868525 487752676 302765136 719969440 838149771 397978838 786037866 198411642 879902136 
488093408 48399267 221871329 871787002 839056711 818241502 812831128 596583893 149072528 182189673 135776756 648404044 485211259 98068194 489899898 423343048 310382540 714596318 235430133 231514446 990155786 485758711 528504332 161475938 426309949 17991620 9989755 231380799 812625860 694771097 270435039 920756756 763318581 385884551 996330846 392635511 225638634 967612506 192119839 587826056 655555050 955242914 767903764 901445019 909064955 280784824 84552504 336388468 181557967 136445047 
755928721 869248625 113795948 848375124 122198598 261250573 875451967 945392175 328707968 700103371 635784783 943822636 871659661 468230587 335907888 882312415 804837239 298666136 88245535 309393051 540876776 201970572 846150260 251788380 326096977 325844162 210289715 672891737 19655203 843683062 368293398 68538804 765805333 959145194 200282223 141146826 512290761 860862766 525287481 943485902 98413657 864758764 312197753 489793660 813079818 40995005 433755628 594639732 906125860 338399567 
203258878 618891788 525493501 591291916 501003279 877330511 948323199 821944233 771137226 693905597 775798030 936487684 549481397 478320657 969575208 252892955 468998800 741580183 221901893 296724271 881984346 668326963 172018470 953686984 336674825 720243243 408211358 377558557 150863962 757485199 27884302 17913387 236239337 334064645 767275633 754122398 144541006 148287541 357956542 400428121 30274760 110804730 819002714 781466781 854595118 130524437 851740795 168429005 691106694 512582660 
368227269 113121190 436714804 812762161 455126502 620509548 579289274 99195968 751411997 159899768 928788406 834887313 301322566 230724934 379622128 13522611 433263288 70985093 839417442 756249380 110848616 624701671 432980432 308536998 504042994 69321169 970133659 263932659 236362295 44821617 452239159 885470731 878356827 223346697 84600888 595688928 778104556 11512261 860572924 62649867 246201524 987099976 288082909 822062029 445743544 137674099 240412335 44539567 77051249 90726522 
230458903 882235382 92398995 303276435 631338524 810527549 227764854 613420944 496067289 518134193 96627813 647152951 665196937 192977584 955095293 320833957 793659622 501313069 18152453 83028152 776711396 164084216 383582243 598976189 809745426 797160621 203113143 296806095 977880173 601060044 729609283 566649589 838609492 560952233 264625385 432152576 934434862 49186734 832406923 198438179 552282866 110282236 614423735 921402000 332643560 252261082 792782648 540288786 523748461 268406556 
471373421 168820153 774739472 469967348 770359198 349713792 366663014 723027545 22630813 43254279 691256403 851707089 240102598 742646345 604876315 295051714 663234039 387201556 8552070 386417791 258920766 678979826 635029049 261851963 489905025 999327281 559800768 197911404 543114277 368822607 395510471 129565416 474844306 797464029 477736425 205264418 407460477 931499487 605057269 498958216 995299678 119123058 57427507 417790080 866711973 889330743 684274785 919388477 644690006 366549059 
827364848 384124749 450291118 328220463 723361679 875398417 501065564 453349673 817143692 564959029 530961501 807085192 109319760 300467406 278685937 759731097 260021257 648945242 218257619 348153980 675929638 262456832 38496889 553370573 218631127 81312459 117454194 90171536 489773947 715277944 383287463 82957735 872135357 324720229 504856341 436535194 635589063 461314358 313308437 801435334 453096254 621882408 720191686 780397447 614226680 719130030 168133437 425971042 72348138 279492180 
826885810 138764894 216506608 940994091 330544030 791691581 920151277 742979654 841002327 277625059 986241848 774754025 618220076 706210083 581908545 981633202 79628573 160132353 635717295 314588028 539016257 261978320 456726436 953615840 429488627 799884339 26903237 35168140 835606507 313494818 517101553 170407821 586564297 851319529 581685188 53765206 995277339 76400279 898013731 630206824 567506011 519268030 234390786 614827036 650651209 55491203 53707333 639816891 43614202 619686384 
289895555 941560951 47121435 758683608 470441635 294557305 298172896 873607568 800588359 849051870 2779832 903957403 173491757 635722899 857916633 766337660 325478106 763447504 36618032 76313033 516681302 755126687 99411842 553930397 184722621 41741401 590784330 41771585 992728082 366256461 381134030 248970643 572861465 736685758 522676609 175449777 52683883 611576234 502022128 667698461 144033193 201364452 292653237 710740573 172749992 125504059 537290995 870504433 932459125 177958355 
523142644 766631300 656749144 622597352 352283540 577828060 721474138 265233562 854933266 360190025 912535773 530476982 345143708 393490224 224386331 909284031 276424796 861251829 190625290 437021327 219091339 917490782 690446475 312059965 351622129 596335764 23323876 371361665 835080547 80303047 799208450 902213030 22653326 558824387 852640104 188210074 445622477 280695826 956562278 262789725 912592579 432436340 585259494 575051091 860553965 159114680 355720513 660304089 304369818 385024011 
62863246 451728359 345533199 88653531 416439740 569721184 221547771 339726890 686072657 781957619 304043667 715647713 465757963 839882345 286748137 680512238 680299969 66297142 43687758 131920112 773529569 393903685 283507800 599134215 741787480 36106916 177550976 510711021 306038718 609078793 597346581 540542735 52115816 318028090 461418415 288323715 810972727 770817402 961827565 453773129 899462576 88513230 117624396 223516353 97036490 245150656 185391403 805348320 394892855 987939607 
946316713 916671741 621489314 264334663 784745791 562224039 21962741 813835856 774916613 620776322 748885298 470083370 700591412 601309172 7916972 762753860 46555974 426239275 294298681 608962209 521465404 252591758 754762086 240316925 598272572 151583439 214315237 24473528 891483984 932902320 818496463 508975197 929745106 522038895 559070988 840365088 27765050 77345649 174778124 693000343 513348839 468070667 48619587 979693225 523312294 825432290 759311951 910249684 946313514 625871762 
886909652 414171381 861141964 168940927 521237301 550232098 995764278 371852860 676653019 288335629 315433649 518543094 477797413 968006067 837427472 973159778 548365511 813058469 165486009 896221242 508571755 113441732 38781933 686249904 866861216 72941759 398259269 210511508 877552595 865377841 87437572 885559219 128481761 142120535 325285024 321602527 721347202 90205018 515522123 554290681 912341584 153008561 789725271 853321410 991786569 694406598 920857492 719355492 998870573 212517117 
889361393 959038097 591222290 190588067 435706877 662498533 18935385 310278174 391294735 498519592 688792630 546526720 443873999 989639055 246820598 613403137 264139790 332764967 455938990 336772479 596935536 890457927 400350956 792308565 3491276 693852695 709454322 466331220 430388206 170262826 561435977 272140020 676446409 836831439 200344313 985961907 130491621 886162363 580318233 554325281 860963695 430685443 536782921 768618788 252588135 669580672 576806452 2788173 905839162 395405965 
979443377 66569744 441681049 67143498 401774659 739354476 187081881 142200012 597485919 218722259 456052384 481967136 172208852 542880643 286469272 423867237 523483542 27688143 44701414 547381515 243082112 896637298 268064124 252376875 295566940 576118196 479385234 15118498 229339686 578478044 478474114 590675457 525069942 501838264 792042688 489996872 941275203 438325396 546635412 775756693 377956787 1317737 18382831 593135058 346579090 257504745 508901295 880025005 608312201 81001787 
998419109 385723086 922340879 834457728 235217281 467983525 132175880 826038720 534730736 135384669 10286028 691366299 582163936 455278260 380002405 705933584 959232268 757160997 38529182 46218625 948648625 27129283 916027808 186659126 409232679 511147435 723124601 944848153 160027323 823180624 62824309 168755811 363565498 788814065 612695263 697477100 856437997 845799523 519324158 20951568 239570579 70041824 589421858 14295526 811126625 798857002 210593927 228833051 101709582 382905076 
189672766 484607384 854547020 814020309 857640696 928099273 782595757 848231950 857556591 294074628 330016039 771589175 5531059 841928958 967219586 140974043 494678185 324590801 256705037 672906465 498104595 391993110 41151495 950416043 919379575 31315108 625749085 771374884 637562493 2643763 753502935 771257317 98746882 741398694 505255135 419111053 517213202 867810085 995426816 607596178 266664926 268933691 879990225 836267724 265656009 700133515 244938914 421848101 291199996 990656908 
401531323 260056074 190683781 231872789 478841373 410629477 904592835 776939106 474657601 180498573 61186112 487110193 602529246 439637893 659142670 422591138 355766900 619944423 15334577 94790432 698461880 219560200 722263437 472018310 189097162 663378141 833330516 162123208 644079942 55039615 873993785 583253972 156534300 696553099 562997350 477880864 899949503 248733370 320241970 825403931 166787976 58980867 736498266 65122188 518914493 492491604 185046623 554032718 759715921 68807730 
666460754 352873950 677038625 827689497 795135201 759022890 151578799 626609897 559788947 486300933 277118223 6743082 120060869 29438868 597006333 855138156 437445382 544896254 425546946 337840671 981199169 529926355 493455946 482043603 98483129 688222691 833313959 344920772 892886024 633178593 903945770 922615536 616609709 498736807 441916600 824927764 648977943 103000939 423842280 269562939 107564091 41226599 824968849 134376840 18115854 972504577 567484816 646870441 755587613 408394329 
166286816 787259026 160973913 511961134 100427541 634760477 337270828 772115525 865232582 696318019 632774227 930849020 993080335 722792425 731056807 209905534 70097560 639729738 84349171 708622966 921529994 998130396 150682349 826124947 690306689 785215994 25032129 698737997 491322701 526010626 90838796 937454780 688224613 353623421 260658185 400458946 609989233 129439831 223332959 342173272 701345234 753999106 869955950 42987022 684094161 525155828 732030002 942764893 295645782 772193945 
832611680 376434266 566590147 22881495 824859197 241393337 400886699 645025168 672287087 314177785 430258651 244903620 411164026 477769357 728638497 102029145 727871873 821124189 993018381 573007481 182677676 428945078 223817067 706835717 916252614 692416293 770882660 279798861 586405312 140565599 850508446 80195564 99878799 117112743 284346849 551444341 427694368 109109585 262864285 836691351 422407490 171372128 393987445 858861417 91774002 684649703 161849658 317164487 225708031 635672690 
191053552 384389485 622045099 713664389 388623826 448888338 411507664 780598994 118832502 460973111 143402023 691432203 55335801 315519242 360959600 15726669 250570595 230888694 368867235 943539824 264115588 268856647 775414743 546136584 899730249 981045909 177820406 606035216 215042600 664443632 51678168 431089652 988364701 861895021 504102696 423756883 753872105 553038960 55031789 689393545 849391926 946971444 22277995 636370841 660301638 909991863 403304393 345992586 388548521 840108809 
370332117 471646184 227557798 234551151 625270256 564311878 781804929 287351647 897091172 15500769 934085408 601139412 806657637 258887379 134023639 500599105 172640432 478348190 258119735 494623947 587048370 832812459 774641059 150010820 750025038 127277143 935923493 11615427 620949871 934533037 116154630 232206239 916513538 403594730 214469445 259825767 866320656 378521796 251196407 271288727 422705782 995264647 899350149 37516164 313830859 624363137 713974277 559725574 427766248 883771704 
248696045 125066913 20138716 458780126 81862162 396115154 149064180 634943922 13882999 770699827 558464550 775134452 342920268 526872682 954501597 453263196 177810705 202384962 249743253 594930789 205126902 248865558 885810603 769196211 191533118 247962515 787636734 725856931 773102907 880029688 851101261 379076519 760022194 395511403 120687391 700890667 268109988 554998068 974940992 407069106 477846211 875995619 704893994 893004888 717104298 552772762 844247270 608748860 865543805 600219604 
489991201 950002062 786626294 613471658 638274278 785823838 607475181 32124193 252713852 944009374 187308558 951181084 380975101 331535020 41931491 330453837 140327497 880165716 324782138 919945698 804020903 176263473 204283874 340826892 537706177 459031897 122763476 539926827 558757751 652876326 973953231 270239810 621238893 237255168 194102465 340760530 765382852 51342672 125982064 126036858 212845874 581019382 785573289 229146561 137621286 882150920 337989674 251376213 797386046 56812219 
172189292 337699589 171184524 118058481 453291777 539224077 816736786 154040314 426822771 62093805 134291644 933705303 550966062 156907720 603827262 484023889 740911474 743532430 848535253 712622453 623644700 863258912 569906821 849902139 722032559 703572871 498372468 341166967 913815288 250378998 508329229 831980310 344125557 588339385 957522880 58914089 209411067 492056766 128134475 783050058 476145669 229153967 370554432 385038470 649472312 430870293 180709100 378214129 164928054 476617129 
977938548 890215331 840659524 86004276 792806388 113746803 98045400 715169508 422855722 833572705 335399892 913813889 869207751 399521047 922438842 15165753 28032870 934226542 772448524 403166468 678306324 139533975 344604401 129491766 780893708 796929288 230645268 837592190 983894334 945061605 188115812 791756858 15303242 761363616 596648728 306275306 336435274 374974354 834264914 23091622 28187945 194612428 997428490 295916687 387102098 847744263 721601003 404583152 119312469 496336275 
598296884 445499463 337862964 119675629 830150417 522378690 792494455 336189775 317261687 295988508 890895393 473889718 326097554 42489015 106538608 893007733 256480710 116995422 310610437 14595369 792708432 122322687 414171117 115292828 901599777 142439997 461567931 711176388 723278332 115982613 977256058 272535578 389755219 797239628 935564030 86627122 201884572 780355979 196574463 316898308 397022250 747057635 631172440 694867343 947725579 439028984 444447937 824793887 446090247 853142102 
399020498 781467927 148827906 811057447 738487609 537890955 684946444 364286170 616081321 772318229 760901824 461624610 744749737 773076545 437349143 927941209 802263425 484766911 197127480 81617529 848579528 220907507 75871769 252514069 642578784 205766700 584652118 53153022 281424026 902081943 18298891 502879636 28170955 31555308 13580192 8084627 541895497 301461937 898155515 761140065 979484109 113402844 454237426 336521829 599366693 949178790 210151207 134661698 564854608 703957589 
268489826 852392642 618378847 968352000 981319580 343421176 177806136 148721088 490899415 73080948 192144243 358953255 268635223 868691863 786329578 217183912 305497403 820169822 323423918 37346866 533888696 995101812 17429170 418153242 393956350 98322016 641062400 901037342 196601129 328094568 190215964 193803781 80942676 459328884 590460299 438156214 915759765 618824106 660829914 136982757 452430300 308359106 586266017 651218467 401155233 978515107 92471668 626300980 872757129 859438275 
365568302 314680472 805102554 814319692 513825800 523540338 576205528 697190741 29870088 835830380 995326229 68702110 279156085 827909802 258887818 151874855 514125726 238542252 259791523 594382481 293354546 431680692 846718284 944743044 471122154 39425263 244262635 746870867 115225403 371732457 865252870 810757660 809485771 35899119 173369006 526622912 802284942 221540618 87177708 55694240 373595903 275727085 655961618 852848287 610359015 518137680 383227989 254663040 503686314 727537638 
625539541 801003293 911258885 368578379 952318033 549080398 464416004 421866260 216529029 885998740 941817128 630440784 356664275 249120966 980190388 82248496 627195551 723154467 247564611 310894111 37681990 698682286 365514277 515895466 269970584 648931512 934329704 78864758 238437283 609892614 988657852 283483153 759974155 133473688 91041347 34831757 508435558 324193698 56916933 417586812 542514423 66989183 997016679 132782753 216527438 707029244 961748488 209291467 210345465 252003854 
977015038 898862038 747713914 633170846 672063262 332510141 811464861 683517466 17339257 341241668 309631440 269712227 913956101 825540701 698231790 449093793 506265405 195746857 524498597 613763139 125155517 699392747 718587417 330916262 712082674 901767227 232305280 991874439 422474029 192415834 800158373 441840006 862024175 952984758 181025973 478225067 70539878 940760163 228025008 477471887 935370143 517450029 529638120 438602834 190091974 584201017 166935226 416309498 534004762 471537777 
339726911 657209500 694118970 576858284 228745549 749970597 443707895 242313068 481457786 753322236 690123854 222342259 135870320 575544014 749462881 102839498 629697804 844842012 836795304 202856808 781520624 132093421 618061691 814960356 276067256 665760499 393367049 121791547 237513901 613345301 111288737 764084347 932702633 594576774 949946319 829333789 510435608 338592084 642964479 980506880 953512414 300694821 77092970 550631976 96934207 613841963 943130232 691798191 648706550 965833386 
382930280 86041493 638930753 865246420 642655276 300789775 618381302 287479265 716068706 602984302 229524245 876837114 841547549 933690076 480940465 721415148 502623840 788953582 170373945 214602747 274249355 952860804 422134267 670353709 455610005 385194642 231340055 168937765 935198931 78785315 240497124 575708533 144990437 370593408 713164152 797493758 277939660 15759945 814965660 119533857 166665534 315303547 863969999 900465043 351057676 725839826 170458138 993663800 898680302 673643732 
450366760 10339486 484229453 745570394 567196563 943082614 82932339 35796149 533935387 728145959 387660492 190035665 289552609 40557096 720661497 607837490 753879579 988229618 778196315 338754748 60198915 399562609 20002591 439633733 666622476 83586272 895387063 947957798 255346649 782533579 383882300 170129958 943130498 533786986 520787136 683772400 346850819 811470149 676541554 309566434 474745455 127524550 363770694 320852182 246964482 737931898 256964751 328152135 688306174 721812363 
927144734 600978218 481523123 979450172 517496805 70727236 621340941 629867748 215840562 896165122 367340534 879389948 915929570 266945358 558112066 679710451 901965375 70802548 619597223 397292724 739338696 156507275 277293572 275507729 809494779 187363752 65002946 686731748 87952217 498977106 212063698 43697252 831887753 950212271 386514173 767710433 817332137 487712225 73392893 895919180 645905143 32037898 75388246 750635748 427150287 337438215 737309149 590788463 834913153 677453395 
16354974 318897382 134839563 565000132 446921474 126538808 284952795 228283068 381687284 427084226 622402046 232821221 629982876 546569368 966856846 465074565 759952122 421869232 194655063 674600407 882774341 989925681 467695287 909364851 695222492 42594020 337196382 472779909 921090644 68745769 884830770 481232125 62532499 8584509 912370039 707313983 549109578 904702931 945864945 156664380 955356182 150228520 481513819 745270253 946925775 406476325 467757426 519276250 10891409 290847212 
491769759 90794903 827530205 620280642 518398248 350905199 348930445 336390848 315738896 64972581 264016801 235486087 893915090 655618383 550097887 279990702 382261444 335113009 237797346 577359974 774996823 761661334 349237924 78398270 886603801 562994790 208606007 668961170 675514198 395879898 969731298 607342681 818333460 691598000 257074556 194218579 46719331 875146498 274524131 152838049 295163199 639857089 600659655 444224947 150304985 809322052 159649132 145471627 441045776 424964599 
533703524 578777292 63604857 960284769 866020833 94704276 296800336 981757863 92409086 785195149 930216445 151557188 135286064 930214317 501551769 198719082 995510911 166447936 819327330 373062367 385510751 207316155 733264412 940120718 661423302 440622518 807026475 475541090 332484391 883484746 146651096 73847003 352646541 783762540 142881466 99160617 732423543 623017419 296739117 774422942 748212740 398110489 615063301 730846766 171855409 836864097 286374006 620782233 494952650 637783789 
477299690 34870384 80462928 914657111 125942631 258305050 538364224 773916320 550938161 851219319 392672418 355972187 543596777 644657188 283864726 731296525 365400478 506287539 533765253 757851459 734258518 148961693 889207264 378533284 450309201 330412129 656294678 865620012 785688455 23834288 238843207 203780842 142567924 526789832 302589083 144027137 769898284 19813769 401011557 458054195 521676568 786304266 919122828 575743549 738188836 161718740 618336730 98166010 336562444 292794904 
898536175 644245753 108094847 956461760 132715775 111316234 37208987 13299287 75085284 708118930 180517703 551852471 395276464 53366089 274362892 417799608 849303701 223809501 775327454 615920424 462187482 882826969 480601286 23004989 367656328 523858690 223715284 956289495 627101751 422596426 396039855 404700557 432967686 107648188 205577760 149134599 591014517 31471555 651963412 573194732 71404920 651689415 170213982 697252283 720317018 317471694 775660112 856395927 931797670 196487389 
328617149 486776331 193827427 975001351 229740499 685049810 943075199 217010558 455641387 562069573 89579886 77884872 349222554 924668565 905602743 533797943 990325460 488323274 712153243 410303669 289664336 648683158 942197939 271734532 172654446 821395309 711320542 667667804 349625067 497350178 984608633 323526645 205040663 454418289 792800505 609452740 280736077 16944218 721233428 24908015 676804994 860708990 71892413 496032748 448662990 623767064 681866190 998608250 739940121 502510307 
370775478 391542099 958240096 87505252 385245581 374114612 774436485 925097012 10254032 164795344 106058523 678466777 725191165 840258629 531452828 305776454 896729733 270297998 773789123 373228645 21107157 237658609 992611899 477315586 955182162 641378686 625521590 763226196 408635044 648049309 433703108 695325439 208938839 277474248 222400781 560815629 496236419 187530147 431073042 669134568 57016185 357598815 417841857 847340902 463487271 960763071 798985380 625682158 549812397 962028261 
646605105 457736251 26864891 883151446 696231049 425962814 713933759 734231285 971012008 146195665 948808766 328031047 390270346 3553521 226935333 65078255 997583578 427440506 15836531 805904527 417187981 644754625 992757672 631359135 27382339 238116357 661496538 132750787 125742277 879875653 418640335 370641841 53339202 812850801 659937931 794439950 843789951 5197531 444293978 224501983 467846474 419502825 565879678 464285869 155367642 505142217 624111700 232155750 593898029 848135589 
826759923 880766921 26711273 894181213 813201433 806526475 403058467 798243376 742846536 542446512 769494954 748014024 258020257 274776909 33541709 558764397 701090509 927124664 79569975 943547858 142392062 15337861 971681069 625410266 358503193 192251609 639485896 377209907 889689702 773464690 10071451 149843876 700838787 563635010 23074451 681123487 771963060 987352980 345665270 365236447 152363131 869471845 890377678 706678886 626794062 206844424 431103216 382735361 162490337 926736172 

