89 3916
707613308 645651829 998716745 811164585 747599319 779687135 210026711 625720129 330393893 265162627 55737837 263441118 598118199 702166497 106067952 175547962 35348083 439724148 410334850 959378001 344726616 147640799 882440439 590100518 184654024 923892226 652276243 373836905 592148993 917398291 774271710 840707778 471417522 322739398 56457200 854978050 625502745 185776210 932962387 298939766 898376485 633854037 929446186 700862216 236971459 340657988 980976885 706783680 25247859 23960537 336399880 806084925 941261207 937208423 483379907 243626139 553499469 490799878 553317832 707833719 376957261 703443724 826813846 86479441 112421647 773815370 716269504 326217711 310460896 283287109 294829956 45157039 198580508 616249952 504185914 754375315 78157260 824129471 315018614 216197538 780662677 204453260 60425055 436997929 452106334 682698269 994362037 276649777 505913628
1 6
7 48
79 45
55 27
26 18
50 59
43 78
5 9
31 32
10 40
75 69
50 58
68 63
19 61
64 35
40 33
12 79
1 25
62 1
37 28
55 79
88 85
63 27
21 26
80 12
53 25
31 76
13 27
66 57
41 68
42 23
75 5
51 63
87 51
89 27
64 42
9 2
11 75
80 50
52 43
51 77
52 81
87 41
22 6
48 66
88 57
60 74
51 37
70 35
52 12
24 17
40 89
78 89
48 56
21 70
76 36
49 55
29 63
4 73
3 83
18 37
4 51
87 72
38 75
78 42
2 11
7 46
74 83
44 13
19 44
87 37
51 28
60 25
58 3
59 77
6 81
44 69
37 40
62 63
79 18
40 84
52 38
26 61
44 59
32 74
72 44
54 63
61 51
25 24
66 33
35 78
69 85
69 23
64 32
61 17
57 8
43 51
22 37
27 48
83 50
5 19
88 51
8 61
4 81
62 7
30 58
88 18
27 50
35 19
81 57
6 30
80 55
88 82
9 76
60 5
65 5
40 49
21 89
40 45
55 24
78 20
6 75
20 67
43 55
71 89
36 53
80 69
58 78
60 38
19 60
40 22
10 18
34 75
30 20
51 15
54 15
51 70
78 4
20 62
48 71
81 20
59 75
6 42
28 76
77 72
31 2
31 89
70 39
53 2
79 34
50 43
2 13
66 15
60 23
50 72
24 2
62 77
66 81
5 31
82 64
58 32
23 68
21 60
43 34
67 54
82 46
15 28
33 15
13 15
62 13
63 64
41 63
54 39
35 46
21 59
82 5
51 26
61 34
64 49
14 83
17 85
53 21
42 66
65 49
85 51
74 35
37 52
13 85
48 45
25 37
13 57
48 5
21 87
73 22
48 28
17 20
51 8
21 22
31 77
14 53
78 50
74 72
23 9
40 67
23 56
31 80
46 63
82 37
49 17
14 33
24 4
85 44
73 11
20 74
52 56
71 40
33 81
78 30
77 39
55 34
53 80
87 31
41 50
55 30
41 54
23 72
25 58
33 3
74 75
86 31
17 19
19 39
62 83
19 7
30 19
34 44
35 31
75 47
28 4
16 43
83 7
1 26
4 70
40 75
19 88
22 59
37 1
49 18
2 62
43 53
53 41
32 47
77 21
37 86
16 37
78 41
66 65
49 47
12 44
36 48
32 53
48 80
79 17
67 89
9 34
55 15
77 20
66 5
48 13
2 28
23 65
73 30
9 87
49 60
87 15
44 8
63 34
26 23
46 34
74 29
73 3
13 47
86 7
37 71
81 5
58 7
13 37
26 71
12 8
87 81
63 79
84 8
85 53
41 48
52 19
25 61
76 6
56 8
10 22
42 10
73 82
88 69
12 22
2 34
85 39
8 32
81 30
10 46
20 36
35 57
42 13
71 70
13 25
75 23
35 55
39 6
9 61
81 21
5 2
87 29
89 55
54 2
34 69
14 13
68 84
71 23
30 85
17 81
61 32
33 64
8 43
28 30
83 12
12 75
78 46
8 88
41 26
57 7
39 23
37 43
33 20
81 14
70 62
20 14
8 39
41 88
47 60
82 52
14 79
40 50
7 65
61 74
54 74
89 48
69 13
16 57
53 29
61 48
34 71
59 38
86 76
27 75
80 41
44 57
43 69
39 43
83 66
14 29
7 3
57 61
56 18
30 54
37 70
21 86
84 44
49 84
75 16
86 20
75 84
66 47
63 23
16 23
60 4
9 24
42 35
75 44
35 88
6 79
88 76
88 50
65 12
2 29
53 52
32 49
10 7
20 58
7 75
54 77
3 21
47 70
16 88
11 18
78 69
52 46
51 53
58 35
37 84
16 28
28 32
71 41
73 81
43 65
86 85
18 82
27 67
20 4
54 69
83 19
78 45
63 5
57 23
74 85
78 62
4 14
28 7
34 15
79 48
25 89
42 29
14 3
73 31
75 71
41 61
32 57
73 17
70 18
35 75
80 85
11 71
45 61
73 55
43 56
80 79
84 14
28 55
80 73
75 72
63 35
8 65
72 58
11 12
81 86
26 64
1 59
88 87
38 27
75 88
35 82
88 63
3 81
58 82
11 35
75 85
23 21
25 40
27 52
8 50
82 7
74 53
50 9
68 32
5 28
80 47
39 41
84 77
82 48
71 33
35 67
57 76
11 32
5 70
35 84
47 9
40 54
24 53
8 29
47 15
73 88
25 69
43 61
47 65
21 62
77 46
67 50
76 29
56 81
41 84
37 24
56 14
26 87
53 65
76 16
72 11
39 62
58 5
16 51
15 79
21 51
78 26
66 16
50 86
16 38
42 34
54 46
72 27
17 5
30 67
10 34
77 25
84 58
2 73
33 42
88 74
19 51
87 71
76 84
70 43
73 76
79 82
41 83
64 24
59 20
64 47
12 50
58 48
79 25
17 78
59 27
62 5
68 43
64 15
1 65
19 82
60 73
8 17
41 70
43 47
49 62
21 30
16 53
59 8
54 5
7 68
4 38
23 30
60 3
85 42
50 6
33 78
9 19
12 62
71 16
9 44
76 85
69 18
65 67
57 85
26 24
71 63
14 46
28 75
78 79
79 42
82 42
46 72
74 89
33 51
66 44
12 81
16 55
12 28
5 41
76 82
46 33
11 80
73 50
65 71
32 87
24 10
40 3
46 4
41 57
85 62
2 52
67 43
20 2
67 34
32 23
55 59
29 21
16 18
78 85
88 43
46 71
80 15
29 61
45 85
34 6
36 62
72 65
16 84
81 26
28 3
45 66
55 72
18 76
59 74
16 4
54 34
51 48
50 24
32 51
33 13
56 80
58 75
72 52
17 18
53 56
42 74
66 2
30 49
34 45
45 11
32 50
33 34
62 35
51 14
38 11
4 64
79 84
19 47
12 48
25 63
20 7
47 30
16 73
46 24
60 33
40 79
8 20
77 61
44 52
30 69
82 50
56 30
71 55
47 8
51 64
61 69
4 42
6 65
46 43
72 6
24 43
27 42
8 66
10 3
78 8
66 68
10 85
24 58
67 1
68 51
44 41
30 8
79 66
52 33
60 27
68 79
16 29
67 56
1 31
89 19
89 59
49 58
66 9
1 12
65 41
54 47
47 26
23 8
56 46
58 47
89 73
59 87
83 6
53 63
10 67
35 4
3 72
69 24
85 19
80 65
57 48
85 31
8 53
65 38
55 8
36 28
25 84
37 12
25 3
6 7
75 32
1 73
16 50
26 63
13 55
77 1
46 27
46 50
20 16
63 89
62 23
59 18
32 9
7 40
38 71
72 67
50 68
84 19
43 35
86 47
85 25
39 61
73 36
61 24
7 1
47 11
75 22
76 80
60 54
35 30
54 8
14 35
35 49
21 43
65 86
19 13
53 66
66 60
58 29
80 52
4 47
84 27
70 49
49 26
40 14
52 26
60 85
28 73
7 12
86 59
68 40
54 71
23 43
35 24
68 25
75 36
84 33
47 34
13 74
49 9
11 22
35 65
51 20
7 39
36 63
37 29
68 2
15 73
47 44
75 31
46 76
79 67
38 83
79 89
60 26
30 59
31 30
75 89
73 38
65 77
54 64
82 17
75 57
69 83
70 28
30 43
82 11
39 38
68 35
89 5
20 56
1 4
46 67
35 37
3 41
24 29
25 56
45 38
70 16
40 29
36 23
61 44
25 70
45 62
69 40
84 64
18 21
42 7
65 30
65 61
6 53
15 72
65 85
83 18
70 15
89 43
69 79
48 10
77 88
86 87
32 81
54 79
72 35
1 11
40 2
54 72
76 24
74 30
85 14
73 63
3 89
11 28
23 19
15 45
18 53
64 58
22 5
23 3
62 41
23 25
7 70
4 67
77 76
49 59
49 37
66 84
12 20
54 49
45 39
60 44
24 86
65 68
41 38
49 28
19 57
65 56
34 56
16 40
88 4
28 84
10 69
4 11
40 51
24 6
49 74
81 74
23 79
7 77
74 12
6 21
64 88
30 80
48 3
9 88
39 24
82 66
45 10
62 81
29 57
65 52
31 81
5 11
61 58
24 82
7 55
74 11
38 2
47 39
67 21
44 20
57 38
22 52
55 68
33 11
53 55
57 47
58 68
34 76
74 50
6 57
53 12
55 5
6 16
53 88
11 19
40 70
76 25
7 72
13 32
14 50
57 64
20 32
56 29
68 15
51 82
4 59
40 27
62 32
40 41
55 88
14 23
43 42
70 17
85 4
16 68
51 78
64 41
17 36
41 37
11 29
19 28
78 73
38 1
76 74
12 46
52 87
75 20
4 10
39 25
41 35
40 88
83 22
5 35
30 37
6 78
55 44
81 11
10 38
75 8
54 25
71 80
39 50
33 83
31 68
68 59
9 6
45 5
84 38
67 55
39 88
50 15
67 5
1 82
68 39
13 56
49 79
12 38
1 47
66 4
79 52
17 75
6 86
12 84
42 61
18 20
67 58
35 8
12 66
57 60
78 32
89 23
83 70
80 82
61 36
58 88
64 3
45 31
81 64
47 41
47 48
30 12
18 52
80 49
42 37
7 34
16 24
56 62
42 30
75 82
5 71
74 31
50 55
64 83
26 45
6 69
79 76
62 72
53 60
23 81
16 9
65 31
9 7
16 49
45 23
8 1
42 88
18 40
83 76
78 65
22 14
89 44
67 44
53 82
62 18
22 13
14 31
51 55
56 73
36 87
78 29
40 13
40 4
68 4
62 40
75 19
33 12
3 16
38 18
13 58
88 61
87 57
61 70
46 38
72 61
52 25
86 5
34 27
73 52
51 5
89 10
13 21
89 37
13 63
4 25
9 40
82 83
42 32
28 25
55 60
67 11
26 27
38 88
13 83
64 61
10 37
77 18
20 27
39 76
56 9
38 66
7 51
19 15
83 56
25 31
15 2
21 17
67 84
56 76
54 20
56 1
32 7
28 74
59 5
27 1
70 60
38 89
46 40
44 78
40 63
46 47
74 16
41 25
29 62
7 84
48 64
68 87
79 75
51 35
7 47
17 39
61 49
69 5
46 21
77 63
40 55
73 61
29 17
55 42
36 49
72 31
70 59
59 45
57 40
36 66
22 48
10 74
56 31
49 5
85 73
59 85
58 66
72 13
59 84
40 44
55 63
50 13
60 58
68 60
10 61
49 12
46 16
9 35
82 89
73 59
43 15
17 2
26 14
15 17
39 46
55 3
75 26
23 10
64 80
4 9
26 17
22 46
5 84
41 52
45 58
6 20
62 59
31 88
8 81
40 34
55 6
60 63
20 68
88 29
69 2
82 49
4 31
55 23
71 13
37 7
46 51
72 85
15 41
63 70
70 10
75 62
20 57
54 23
11 7
49 2
79 16
36 13
78 25
16 30
42 77
33 57
43 77
80 77
36 41
22 80
76 40
77 64
22 2
66 61
75 48
33 50
89 36
61 68
80 75
10 84
25 82
44 27
85 2
82 74
18 34
74 22
24 33
35 80
33 63
18 41
25 12
20 83
22 71
69 63
74 15
26 43
34 53
56 41
12 41
7 80
32 3
32 72
62 16
6 59
68 18
27 9
31 62
9 20
68 37
56 3
37 4
60 80
88 25
89 64
44 79
44 64
48 37
62 60
63 39
3 67
15 83
20 89
66 55
55 9
45 32
39 20
28 85
67 83
78 1
38 30
11 86
56 19
28 40
23 48
29 69
2 1
78 59
7 35
78 27
61 23
82 85
11 10
17 55
34 28
42 12
54 26
81 34
17 31
29 77
32 79
75 13
84 9
43 76
3 12
83 35
24 88
84 22
47 52
78 36
64 23
27 74
11 79
22 63
84 88
69 37
19 86
84 45
22 38
17 71
11 63
4 54
84 46
80 83
10 27
3 49
2 65
87 18
1 85
66 31
21 8
51 72
30 57
48 25
16 7
83 25
27 31
51 86
9 67
46 59
23 86
43 86
83 58
46 83
82 4
40 73
33 70
65 62
51 3
36 79
21 79
40 61
48 74
1 68
36 10
69 7
24 40
44 82
28 17
85 26
58 23
17 56
80 87
65 40
48 14
46 79
76 58
68 10
82 36
78 37
71 59
36 1
19 65
3 26
12 71
66 88
39 56
57 37
52 49
53 76
53 13
8 27
66 40
4 2
38 58
68 21
54 75
13 23
2 61
79 73
65 64
88 23
1 86
74 19
73 51
63 6
5 12
52 61
82 57
32 76
89 13
30 68
36 81
45 9
6 84
9 83
55 41
87 73
47 25
39 11
7 25
82 39
51 39
56 59
45 12
14 54
26 16
37 31
65 81
77 57
73 5
36 65
77 56
17 38
2 83
69 4
81 29
81 68
74 23
89 57
87 40
17 46
86 53
57 78
66 6
16 39
9 26
30 32
18 44
63 48
7 22
66 46
50 26
89 53
61 38
35 26
29 1
23 12
54 35
48 17
61 76
28 83
69 82
29 27
74 5
1 15
9 31
7 67
47 61
69 56
37 26
6 12
46 9
76 20
28 35
19 1
60 9
68 3
12 14
87 8
85 3
5 42
53 81
18 45
55 85
66 54
12 18
10 5
12 2
61 11
21 74
47 14
15 71
12 67
36 71
4 41
22 19
22 62
64 60
19 36
80 44
8 31
45 73
56 54
47 36
34 4
59 13
6 68
73 25
41 8
79 10
68 54
17 52
3 66
58 9
32 84
57 58
44 39
65 25
30 46
11 24
77 36
13 35
42 22
81 49
14 76
36 9
84 85
25 5
73 67
33 43
66 50
62 4
70 80
53 78
21 20
64 68
58 4
78 49
21 65
78 84
6 36
16 52
67 88
86 62
24 85
6 19
43 14
21 33
85 43
68 88
81 46
42 45
18 80
9 78
21 5
11 55
22 23
58 74
42 14
36 57
8 38
85 46
22 79
44 33
42 18
89 12
68 29
66 22
87 64
77 78
24 87
42 17
60 67
9 29
81 88
6 18
57 70
36 45
45 54
22 61
87 58
3 70
41 11
74 52
30 10
1 87
82 32
27 11
11 50
79 29
32 71
89 54
33 47
27 80
87 6
33 48
44 46
54 7
84 23
6 25
88 7
53 38
2 16
19 77
57 39
13 82
31 71
78 68
8 19
36 52
30 34
11 68
21 38
84 50
36 22
32 36
9 21
82 63
20 66
53 23
18 81
76 75
21 14
48 6
32 33
17 7
2 44
63 7
26 79
6 15
67 66
52 71
46 60
87 53
48 1
31 11
10 17
63 61
52 7
77 89
32 70
39 22
42 65
4 8
72 66
43 83
24 84
75 67
82 22
87 82
22 89
88 2
85 29
83 71
21 75
63 83
11 13
44 5
6 85
20 25
47 81
22 81
6 62
59 28
44 37
9 57
36 58
64 62
44 70
75 4
76 3
86 13
48 8
8 14
58 40
26 13
43 9
80 63
80 46
1 44
2 80
65 87
75 78
47 72
33 35
48 73
47 51
81 79
41 30
63 2
71 62
73 65
33 87
70 72
82 40
51 31
20 42
53 4
59 79
42 21
53 39
71 73
19 27
53 5
49 39
85 87
85 47
48 20
69 17
42 19
75 60
25 55
64 53
20 3
4 48
43 13
6 80
61 35
79 53
35 21
38 56
36 8
8 58
89 29
44 28
21 63
80 26
53 30
87 54
89 83
71 79
76 2
41 43
78 12
17 23
13 18
34 49
37 53
44 76
64 36
64 56
66 43
72 79
34 1
44 48
64 27
57 83
45 87
30 3
11 15
28 63
1 14
38 77
31 63
82 68
82 77
7 2
51 24
15 46
21 15
45 74
72 56
47 38
44 15
49 21
69 22
79 41
20 10
65 84
62 80
15 78
61 21
11 23
43 44
6 8
48 65
40 21
56 45
80 33
65 83
10 55
34 74
49 56
66 78
14 24
82 47
67 52
35 59
56 33
4 39
16 17
85 21
56 55
66 30
52 89
48 43
85 68
51 13
81 9
12 9
38 78
71 77
53 9
38 68
27 87
41 31
30 79
32 88
26 57
67 63
84 36
87 74
31 28
34 23
12 29
18 9
12 59
24 81
11 49
13 84
29 52
73 39
65 57
66 71
49 71
12 60
88 62
65 51
25 33
33 58
7 71
71 60
43 25
17 3
46 64
36 33
22 31
19 78
38 19
40 81
66 11
19 40
25 17
69 50
89 4
89 8
54 33
64 1
48 16
51 59
84 61
9 85
51 52
9 11
86 67
1 18
77 48
35 79
43 64
54 19
64 45
23 83
87 23
49 77
60 24
77 79
15 56
49 19
18 47
33 1
21 37
89 47
4 43
54 11
67 81
27 69
13 12
25 9
12 39
52 4
29 66
85 83
13 3
13 88
7 49
44 51
62 48
7 4
7 87
2 86
13 65
89 46
69 21
29 31
4 56
61 28
80 1
29 67
36 46
43 7
30 24
7 81
3 45
6 49
72 34
88 15
5 76
84 72
28 67
9 71
19 21
29 60
23 85
67 87
64 78
6 33
53 28
79 37
73 24
71 6
75 50
15 75
46 49
32 17
21 57
26 4
45 67
86 9
38 70
78 39
40 30
54 51
19 25
55 70
55 1
4 45
31 53
32 2
88 70
87 44
21 36
9 1
11 85
43 49
7 60
35 6
56 61
74 73
9 14
42 38
26 34
32 19
59 69
8 42
11 51
89 58
80 81
1 61
43 84
12 21
20 65
20 19
45 46
14 66
51 25
56 28
37 5
38 55
12 87
82 30
77 40
37 9
60 69
36 37
24 22
27 16
39 37
66 80
10 81
12 19
20 1
8 40
34 19
33 8
80 86
7 53
49 67
24 49
77 24
11 56
79 86
59 63
30 25
31 70
48 55
56 36
5 29
89 33
57 15
16 59
47 63
81 69
16 19
11 14
75 73
30 44
67 64
74 67
62 68
34 73
26 48
46 86
30 50
8 52
44 16
30 15
7 78
73 35
52 20
58 21
29 47
33 53
62 17
44 73
58 34
62 51
44 11
83 84
39 3
32 35
59 2
60 20
22 72
85 12
16 78
20 64
5 13
76 89
71 44
12 43
84 31
81 75
11 37
3 53
46 8
24 47
47 28
70 89
48 24
23 50
66 27
81 44
20 5
15 82
17 50
30 87
2 51
48 84
22 9
12 58
73 84
68 8
14 65
26 25
73 19
43 29
46 37
63 44
82 31
29 18
76 64
80 29
18 43
59 57
33 37
34 25
14 70
32 40
20 87
36 68
20 55
20 24
64 13
67 22
39 35
88 47
62 52
17 58
31 69
76 17
80 59
54 37
72 69
4 49
1 66
25 27
87 22
63 52
44 42
26 69
65 70
66 17
1 51
34 88
29 65
7 14
85 77
89 30
81 51
43 38
67 53
24 8
10 60
20 43
89 50
86 61
72 39
80 5
87 78
86 29
59 72
14 78
7 89
54 84
51 6
38 64
15 85
2 25
4 36
75 18
28 45
26 86
40 52
55 81
54 62
18 35
41 2
72 48
44 4
57 31
14 19
88 45
61 37
21 34
85 34
89 26
83 26
85 5
33 49
76 51
48 86
39 59
88 86
45 89
56 47
42 60
41 72
45 82
33 75
10 25
23 2
80 74
77 50
64 14
8 63
40 35
24 42
59 15
28 60
18 73
29 50
32 63
32 59
11 77
54 32
81 50
58 55
54 1
36 14
70 20
33 30
45 69
46 26
59 66
63 30
39 13
24 71
10 75
59 24
12 64
69 33
86 22
7 45
77 68
54 36
41 42
32 69
68 73
68 34
56 57
74 86
60 84
81 15
33 23
30 18
81 48
74 36
32 39
44 56
21 25
60 30
18 27
37 47
14 72
33 86
68 86
19 37
58 31
36 59
1 13
84 15
83 11
11 46
22 45
75 61
88 10
27 23
38 32
2 48
13 80
32 52
18 23
86 42
45 41
11 64
17 13
39 10
66 24
72 38
71 88
3 82
78 63
15 40
89 72
25 59
63 76
77 34
5 79
63 14
69 20
63 87
27 49
18 36
83 77
69 49
70 76
51 29
17 60
36 11
62 25
72 63
12 10
63 57
4 12
42 51
23 70
86 56
60 31
27 58
35 44
43 73
68 71
23 77
14 49
68 24
37 58
45 8
14 18
62 53
55 2
75 51
8 80
62 26
11 84
3 1
17 41
74 78
57 17
24 28
78 55
44 25
87 76
33 38
13 6
28 14
17 12
34 24
85 40
8 3
38 36
42 36
20 88
29 75
27 35
45 81
17 63
48 42
33 45
32 16
27 28
15 26
89 39
39 18
18 71
67 57
78 54
41 66
4 15
76 41
63 86
5 32
40 42
87 2
17 51
85 64
56 87
34 80
50 44
69 16
61 15
77 17
71 78
2 71
60 87
64 70
50 19
10 71
76 52
8 79
3 22
31 52
19 71
36 88
63 74
14 75
76 50
42 75
40 38
16 36
62 24
79 13
36 39
15 3
41 16
36 24
51 49
5 14
49 85
27 77
59 14
49 87
3 44
80 28
13 24
14 67
40 60
26 73
69 39
72 33
15 39
15 77
22 55
31 10
36 80
3 42
18 31
46 73
13 45
84 57
75 25
42 47
20 31
83 21
26 70
4 33
21 54
19 80
27 81
56 68
38 26
89 14
12 63
30 64
5 83
4 30
63 19
61 81
88 5
46 41
29 41
82 41
57 1
26 7
88 11
54 12
24 65
77 44
50 2
9 39
21 52
82 71
54 80
62 66
48 39
51 18
42 50
27 88
83 53
64 50
80 39
43 3
88 89
46 31
24 23
86 72
54 22
24 31
67 2
46 68
15 8
8 34
3 62
62 9
32 15
24 44
78 10
51 12
89 80
81 2
22 85
3 87
60 22
84 17
1 32
3 35
73 13
79 57
27 73
52 77
67 61
35 20
69 19
35 16
21 41
70 19
53 40
9 30
32 12
8 86
25 49
40 26
14 87
7 23
69 3
3 63
82 33
29 15
72 71
33 88
71 53
9 69
22 88
29 48
50 52
76 23
15 27
79 50
77 6
7 5
65 22
31 13
38 24
11 30
70 75
80 25
24 70
83 37
86 30
63 84
62 58
1 49
49 50
76 62
9 74
46 70
72 64
50 71
53 10
58 14
55 47
81 71
21 10
66 23
47 2
54 9
19 18
10 65
3 36
1 63
58 6
46 13
50 28
19 31
49 83
51 57
31 79
74 44
23 6
70 30
36 85
82 70
42 31
32 4
52 24
17 43
47 27
54 52
34 29
28 9
87 50
33 27
76 33
61 6
77 41
24 7
8 62
34 12
55 69
17 9
78 3
5 6
42 28
42 81
72 68
86 89
52 28
66 25
16 89
6 28
45 27
71 58
10 9
74 51
2 57
29 26
51 9
68 45
34 36
71 47
82 62
6 31
18 78
87 5
86 83
16 85
63 50
69 47
27 21
38 49
55 75
4 17
6 67
86 28
50 61
82 6
52 64
82 59
14 88
10 29
50 3
14 37
39 86
3 47
81 82
22 34
36 26
32 66
19 45
80 78
17 83
57 69
81 58
63 16
38 6
9 64
5 18
39 67
83 72
64 7
12 35
88 21
43 40
57 18
59 53
76 21
58 22
28 10
31 54
64 69
47 77
5 1
47 5
53 61
40 1
68 22
61 80
3 24
25 64
44 17
72 42
72 88
52 78
54 85
26 11
10 19
27 41
67 33
30 75
82 14
43 36
65 28
2 37
26 68
10 64
39 65
21 44
68 14
42 16
69 68
73 41
66 51
45 1
79 62
14 80
18 48
52 83
54 27
80 20
37 8
61 27
27 30
12 55
26 88
35 10
85 8
22 78
31 48
80 32
35 81
22 18
10 58
49 31
43 81
72 60
10 66
88 78
34 70
14 16
21 7
45 75
51 60
66 73
87 11
6 37
73 7
35 56
2 56
76 26
83 79
77 12
78 81
21 72
9 59
85 56
30 48
23 52
34 13
62 37
36 30
53 20
52 6
47 53
55 39
43 80
66 19
6 14
59 10
48 59
7 50
74 55
47 6
61 13
53 57
76 38
64 16
16 61
7 74
67 71
79 85
84 18
45 60
56 32
57 50
4 13
83 87
34 35
22 47
16 77
52 69
2 27
14 74
17 54
79 47
75 39
20 23
44 49
23 80
51 41
33 73
80 24
83 47
60 13
37 77
18 8
83 81
60 50
31 64
45 30
20 82
37 67
22 44
54 81
53 77
2 8
25 57
56 22
83 55
66 39
51 58
48 32
39 31
14 62
65 17
50 48
55 45
45 51
89 32
42 58
54 13
10 72
8 77
54 50
78 13
38 28
77 55
43 74
57 43
36 60
45 53
62 46
88 52
27 17
10 44
47 17
30 39
47 12
66 76
34 62
54 86
1 22
53 54
83 32
57 4
14 57
21 82
76 13
76 55
53 17
3 27
45 37
40 72
33 18
6 44
73 77
21 47
49 20
32 44
33 10
40 83
15 67
84 86
3 29
51 22
46 53
29 4
82 72
1 24
68 74
1 23
59 60
10 80
67 78
73 20
15 38
34 87
78 28
31 36
5 68
69 87
48 40
52 3
41 49
76 10
16 45
77 70
35 17
86 16
88 65
72 9
69 36
80 9
41 74
40 23
15 86
89 81
16 21
25 71
78 40
77 10
46 2
71 84
58 73
87 28
44 29
22 77
75 68
30 71
86 75
40 56
33 9
15 22
28 23
30 13
13 52
56 16
55 61
7 29
8 74
80 84
32 60
2 82
12 86
48 85
6 41
37 63
15 16
58 18
68 28
75 66
3 2
12 70
63 24
22 27
20 26
62 27
86 10
73 12
89 60
34 86
55 37
66 34
60 43
45 17
72 57
60 82
16 11
28 81
11 62
22 25
43 72
65 16
81 72
76 1
1 50
67 82
17 6
1 35
71 85
18 50
67 70
62 47
42 83
51 30
37 80
46 20
9 8
57 86
46 18
12 88
77 14
60 2
6 11
3 80
69 51
14 52
45 72
74 84
9 48
24 74
73 9
56 7
35 66
71 35
49 76
27 43
89 68
41 1
86 14
21 2
19 68
37 60
70 79
82 9
1 89
81 1
27 32
33 5
66 7
85 38
81 19
56 60
34 16
4 72
66 64
60 14
39 28
77 75
60 48
65 44
30 84
59 43
13 16
62 67
74 17
52 35
71 4
72 37
27 76
8 76
41 20
18 65
25 16
20 11
45 70
60 8
69 48
56 50
50 5
82 27
78 48
61 20
67 32
67 17
13 28
87 84
78 72
15 60
14 73
10 16
41 28
31 59
87 35
33 68
45 63
28 22
80 21
34 37
19 58
26 28
12 69
44 38
38 35
33 7
35 85
57 42
28 21
70 2
87 13
55 65
73 29
4 27
48 83
32 24
7 13
88 83
22 29
41 59
59 19
80 38
79 20
3 31
47 35
47 45
5 38
39 34
74 66
73 53
15 63
38 37
10 73
62 43
84 52
85 7
84 53
89 18
59 33
42 15
27 68
54 24
61 79
21 45
55 86
17 1
23 29
55 26
89 49
89 66
19 4
88 80
50 10
43 82
76 4
86 45
19 55
4 77
55 64
64 40
89 69
41 9
72 12
40 17
80 40
49 57
85 81
79 24
70 58
13 70
84 82
24 45
31 55
64 73
5 36
59 26
16 72
74 79
49 8
24 83
5 56
56 70
21 32
48 21
12 24
42 2
54 88
79 7
13 66
3 19
5 8
52 85
82 28
41 14
37 74
63 56
51 50
24 15
44 86
43 1
82 23
17 22
77 66
60 52
61 7
34 57
40 59
73 54
61 30
77 33
39 26
37 65
6 89
6 73
78 70
25 86
11 60
54 83
62 74
77 35
14 55
69 71
86 41
46 61
28 58
3 74
74 56
49 63
53 1
87 55
18 66
11 69
61 89
46 29
3 79
64 5
38 67
85 89
52 10
14 45
42 56
67 51
45 80
26 82
62 73
3 84
62 38
3 86
42 71
56 12
16 82
57 71
67 76
38 7
89 2
6 70
15 20
71 61
29 33
70 52
15 89
57 45
88 59
87 62
73 83
33 61
67 18
85 63
21 84
31 34
49 75
76 48
5 61
81 39
49 45
27 65
25 81
86 35
61 62
62 19
44 83
75 2
9 65
59 17
28 64
89 51
31 26
29 55
61 14
72 1
14 30
47 73
21 24
4 23
50 38
32 86
64 75
22 76
37 64
66 28
63 38
42 9
6 45
15 25
58 1
44 23
84 70
16 33
72 53
32 34
74 39
5 16
11 59
38 82
80 57
48 11
41 34
4 83
57 11
67 24
41 67
24 56
36 50
37 81
3 37
21 31
7 18
11 3
16 22
44 88
49 66
22 35
20 72
49 68
82 65
20 71
12 26
70 50
46 75
2 64
1 21
57 54
86 49
49 29
21 4
86 71
57 68
19 79
76 69
83 68
23 46
70 74
2 43
11 58
29 6
11 8
84 81
80 51
37 73
61 31
43 5
6 64
22 50
43 58
28 77
54 38
3 77
28 89
40 39
86 36
33 2
81 41
84 42
81 77
70 53
18 3
10 62
1 74
58 54
3 34
33 41
68 52
12 76
88 30
26 33
52 86
16 12
7 76
83 61
84 89
2 74
60 6
59 58
21 66
21 56
67 8
43 6
13 10
74 40
55 82
34 60
27 24
68 13
71 3
65 26
69 14
72 49
6 4
73 32
86 70
76 65
42 53
5 23
30 22
87 4
73 23
50 53
51 34
58 53
70 85
33 19
73 70
38 20
16 67
2 78
6 74
1 60
2 19
84 26
54 42
84 2
27 53
83 60
23 35
33 31
71 29
37 23
89 56
44 54
66 26
11 21
16 47
55 54
55 52
25 36
15 65
62 57
33 85
31 12
1 69
87 66
70 48
42 87
22 8
52 75
4 18
77 74
44 62
86 60
64 79
9 3
37 50
52 15
39 64
81 60
28 29
28 18
68 9
84 39
35 25
8 72
14 2
69 70
86 27
56 27
82 54
38 9
52 39
46 65
11 25
51 23
74 69
82 29
77 58
68 47
39 71
29 25
8 71
17 88
81 63
57 28
15 12
65 34
48 67
30 5
6 3
75 1
44 53
83 29
29 64
28 1
59 76
59 81
76 71
75 83
74 33
2 6
68 70
64 19
81 38
14 15
24 5
22 32
4 65
24 78
85 27
24 89
13 8
33 28
37 27
22 49
85 66
28 62
27 6
3 54
64 34
24 41
26 74
21 55
42 68
16 1
20 85
68 76
76 30
31 23
42 1
26 72
81 70
52 34
70 27
58 2
34 11
74 25
24 18
54 65
67 13
47 84
34 14
14 44
65 59
57 46
75 37
17 33
52 30
74 46
53 15
32 37
10 6
14 38
87 46
6 26
69 66
5 15
65 3
88 46
60 18
54 61
67 31
46 28
13 49
51 27
88 49
21 50
45 25
70 29
83 8
1 71
15 10
75 56
17 30
65 45
84 69
75 53
10 51
78 31
38 29
14 10
70 8
10 49
67 42
65 63
69 86
87 77
42 25
83 1
79 1
4 22
83 27
56 82
60 41
57 5
30 29
31 40
10 63
66 52
73 42
88 6
11 42
61 18
18 74
55 4
44 58
31 47
38 25
15 7
67 23
25 14
77 45
80 17
69 62
52 59
39 1
85 67
52 58
77 2
20 13
39 27
45 52
46 32
41 19
16 81
55 46
35 36
19 48
20 63
14 32
58 80
22 57
73 49
19 87
22 53
47 20
76 81
76 78
45 20
25 87
4 3
28 88
54 59
71 14
58 39
73 86
3 57
56 66
31 7
15 58
42 52
15 9
56 84
1 10
78 47
35 76
47 87
15 23
31 38
86 82
51 84
18 25
20 50
33 22
80 42
34 50
37 56
44 31
25 72
22 20
16 54
33 39
67 77
48 87
17 14
79 33
25 8
72 29
53 48
34 20
47 76
38 48
15 62
66 63
42 89
16 83
57 10
28 72
58 26
42 70
64 22
8 16
86 18
19 43
42 26
83 36
86 38
78 5
50 4
78 61
36 70
28 43
1 88
17 11
30 83
69 67
21 73
27 71
48 15
58 41
72 76
77 32
2 72
82 10
79 43
24 72
38 23
1 84
69 41
5 39
83 51
67 19
72 36
68 12
39 79
65 74
80 67
13 9
29 20
55 18
11 53
71 74
60 76
65 32
40 5
69 8
87 89
63 43
65 60
61 4
64 86
54 28
4 63
58 16
17 89
71 43
18 54
69 77
21 64
62 50
44 36
75 87
63 42
73 69
30 26
46 6
89 41
49 48
30 77
39 2
77 26
15 18
77 5
86 66
79 27
83 10
34 5
84 29
71 21
69 46
45 35
53 49
70 87
59 29
2 30
13 38
11 40
7 59
52 48
80 72
27 5
70 11
34 82
76 11
28 69
67 26
47 74
50 45
57 24
10 56
56 79
84 62
53 68
6 32
39 29
4 5
18 64
36 7
79 2
15 76
60 77
57 74
55 62
36 15
19 72
32 85
35 89
25 67
6 56
50 47
7 44
2 45
60 35
76 42
32 55
45 76
48 68
15 35
18 72
15 69
86 78
4 80
42 62
86 17
27 36
77 86
59 42
37 20
44 26
45 44
58 56
3 61
29 32
8 28
10 47
73 57
3 46
63 75
57 12
68 80
61 82
79 58
60 61
65 11
26 19
32 10
65 89
28 20
41 22
72 73
46 58
62 30
46 25
51 36
79 60
54 29
38 87
78 23
82 78
50 35
56 26
85 18
23 47
36 2
43 31
84 55
88 48
17 37
27 12
82 12
37 76
39 14
39 21
18 2
32 43
83 34
89 34
12 36
65 58
11 89
38 3
48 54
26 8
53 69
81 13
63 58
11 78
84 20
1 46
58 69
25 32
35 53
17 64
63 18
55 57
70 54
12 40
23 59
84 34
16 60
22 70
51 38
48 34
75 24
30 1
51 56
21 78
19 76
85 58
9 63
40 20
30 72
60 39
10 87
7 27
56 71
50 65
23 41
55 36
77 13
22 43
8 10
23 49
17 68
61 12
37 88
39 83
28 71
73 8
43 10
50 25
35 29
3 75
34 38
32 41
54 10
41 75
48 35
4 79
42 69
61 87
17 72
65 33
70 1
78 83
67 68
9 77
6 40
60 88
9 52
24 19
43 75
89 9
71 64
8 82
19 53
43 54
54 6
5 52
64 59
30 7
10 2
46 5
15 31
52 57
39 42
34 17
36 67
28 79
87 79
85 37
29 45
53 26
69 38
50 85
55 33
59 47
71 45
31 50
67 59
84 4
29 36
62 33
7 8
52 1
80 16
65 75
8 64
26 10
59 3
87 16
70 9
2 35
51 71
5 26
14 27
86 4
35 69
74 4
40 36
16 31
59 83
54 76
31 83
86 58
45 83
18 32
65 79
11 43
66 37
42 46
46 19
79 38
47 40
59 61
62 89
72 5
60 78
74 64
42 49
85 41
44 68
26 22
43 87
66 70
40 86
15 37
27 57
38 74
49 15
78 56
79 88
32 26
11 52
67 47
13 41
41 7
51 79
88 3
56 88
26 2
41 10
85 61
5 3
78 34
37 59
79 9
87 17
87 39
75 9
46 48
29 13
59 34
65 69
29 19
43 45
