1000 2000
0 0 0 0 0 0 0 0 0 0 0 0 0 0 0 0 0 0 0 0 0 0 0 0 0 0 0 0 0 0 0 0 0 0 0 0 0 0 0 0 0 0 0 0 0 0 0 0 0 0 0 0 0 0 0 0 0 0 0 0 0 0 0 0 0 0 0 0 0 0 0 0 0 0 0 0 0 0 0 0 0 0 0 0 0 0 0 0 0 0 0 0 0 0 0 0 0 0 0 0 0 0 0 0 0 0 0 0 0 0 0 0 0 0 0 0 0 0 0 0 0 0 0 0 0 0 0 0 0 0 0 0 0 0 0 0 0 0 0 0 0 0 0 0 0 0 0 0 0 0 0 0 0 0 0 0 0 0 0 0 0 0 0 0 0 0 0 0 0 0 0 0 0 0 0 0 0 0 0 0 0 0 0 0 0 0 0 0 0 0 0 0 0 0 0 0 0 0 0 0 0 0 0 0 0 0 0 0 0 0 0 0 0 0 0 0 0 0 0 0 0 0 0 0 0 0 0 0 0 0 0 0 0 0 0 0 0 0 0 0 0 0 0 0 0 0 0 0 0 0 0 0 0 0 0 0 0 0 0 0 0 0 0 0 0 0 0 0 0 0 0 0 0 0 0 0 0 0 0 0 0 0 0 0 0 0 0 0 0 0 0 0 0 0 0 0 0 0 0 0 0 0 0 0 0 0 0 0 0 0 0 0 0 0 0 0 0 0 0 0 0 0 0 0 0 0 0 0 0 0 0 0 0 0 0 0 0 0 0 0 0 0 0 0 0 0 0 0 0 0 0 0 0 0 0 0 0 0 0 0 0 0 0 0 0 0 0 0 0 0 0 0 0 0 0 0 0 0 0 0 0 0 0 0 0 0 0 0 0 0 0 0 0 0 0 0 0 0 0 0 0 0 0 0 0 0 0 0 0 0 0 0 0 0 0 0 0 0 0 0 0 0 0 0 0 0 0 0 0 0 0 0 0 0 0 0 0 0 0 0 0 0 0 0 0 0 0 0 0 0 0 0 0 0 0 0 0 0 0 0 0 0 0 0 0 0 0 0 0 0 0 0 0 0 0 0 0 0 0 0 0 0 0 0 0 0 0 0 0 0 0 0 0 0 0 0 0 0 0 0 0 0 0 0 0 0 0 0 0 0 0 0 0 0 0 0 0 0 0 0 0 0 0 0 0 0 0 0 0 0 0 0 0 0 0 0 0 0 0 0 0 0 0 0 0 0 0 0 0 0 0 0 0 0 0 0 0 0 0 0 0 0 0 0 0 0 0 0 0 0 0 0 0 0 0 0 0 0 0 0 0 0 0 0 0 0 0 0 0 0 0 0 0 0 0 0 0 0 0 0 0 0 0 0 0 0 0 0 0 0 0 0 0 0 0 0 0 0 0 0 0 0 0 0 0 0 0 0 0 0 0 0 0 0 0 0 0 0 0 0 0 0 0 0 0 0 0 0 0 0 0 0 0 0 0 0 0 0 0 0 0 0 0 0 0 0 0 0 0 0 0 0 0 0 0 0 0 0 0 0 0 0 0 0 0 0 0 0 0 0 0 0 0 0 0 0 0 0 0 0 0 0 0 0 0 0 0 0 0 0 0 0 0 0 0 0 0 0 0 0 0 0 0 0 0 0 0 0 0 0 0 0 0 0 0 0 0 0 0 0 0 0 0 0 0 0 0 0 0 0 0 0 0 0 0 0 0 0 0 0 0 0 0 0 0 0 0 0 0 0 0 0 0 0 0 0 0 0 0 0 0 0 0 0 0 0 0 0 0 0 0 0 0 0 0 0 0 0 0 0 0 0 0 0 0 0 0 0 0 0 0 0 0 0 0 0 0 0 0 0 0 0 0 0 0 0 0 0 0 0 0 0 0 0 0 0 0 0 0 0 0 0 0 0 0 0 0 0 0 0 0 0 0 0 0 0 0 0 0 0 0 0 0 0 0 0 0 0 0 0 0 0 0 0 0 0 0 0 0 0 0 0 0 0 0 0 0 0 0 0 0 0 0 0 0 0 0 0 0 0 0 0 0 0 0 0 0 0 0 0 0 0 0 0 0 0 0 0 0 0 0 0 0 0 0 0 0 0 0 0 0 0 0 0 0 0 0 0 0 0 0 0 0 0 0 0 0 0 0 0 0 0 0 0 0 0 0 0 0 0 0 0 0 0 0 0 0 0 0 0 0 0 0 0 0 0 0 0 0 0 0 0 0 0 0 0 0 0 0 0 0 0 0 0 0 0 0 0 0 0
180 478
907 744
484 228
930 640
642 701
609 40
250 27
952 615
31 194
851 353
171 7
226 895
367 261
332 360
97 196
257 447
865 505
344 601
286 721
628 484
974 688
721 477
718 855
693 925
349 873
954 687
546 402
670 386
859 970
709 924
384 932
380 431
725 58
733 418
965 248
498 631
19 909
176 461
437 947
692 612
853 422
542 600
162 246
305 349
682 485
78 607
106 900
84 882
891 229
448 112
899 256
676 512
15 985
118 502
524 590
141 276
965 517
352 407
426 765
532 921
115 665
987 420
374 838
86 571
531 556
642 842
282 301
48 794
510 568
626 318
27 376
738 134
764 454
470 44
323 900
773 103
187 286
642 875
873 589
889 941
831 229
363 433
501 486
4 497
421 478
382 761
68 448
301 21
400 617
145 945
832 107
210 125
332 324
101 74
704 168
425 545
655 531
388 300
37 528
299 371
153 925
496 279
773 772
99 179
708 350
513 586
675 687
772 389
682 997
199 726
832 88
153 350
697 647
934 977
448 450
337 19
374 936
848 1
964 450
705 660
902 630
766 832
206 914
954 899
306 383
815 139
925 137
199 320
444 216
466 470
4 122
216 375
811 375
143 985
335 677
724 287
741 536
11 839
412 512
439 44
176 561
605 487
686 407
872 873
771 311
244 84
675 792
24 227
881 767
4 815
639 484
779 975
156 162
579 361
11 241
433 28
139 90
336 743
63 122
631 649
424 655
16 918
921 384
705 562
533 75
587 770
599 944
256 467
927 645
62 413
522 599
210 148
32 191
991 923
387 91
705 552
794 70
752 766
968 955
729 978
256 696
165 107
78 712
936 677
604 387
263 85
856 515
414 803
866 457
363 276
411 109
23 567
11 373
64 815
693 310
624 477
235 99
409 441
433 142
660 380
784 895
156 984
570 770
314 5
336 696
247 579
411 768
834 485
799 379
278 984
205 25
343 98
475 529
779 134
777 880
743 490
941 998
113 327
281 29
687 58
976 985
465 589
193 953
26 621
44 138
946 425
915 991
388 644
470 96
888 291
276 172
115 857
587 665
47 194
286 994
631 800
36 103
597 19
486 30
879 614
53 335
618 794
88 993
558 86
780 391
364 264
550 538
474 337
847 162
909 920
781 501
12 369
436 221
25 681
806 652
520 989
473 277
850 593
403 364
452 72
601 13
61 884
905 203
72 274
730 509
909 803
708 225
454 930
905 725
29 766
730 348
220 348
78 926
304 571
405 249
785 491
939 391
637 424
854 249
688 617
169 563
709 6
741 62
963 387
194 763
145 844
874 624
456 781
980 23
582 773
312 98
132 527
555 288
175 306
156 735
722 92
502 116
828 799
246 948
785 278
585 921
468 31
638 534
986 392
797 73
601 220
753 942
87 448
236 345
766 233
214 455
506 686
846 858
250 188
167 207
511 375
321 417
478 472
613 367
179 765
979 489
431 563
802 994
886 220
117 51
570 989
1000 852
175 644
191 268
274 137
40 218
627 132
224 663
354 359
935 993
931 959
690 210
808 297
955 504
684 586
677 601
336 283
295 723
126 521
873 207
141 63
25 71
343 738
596 856
608 108
139 42
313 316
915 48
244 33
652 847
215 371
268 337
979 695
252 457
33 503
692 3
754 564
673 794
449 727
287 728
787 932
660 256
309 679
699 972
165 423
576 624
180 185
141 445
997 848
916 275
683 235
63 814
45 803
285 977
13 615
970 992
397 313
812 804
645 580
813 508
230 484
720 669
258 500
506 665
231 387
730 648
317 156
324 870
475 794
321 333
646 963
616 867
461 843
741 858
280 765
733 49
148 650
518 503
654 846
801 751
761 535
649 244
456 812
741 650
128 176
935 730
243 427
896 940
912 829
288 618
632 740
446 460
42 775
854 871
111 225
767 449
517 759
925 371
168 606
233 541
869 769
86 493
395 684
345 271
788 141
220 367
860 361
507 728
262 71
692 956
690 850
888 316
56 86
607 1000
145 865
311 448
442 853
880 538
778 6
220 782
806 803
928 485
586 668
336 785
385 505
777 672
726 610
101 610
175 978
680 468
162 969
211 582
741 854
648 199
284 983
863 754
937 1000
170 78
744 112
137 713
106 821
605 232
465 194
160 554
856 296
92 611
904 385
151 131
116 987
242 68
299 90
77 201
437 246
67 917
787 219
751 993
261 728
720 659
486 986
428 977
642 143
79 53
844 728
949 873
214 299
183 976
41 919
486 689
955 603
414 629
467 971
715 743
713 582
414 63
618 835
948 318
923 459
799 910
333 145
269 30
952 57
252 304
415 478
345 63
748 734
641 417
2 801
57 476
918 330
540 580
939 584
102 887
851 879
202 569
482 824
478 731
465 350
988 728
294 807
311 189
466 692
538 905
462 466
863 694
890 1
985 718
758 643
990 144
49 701
811 859
847 237
450 117
372 783
762 443
27 416
195 457
849 332
151 617
266 271
355 323
456 859
334 139
100 786
47 458
855 585
990 450
654 525
377 567
276 45
582 340
889 767
212 541
629 914
89 512
385 448
392 43
363 176
993 912
778 687
846 339
296 381
587 424
805 63
264 670
575 871
317 237
609 763
183 378
152 178
255 891
104 658
267 520
209 824
464 987
131 711
506 540
122 15
496 861
465 903
638 238
15 297
251 504
76 589
919 767
336 383
192 845
122 701
496 401
947 499
924 910
535 2
387 151
168 898
953 238
250 98
167 923
799 605
457 840
875 742
151 300
372 50
110 949
895 799
207 330
58 892
741 541
661 991
343 648
718 69
468 737
833 188
901 91
640 87
824 300
501 523
832 301
211 697
956 593
678 318
631 805
702 765
860 575
626 76
11 765
520 203
762 271
153 178
246 518
902 335
638 917
375 548
287 62
180 776
834 206
30 77
211 444
800 809
199 739
638 983
305 95
401 600
249 569
244 786
469 369
190 336
554 12
107 917
1 477
214 359
948 866
822 373
644 683
865 45
177 188
399 311
888 424
146 996
266 413
219 831
664 434
597 826
498 545
528 73
229 601
566 342
344 70
250 495
618 581
294 347
688 809
10 157
789 481
603 509
885 263
681 496
475 608
152 977
97 714
602 391
1000 771
798 629
536 32
553 978
156 56
764 615
773 715
617 751
325 361
835 343
727 11
986 48
842 592
968 47
332 689
991 613
488 81
536 905
304 456
456 503
887 361
282 915
25 599
934 63
798 937
876 511
265 912
183 614
989 278
314 275
718 273
938 292
680 48
384 480
446 399
349 60
661 420
890 602
243 837
29 483
656 898
555 630
302 328
276 124
431 903
184 28
401 725
469 267
709 457
179 157
951 721
815 118
17 320
91 842
226 582
20 443
633 606
316 724
604 376
343 844
290 178
508 585
851 260
458 321
123 271
674 554
354 617
695 689
204 599
574 459
759 672
201 660
959 939
475 455
111 633
886 472
535 599
788 194
284 261
35 411
880 990
254 930
44 123
962 604
38 946
682 717
604 746
873 560
431 292
653 377
680 624
697 344
706 362
612 55
426 932
120 541
619 484
382 138
456 367
544 735
662 486
634 591
127 73
365 327
393 303
812 4
579 495
980 919
474 522
853 896
484 117
951 170
202 23
331 676
251 896
216 730
776 808
881 756
389 604
179 244
60 492
701 62
412 162
572 242
722 336
118 52
145 144
251 33
629 797
971 925
266 804
752 83
628 479
411 59
694 413
756 341
975 481
598 852
792 716
829 902
771 800
972 59
554 957
801 890
762 653
656 290
950 186
300 838
708 914
514 464
616 82
882 393
294 889
542 89
804 208
699 448
882 831
345 55
932 343
574 175
93 153
828 334
142 887
158 628
669 547
290 192
31 408
605 70
544 635
934 818
211 230
73 428
356 939
135 579
89 423
194 873
820 369
617 178
804 459
16 252
266 221
53 784
146 346
606 611
141 500
620 343
266 498
977 860
611 438
528 525
149 756
744 900
138 308
364 109
333 627
554 357
209 237
576 204
481 218
148 546
225 352
945 650
340 783
206 558
412 416
504 771
891 731
311 378
255 446
260 630
932 211
439 19
55 313
913 326
350 788
542 245
22 97
505 324
65 897
160 163
576 819
851 12
150 796
305 850
399 573
235 564
370 733
59 769
576 21
718 864
306 224
62 365
332 784
222 243
699 500
155 783
488 14
651 153
807 638
193 879
215 948
955 843
515 533
567 820
515 893
888 319
418 886
82 691
262 602
976 361
556 967
304 778
279 243
806 405
979 670
550 132
570 754
461 102
365 433
222 688
570 711
296 949
618 620
948 119
166 495
477 231
499 57
121 490
99 656
879 787
36 802
520 837
285 168
805 536
872 448
585 145
820 635
79 892
44 851
745 197
214 410
497 910
175 49
989 618
391 945
27 78
818 251
600 203
999 327
578 794
224 618
141 56
901 690
959 64
327 195
465 967
576 149
325 111
120 388
781 610
268 340
121 918
206 977
482 426
580 519
734 347
252 100
429 821
621 225
45 255
730 938
81 345
669 224
921 36
980 813
171 697
312 413
505 276
235 150
391 594
766 386
12 236
996 356
73 282
675 424
283 165
627 324
818 437
973 371
524 395
522 315
114 262
518 521
462 551
537 676
709 967
470 427
722 781
186 303
173 402
791 718
287 57
594 952
88 980
771 350
517 606
848 602
708 539
424 447
81 533
48 711
386 12
463 137
514 788
275 778
693 875
412 196
401 139
751 278
869 224
912 583
712 158
621 521
423 826
467 388
866 955
913 842
799 482
202 408
406 332
679 925
919 24
203 4
4 430
902 314
362 855
201 116
83 81
448 165
257 221
857 934
950 308
842 247
74 39
474 577
232 900
92 182
763 943
4 735
211 963
479 536
708 475
819 198
470 742
249 967
972 427
133 6
673 481
633 945
144 297
175 4
943 238
126 340
776 53
854 747
652 905
924 412
270 645
53 683
760 277
734 877
421 553
326 576
136 913
711 952
957 604
927 731
155 505
708 134
174 859
358 489
343 447
602 776
974 51
815 748
12 361
347 83
447 580
874 208
248 81
656 693
791 193
367 250
865 686
236 623
209 95
154 964
612 650
622 892
188 181
377 217
98 282
205 793
389 56
460 856
775 338
689 946
131 839
262 457
990 882
799 318
648 673
651 183
964 932
448 109
938 899
705 479
662 425
308 803
491 61
787 924
734 839
347 353
423 647
828 737
159 263
731 782
279 18
703 262
58 551
447 404
29 429
336 307
318 56
164 878
183 595
31 521
864 124
433 47
106 6
10 55
113 282
627 576
853 506
704 224
979 798
260 23
197 334
239 153
797 524
289 960
403 418
550 116
611 195
652 171
492 787
337 301
184 234
271 534
642 563
732 651
501 350
59 47
6 695
283 446
761 797
196 148
686 192
7 433
896 137
855 449
971 682
76 884
934 86
430 786
404 607
532 553
266 851
121 209
278 638
503 868
115 27
843 66
997 214
14 484
92 818
348 221
512 960
74 505
319 757
435 940
560 263
209 344
67 751
169 881
19 188
528 71
56 601
505 428
76 3
320 732
107 261
383 330
985 695
354 669
40 804
507 532
740 881
808 885
901 453
443 572
401 866
597 801
302 301
216 934
242 910
186 537
817 458
567 564
515 846
889 654
592 484
405 36
463 227
90 849
38 20
357 264
535 628
324 686
790 169
558 113
457 793
102 215
717 619
805 149
577 19
10 997
325 43
842 977
184 82
237 286
334 159
51 70
629 21
498 124
935 407
214 926
677 38
837 806
50 121
958 764
878 434
261 232
951 990
310 137
411 468
936 769
341 439
925 340
454 398
22 484
414 805
338 669
63 440
916 87
926 902
196 185
671 484
481 287
843 267
278 168
77 549
191 176
882 618
280 646
8 771
675 87
586 256
544 724
112 748
235 710
810 848
781 569
54 450
861 71
294 575
403 117
998 261
119 710
591 245
466 216
531 317
185 191
891 209
74 473
804 129
388 279
358 108
621 395
469 189
224 962
553 711
458 686
314 975
741 718
854 929
824 533
245 646
123 511
675 533
122 809
770 471
848 196
726 144
198 526
110 770
945 444
149 372
676 650
146 936
950 106
489 663
531 625
805 560
281 853
879 926
217 865
702 551
720 598
505 516
304 32
528 441
814 919
507 275
838 741
706 213
800 998
425 636
148 97
825 463
602 75
350 864
780 612
41 268
510 156
697 690
59 240
461 951
366 178
972 229
870 228
30 204
45 67
922 360
816 246
144 47
895 884
611 614
570 740
533 61
537 638
351 680
981 543
921 342
306 131
298 13
312 597
893 414
421 709
137 394
262 387
879 358
654 487
362 917
19 182
245 95
945 842
848 894
69 679
936 742
491 460
677 590
401 647
683 622
295 887
363 336
243 423
254 241
893 972
98 496
322 350
40 812
580 227
880 160
308 436
947 672
304 984
937 380
227 815
203 382
262 544
410 975
368 805
615 95
422 781
792 172
486 827
309 922
333 983
204 293
114 598
552 826
860 764
876 22
581 173
442 178
568 849
104 884
623 237
428 185
347 11
740 261
52 919
957 744
797 253
630 964
432 675
537 867
481 55
194 557
878 72
488 770
270 114
978 642
325 141
604 179
314 784
261 810
810 745
299 621
618 117
26 511
802 351
548 824
673 222
239 647
898 116
627 209
200 582
95 99
991 425
804 474
110 939
901 846
359 385
608 740
37 371
332 115
344 824
155 668
363 425
246 73
658 824
619 189
636 692
85 51
252 738
458 38
18 162
526 39
928 587
227 885
859 208
505 527
411 388
911 153
500 409
226 668
677 937
337 894
63 869
133 757
281 195
203 985
812 548
696 52
502 525
834 810
506 437
374 407
936 878
543 861
794 84
652 296
344 576
949 135
65 220
291 365
31 91
467 139
454 92
244 764
196 827
513 871
817 745
702 518
911 877
630 343
433 321
688 549
394 495
598 659
732 911
770 520
327 609
330 394
943 656
588 250
215 729
260 935
115 687
300 394
82 532
432 500
316 643
126 748
97 535
649 718
410 895
531 723
124 609
579 918
507 611
411 416
205 546
384 699
944 797
872 416
664 692
761 118
322 754
983 859
537 857
29 891
670 666
993 563
918 366
551 825
83 26
864 845
695 198
597 480
17 850
858 326
1000 11
715 188
911 910
29 425
376 56
312 433
219 526
786 295
421 1
926 89
416 632
460 341
338 452
427 114
363 627
593 235
283 10
428 960
516 626
516 294
880 157
731 543
605 286
227 703
929 601
662 978
88 671
315 202
694 672
623 910
261 304
705 475
571 349
820 96
873 468
171 777
645 897
321 263
776 928
456 441
887 406
77 866
606 991
238 990
928 639
626 175
647 664
929 947
579 553
17 576
517 246
163 82
642 504
910 572
277 170
319 235
875 8
200 841
506 983
825 611
261 337
324 636
735 333
608 557
51 470
591 164
194 896
578 885
877 241
523 29
682 974
705 723
718 48
818 20
285 253
747 429
70 26
238 147
2 111
903 161
169 145
874 15
601 630
89 846
275 960
276 492
427 256
627 695
561 516
849 408
814 706
121 433
571 715
366 477
676 373
697 327
164 861
593 155
859 850
869 147
282 528
295 903
271 753
722 165
789 963
487 388
214 769
685 305
267 759
896 114
471 237
251 913
923 170
589 464
267 79
260 673
247 699
803 116
782 410
105 239
101 803
235 815
236 173
729 354
791 101
199 17
682 100
888 480
256 615
703 771
504 751
387 385
334 145
420 923
602 866
403 613
595 143
847 36
485 642
848 560
150 531
954 671
133 595
458 354
387 703
982 345
310 766
865 330
450 341
109 876
893 519
215 118
363 188
239 432
289 291
957 47
937 284
659 780
812 368
441 58
387 981
339 694
953 914
314 805
755 133
63 851
870 426
162 782
49 526
820 294
990 833
621 834
541 708
774 31
87 250
574 583
736 118
612 403
313 779
571 405
142 942
711 420
23 605
437 33
155 639
84 791
736 214
273 179
38 594
908 685
64 605
702 415
525 360
339 572
564 498
134 859
850 129
734 561
886 211
739 961
940 381
980 18
410 485
257 48
876 821
844 815
222 684
356 493
213 967
241 155
543 430
403 160
565 144
526 719
784 983
188 2
674 195
149 493
276 504
77 850
413 505
478 514
203 850
161 9
459 998
642 930
562 440
189 81
12 244
223 304
69 839
516 647
8 490
108 656
638 706
329 59
209 278
640 240
191 946
751 586
690 867
981 289
630 261
46 888
517 63
113 289
675 956
710 659
619 335
433 213
499 574
420 972
572 78
274 519
772 947
663 307
791 143
218 317
256 957
112 233
68 847
222 415
110 3
246 946
682 243
913 819
689 743
531 323
770 630
263 521
547 999
145 484
520 27
7 101
293 127
396 305
832 974
917 137
586 113
158 303
387 928
159 925
348 475
232 278
568 271
478 315
283 906
39 28
199 270
904 547
933 623
436 938
683 360
756 689
328 346
741 924
208 166
613 479
79 295
238 626
57 608
910 829
446 699
347 559
484 42
619 78
923 553
643 33
687 326
365 796
481 709
849 316
3 252
346 379
188 195
11 209
170 319
781 454
345 152
593 361
88 590
756 309
528 184
181 345
77 579
947 416
829 243
61 579
491 328
727 234
516 640
337 270
760 131
57 251
630 309
314 908
121 207
136 355
800 374
348 579
261 574
744 811
490 572
974 115
79 916
639 586
688 544
822 468
485 193
213 228
497 243
791 944
6 736
333 607
674 309
737 592
327 607
469 917
621 649
245 815
935 563
800 893
568 415
901 751
667 506
703 546
788 477
687 781
153 537
118 804
325 740
961 695
791 772
160 303
664 142
576 197
233 435
896 19
90 6
618 189
177 583
383 197
119 807
165 574
369 360
827 984
561 555
529 127
678 857
602 885
363 982
484 433
722 924
463 451
361 560
146 6
994 483
334 298
899 957
891 76
189 279
993 121
205 600
428 488
953 782
736 784
645 490
656 385
292 988
530 747
130 750
377 990
39 434
368 398
685 767
582 630
82 13
337 181
940 606
203 604
875 620
25 444
