890 0 889
4 1 888
2 0 2
1 3 1
5 2 4
0 5 3
3 4 6
7 11 5
6 8 16
9 7 21
8 10 23
17 9 11
12 6 10
11 13 13
14 12 12
13 61 15
16 98 14
15 17 7
10 16 18
19 99 17
18 108 20
25 21 19
22 20 8
21 23 24
24 22 9
23 25 22
20 24 26
34 27 25
28 26 39
27 29 42
30 28 43
29 115 31
32 133 30
31 33 77
40 32 34
26 35 33
36 34 81
35 135 37
41 38 36
39 37 94
38 40 27
33 39 41
37 42 40
43 41 28
42 44 29
60 43 45
46 139 44
45 147 47
69 48 46
49 47 102
48 50 118
51 49 123
50 52 143
53 51 146
52 54 153
73 53 55
74 56 54
57 55 180
56 58 201
59 57 208
58 60 62
44 59 61
62 14 60
61 63 59
75 62 64
87 65 63
131 64 66
152 67 65
68 66 216
67 69 242
47 68 70
161 71 69
185 70 72
186 73 71
54 72 74
55 75 73
63 74 76
195 77 75
78 76 32
77 79 250
80 78 279
79 81 86
82 80 35
81 170 83
84 174 82
83 215 85
86 223 84
85 87 80
64 86 88
89 265 87
88 266 90
91 269 89
90 92 285
218 91 93
94 277 92
93 95 38
222 94 96
97 97 95
96 96 98
99 15 97
98 18 100
230 101 99
102 100 320
101 103 48
236 102 104
105 287 103
104 106 110
107 105 342
106 313 108
109 19 107
108 110 362
111 109 105
110 321 112
113 322 111
112 114 391
239 113 115
116 30 114
115 323 117
118 122 116
117 119 49
244 118 120
261 121 119
303 120 122
123 117 121
122 124 50
125 123 417
124 126 432
308 125 127
309 128 126
129 127 466
128 130 472
330 129 131
65 132 130
133 131 489
132 31 134
135 333 133
134 36 136
337 137 135
138 136 493
137 357 139
140 45 138
139 141 492
344 140 142
143 360 141
142 144 51
145 143 494
144 146 508
147 145 52
146 46 148
149 425 147
148 434 150
151 473 149
150 477 152
66 153 151
154 152 53
153 480 155
345 156 154
157 155 513
156 158 162
351 157 159
352 160 158
363 159 161
70 162 160
163 161 157
162 520 164
165 528 163
164 537 166
383 167 165
168 166 522
167 169 524
393 168 170
171 82 169
170 172 527
396 171 173
174 542 172
173 83 175
437 176 174
177 175 562
176 178 573
442 177 179
445 180 178
181 179 56
180 554 182
183 580 181
182 184 588
478 183 185
71 186 184
72 185 187
511 188 186
531 187 189
535 190 188
544 189 191
192 581 190
191 198 193
564 194 192
565 193 195
76 196 194
571 195 197
198 649 196
197 192 199
200 664 198
199 201 604
202 200 57
201 203 610
572 202 204
530 205 203
206 204 632
205 674 207
208 698 206
207 209 58
582 208 210
619 211 209
212 210 634
211 709 213
214 717 212
213 723 215
216 84 214
215 217 67
625 216 218
92 219 217
220 218 635
219 737 221
629 222 220
95 221 223
224 85 222
223 225 641
226 224 657
225 227 655
228 226 670
227 229 671
631 228 230
100 231 229
630 230 232
636 233 231
668 232 234
688 235 233
690 234 236
103 237 235
714 236 238
715 239 237
114 238 240
241 742 239
240 242 677
243 241 68
242 744 244
119 245 243
732 244 246
247 761 245
246 248 691
751 247 249
750 250 248
251 249 78
250 252 702
253 251 710
252 254 722
765 253 255
256 784 254
255 257 730
768 256 258
770 259 257
771 258 260
777 261 259
120 260 262
263 798 261
262 264 731
783 263 265
266 88 264
265 89 267
844 268 266
857 267 269
270 90 268
269 271 748
864 270 272
273 797 271
272 274 764
881 273 275
276 803 274
275 829 277
278 93 276
277 279 772
280 278 79
279 281 774
883 280 282
283 853 281
282 872 284
888 285 283
286 284 91
285 884 287
288 104 286
287 889 289
889 290 288
291 289 795
290 875 292
293 874 291
292 294 808
295 293 814
294 296 823
297 295 831
296 298 830
299 297 848
298 300 859
301 299 879
300 873 302
882 303 301
121 302 304
305 863 303
304 306 885
307 305 886
306 856 308
126 309 307
127 308 310
878 311 309
877 310 312
313 850 311
312 107 314
315 847 313
314 834 316
317 828 315
316 821 318
319 820 317
318 320 889
321 319 101
320 111 322
323 112 321
322 116 324
325 819 323
324 326 887
327 325 880
326 810 328
329 809 327
328 806 330
130 331 329
332 330 876
331 800 333
334 134 332
333 335 871
336 334 862
335 337 858
136 336 338
870 339 337
869 338 340
868 341 339
342 340 855
341 343 106
867 342 344
141 345 343
155 344 346
866 347 345
348 346 852
347 349 851
865 348 350
861 351 349
158 350 352
159 353 351
354 352 843
353 799 355
860 356 354
854 355 357
358 138 356
357 794 359
360 793 358
359 142 361
362 792 360
361 363 109
160 362 364
365 787 363
364 366 842
367 365 837
366 368 836
369 367 833
368 370 832
371 369 827
370 781 372
373 778 371
372 775 374
375 766 373
374 376 826
849 375 377
846 378 376
845 377 379
841 380 378
840 379 381
382 752 380
381 745 383
166 384 382
385 383 825
384 743 386
387 741 385
386 388 824
389 387 818
388 740 390
839 391 389
392 390 113
391 736 393
169 394 392
838 393 395
835 396 394
172 395 397
398 735 396
397 399 817
400 398 816
399 401 815
822 400 402
403 728 401
402 404 813
405 403 812
404 406 811
805 405 407
408 725 406
407 724 409
802 410 408
411 409 807
410 412 804
801 411 413
796 414 412
791 413 415
416 718 414
415 417 786
418 416 124
417 712 419
420 708 418
419 705 421
790 422 420
423 421 785
422 424 780
425 423 779
424 148 426
427 704 425
426 428 773
429 427 767
428 430 763
789 429 431
432 701 430
431 433 125
788 432 434
435 149 433
434 436 762
782 435 437
175 438 436
776 437 439
769 440 438
441 439 755
440 697 442
178 443 441
444 442 754
443 696 445
179 446 444
447 445 753
446 693 448
449 692 447
448 687 450
451 684 449
450 452 747
760 451 453
759 454 452
758 453 455
757 456 454
457 455 734
456 458 729
459 457 711
458 460 707
461 459 706
460 681 462
463 680 461
462 464 703
756 463 465
749 466 464
467 465 128
466 679 468
469 678 467
468 470 699
746 469 471
739 472 470
473 471 129
472 150 474
475 675 473
474 667 476
477 666 475
476 151 478
184 479 477
738 478 480
481 154 479
480 482 694
483 481 686
482 665 484
733 485 483
486 484 685
485 487 682
727 486 488
726 489 487
490 488 132
489 659 491
721 492 490
493 491 140
492 494 137
495 493 144
494 650 496
720 497 495
719 496 498
499 642 497
498 500 676
716 499 501
502 639 500
501 638 503
504 637 502
503 628 505
713 506 504
700 505 507
695 508 506
509 507 145
508 510 673
689 509 511
187 512 510
513 511 672
512 514 156
515 513 669
514 627 516
517 622 515
516 615 518
519 608 517
518 607 520
521 163 519
520 522 662
523 521 167
522 524 661
525 523 168
524 600 526
683 527 525
528 526 171
527 164 529
663 530 528
204 529 531
188 532 530
660 531 533
534 599 532
533 535 658
189 534 536
537 596 535
536 165 538
539 585 537
538 584 540
653 541 539
652 540 542
543 173 541
542 577 544
190 545 543
546 544 656
545 547 654
548 546 651
547 549 648
550 548 640
549 574 551
647 552 550
646 551 553
554 569 552
553 181 555
645 556 554
644 555 557
558 568 556
557 567 559
560 560 558
559 559 561
643 562 560
563 561 176
562 564 633
193 563 565
194 566 564
626 565 567
568 558 566
567 557 569
570 553 568
569 571 621
196 570 572
203 573 571
574 572 177
573 550 575
624 576 574
577 575 618
576 543 578
623 579 577
620 578 580
581 182 579
580 191 582
209 583 581
584 582 617
583 539 585
586 538 584
585 587 614
588 586 613
587 589 183
616 588 590
609 591 589
592 590 612
591 593 611
606 592 594
603 595 593
602 594 596
597 536 595
596 598 605
601 597 599
600 533 598
599 525 601
598 602 600
595 601 603
594 604 602
605 603 200
604 606 597
593 605 607
608 519 606
607 518 609
590 610 608
611 609 202
610 612 592
613 611 591
612 614 587
615 613 586
614 517 616
589 617 615
618 616 583
617 619 576
210 618 620
579 621 619
622 620 570
621 516 623
578 624 622
575 623 625
217 626 624
566 625 627
628 515 626
627 504 629
221 630 628
231 629 631
229 632 630
633 631 205
632 634 563
635 633 211
634 636 219
232 635 637
638 503 636
637 502 639
640 501 638
639 641 549
642 640 224
641 498 643
561 644 642
556 643 645
555 646 644
552 645 647
551 648 646
649 647 548
648 197 650
651 495 649
650 652 547
541 651 653
540 654 652
655 653 546
654 656 226
657 655 545
656 658 225
659 657 534
658 490 660
532 661 659
662 660 523
661 663 521
529 662 664
665 199 663
664 483 666
667 476 665
666 475 668
233 669 667
670 668 514
669 671 227
672 670 228
671 673 512
674 672 509
673 206 675
676 474 674
675 677 499
678 676 241
677 468 679
680 467 678
679 462 681
682 461 680
681 683 486
526 682 684
685 450 683
684 686 485
687 685 482
686 449 688
234 689 687
510 688 690
235 691 689
692 690 247
691 448 693
694 447 692
693 695 481
507 694 696
697 444 695
696 441 698
699 207 697
698 700 469
506 699 701
702 431 700
701 703 251
704 702 463
703 426 705
706 420 704
705 707 460
708 706 459
707 419 709
710 212 708
709 711 252
712 710 458
711 418 713
505 714 712
237 713 715
238 716 714
500 715 717
718 213 716
717 415 719
497 720 718
496 719 721
491 722 720
723 721 253
722 214 724
725 408 723
724 407 726
488 727 725
487 726 728
729 402 727
728 730 457
731 729 256
730 732 263
245 731 733
484 734 732
735 733 456
734 397 736
737 392 735
736 220 738
479 739 737
471 738 740
741 389 739
740 386 742
743 240 741
742 385 744
745 243 743
744 382 746
470 747 745
748 746 451
747 749 270
465 748 750
249 751 749
248 750 752
753 381 751
752 754 446
755 753 443
754 756 440
464 755 757
455 758 756
454 757 759
453 760 758
452 759 761
762 246 760
761 763 435
764 762 429
763 765 273
254 764 766
767 374 765
766 768 428
257 767 769
439 770 768
258 769 771
259 772 770
773 771 278
772 774 427
775 773 280
774 373 776
438 777 775
260 776 778
779 372 777
778 780 424
781 779 423
780 371 782
436 783 781
264 782 784
785 255 783
784 786 422
787 785 416
786 364 788
433 789 787
430 788 790
421 791 789
414 790 792
793 361 791
792 359 794
795 358 793
794 796 290
413 795 797
798 272 796
797 262 799
800 354 798
799 332 801
412 802 800
409 801 803
804 275 802
803 805 411
406 804 806
807 329 805
806 808 410
809 807 293
808 328 810
811 327 809
810 812 405
813 811 404
812 814 403
815 813 294
814 816 400
817 815 399
816 818 398
819 817 388
818 324 820
821 318 819
820 317 822
401 823 821
824 822 295
823 825 387
826 824 384
825 827 375
828 826 370
827 316 829
830 276 828
829 831 297
832 830 296
831 833 369
834 832 368
833 315 835
395 836 834
837 835 367
836 838 366
394 837 839
390 840 838
380 839 841
379 842 840
843 841 365
842 844 353
267 843 845
378 846 844
377 845 847
848 314 846
847 849 298
376 848 850
851 312 849
850 852 348
853 851 347
852 282 854
356 855 853
856 854 341
855 307 857
268 858 856
859 857 336
858 860 299
355 859 861
350 862 860
863 861 335
862 304 864
271 865 863
349 864 866
346 867 865
343 866 868
340 869 867
339 868 870
338 871 869
872 870 334
871 283 873
874 301 872
873 292 875
876 291 874
875 877 331
311 876 878
310 879 877
880 878 300
879 881 326
274 880 882
302 883 881
281 882 884
885 286 883
884 886 305
887 885 306
886 888 325
284 887 0
289 288 319
