608 0 606
605 1 606
606 0 2
604 3 1
603 2 4
5 606 3
4 6 601
7 5 600
6 605 8
598 9 7
10 8 599
9 11 596
593 10 12
13 602 11
12 597 14
15 586 13
14 16 595
592 15 17
18 581 16
17 580 19
20 577 18
19 574 21
22 571 20
21 23 594
24 22 591
23 570 25
589 26 24
27 25 590
26 569 28
29 568 27
28 567 30
588 31 29
32 30 587
31 566 33
585 34 32
578 33 35
573 36 34
572 35 37
38 563 36
37 562 39
40 561 38
39 41 584
42 40 583
41 560 43
44 559 42
43 45 582
565 44 46
47 550 45
46 48 579
49 47 576
48 543 50
51 540 49
50 535 52
53 534 51
52 531 54
564 55 53
56 54 575
55 526 57
555 58 56
554 57 59
60 525 58
59 61 558
551 60 62
546 63 61
545 62 64
544 65 63
66 64 557
65 67 556
541 66 68
538 69 67
70 68 553
69 522 71
72 519 70
71 73 552
74 72 549
73 518 75
537 76 74
77 75 548
76 517 78
530 79 77
529 78 80
528 81 79
523 80 82
83 516 81
82 84 547
85 83 542
84 86 539
512 85 87
511 88 86
510 87 89
509 90 88
91 89 536
90 92 533
508 91 93
94 507 92
93 506 95
503 96 94
502 95 97
495 98 96
494 97 99
493 100 98
101 99 532
100 102 527
492 101 103
491 104 102
105 103 524
104 505 106
490 107 105
487 106 108
486 109 107
110 108 521
109 111 520
483 110 112
482 113 111
114 112 515
113 500 115
116 499 114
115 496 117
473 118 116
119 117 514
118 120 513
121 119 504
120 122 501
123 121 498
122 124 497
472 123 125
126 489 124
125 127 488
128 126 485
127 129 484
467 128 130
131 480 129
130 132 481
133 131 478
132 134 477
135 133 474
134 136 471
137 135 470
136 138 469
139 137 466
138 140 463
462 139 141
142 479 140
141 143 460
457 142 144
456 145 143
453 144 146
452 147 145
148 146 459
147 149 448
451 148 150
450 151 149
152 150 447
151 476 153
433 154 152
430 153 155
156 475 154
155 468 157
158 465 156
157 464 159
427 160 158
426 159 161
162 461 160
161 163 444
425 162 164
165 458 163
164 166 443
424 165 167
419 168 166
418 167 169
413 170 168
412 169 171
411 172 170
410 171 173
409 174 172
175 173 442
174 455 176
402 177 175
397 176 178
396 179 177
180 178 441
179 181 436
395 180 182
390 183 181
184 182 435
183 185 432
186 184 429
185 454 187
188 449 186
187 446 189
381 190 188
380 189 191
377 192 190
376 191 193
375 194 192
374 193 195
196 445 194
195 197 428
371 196 198
199 440 197
198 439 200
370 201 199
202 200 423
201 203 416
369 202 204
368 205 203
361 204 206
360 207 205
357 206 208
354 209 207
353 208 210
211 438 209
210 437 212
213 434 211
212 431 214
215 422 213
214 421 216
352 217 215
351 216 218
346 219 217
341 218 220
221 420 219
220 417 222
338 223 221
224 222 415
223 225 408
335 224 226
227 414 225
226 228 407
334 227 229
325 230 228
231 229 406
230 405 232
324 233 231
323 232 234
235 404 233
234 401 236
320 237 235
238 236 403
237 239 398
240 238 393
239 400 241
242 399 240
241 394 243
319 244 242
318 243 245
317 246 244
316 245 247
248 389 246
247 388 249
250 387 248
249 384 251
252 383 250
251 253 392
254 252 391
253 382 255
256 379 254
255 257 386
315 256 258
314 259 257
260 258 385
259 261 366
262 260 365
261 378 263
309 264 262
265 263 364
264 373 266
302 267 265
268 266 363
267 372 269
291 270 268
290 269 271
281 272 270
273 271 362
272 274 359
275 273 358
274 276 345
277 275 342
276 278 339
607 277 279
280 367 278
279 356 281
271 282 280
283 281 336
282 284 333
285 283 332
284 355 286
287 350 285
286 349 288
289 348 287
288 347 290
270 291 289
269 290 292
293 344 291
292 294 331
295 293 322
294 296 321
297 295 312
296 343 298
299 340 297
298 300 311
301 299 310
300 337 302
266 303 301
304 302 305
303 305 607
306 304 303
305 330 307
308 329 306
307 328 309
263 310 308
311 309 300
310 312 299
313 311 296
312 327 314
258 315 313
257 314 316
246 317 315
245 316 318
244 319 317
243 318 320
236 321 319
322 320 295
321 323 294
233 322 324
232 325 323
229 324 326
327 607 325
326 313 328
329 308 327
328 307 330
331 306 329
330 332 293
333 331 284
332 334 283
228 333 335
225 336 334
337 335 282
336 301 338
222 339 337
340 338 277
339 298 341
219 342 340
343 341 276
342 297 344
345 292 343
344 346 275
218 345 347
348 289 346
347 288 349
350 287 348
349 286 351
217 352 350
216 351 353
209 354 352
208 353 355
356 285 354
355 280 357
207 358 356
359 357 274
358 360 273
206 359 361
205 362 360
363 361 272
362 364 267
365 363 264
364 366 261
367 365 260
366 279 368
204 369 367
203 368 370
200 371 369
197 370 372
373 268 371
372 265 374
194 375 373
193 374 376
192 377 375
191 376 378
379 262 377
378 255 380
190 381 379
189 380 382
383 254 381
382 251 384
385 250 383
384 386 259
387 385 256
386 249 388
389 248 387
388 247 390
182 391 389
392 390 253
391 393 252
394 392 239
393 242 395
181 396 394
178 395 397
177 398 396
399 397 238
398 241 400
401 240 399
400 235 402
176 403 401
404 402 237
403 234 405
406 231 404
405 407 230
408 406 227
407 409 224
173 408 410
172 411 409
171 410 412
170 413 411
169 412 414
415 226 413
414 416 223
417 415 202
416 221 418
168 419 417
167 418 420
421 220 419
420 215 422
423 214 421
422 424 201
166 423 425
163 426 424
160 425 427
159 428 426
429 427 196
428 430 185
154 429 431
432 213 430
431 433 184
153 432 434
435 212 433
434 436 183
437 435 180
436 211 438
439 210 437
438 199 440
441 198 439
440 442 179
443 441 174
442 444 165
445 443 162
444 195 446
447 188 445
446 448 151
449 447 148
448 187 450
150 451 449
149 450 452
146 453 451
145 452 454
455 186 453
454 175 456
144 457 455
143 456 458
459 164 457
458 460 147
461 459 142
460 161 462
140 463 461
464 462 139
463 158 465
466 157 464
465 467 138
129 466 468
469 156 467
468 470 137
471 469 136
470 472 135
124 471 473
117 474 472
475 473 134
474 155 476
477 152 475
476 478 133
479 477 132
478 141 480
481 130 479
480 482 131
112 481 483
111 484 482
485 483 128
484 486 127
108 485 487
107 488 486
489 487 126
488 125 490
106 491 489
103 490 492
102 493 491
99 492 494
98 495 493
97 494 496
497 116 495
496 498 123
499 497 122
498 115 500
501 114 499
500 502 121
96 501 503
95 504 502
505 503 120
504 105 506
507 94 505
506 93 508
92 509 507
89 508 510
88 511 509
87 510 512
86 513 511
514 512 119
513 515 118
516 514 113
515 82 517
518 77 516
517 74 519
520 71 518
519 521 110
522 520 109
521 70 523
81 524 522
525 523 104
524 59 526
527 56 525
526 528 101
80 527 529
79 530 528
78 529 531
532 53 530
531 533 100
534 532 91
533 52 535
536 51 534
535 537 90
75 536 538
68 539 537
540 538 85
539 50 541
67 542 540
543 541 84
542 49 544
64 545 543
63 544 546
62 547 545
548 546 83
547 549 76
550 548 73
549 46 551
61 552 550
553 551 72
552 554 69
58 553 555
57 556 554
557 555 66
556 558 65
559 557 60
558 43 560
561 42 559
560 39 562
563 38 561
562 37 564
54 565 563
45 564 566
567 32 565
566 29 568
569 28 567
568 27 570
571 24 569
570 21 572
36 573 571
35 572 574
575 20 573
574 576 55
577 575 48
576 19 578
34 579 577
580 578 47
579 18 581
582 17 580
581 583 44
584 582 41
583 585 40
33 584 586
587 14 585
586 588 31
30 587 589
25 590 588
591 589 26
590 592 23
16 591 593
11 594 592
595 593 22
594 596 15
597 595 10
596 13 598
8 599 597
600 598 9
599 601 6
602 600 5
601 12 603
3 604 602
2 603 605
0 7 604
1 4 0
278 326 304
