4018 0 4016
1 4016 4015
0 2 4016
3 1 4012
2 4015 4
5 4014 3
4 4013 6
4016 7 5
4011 6 8
9 4010 7
8 10 4009
4008 9 11
4007 12 10
13 11 4004
12 4003 14
4006 15 13
16 14 3997
15 17 3996
4005 16 18
4002 19 17
20 18 3993
19 21 3984
4001 20 22
23 4000 21
22 3999 24
25 3992 23
24 26 3983
27 25 3980
26 3989 28
29 3988 27
28 30 3977
31 29 3976
30 3987 32
33 3986 31
32 3979 34
35 3978 33
34 3975 36
3998 37 35
3995 36 38
39 3974 37
38 40 3965
41 39 3964
40 3973 42
43 3972 41
42 3971 44
3994 45 43
3991 44 46
3990 47 45
3985 46 48
49 3970 47
48 50 3963
51 49 3960
50 52 3959
3982 51 53
3981 54 52
55 53 3958
54 3969 56
3968 57 55
3967 56 58
3962 59 57
3961 58 60
61 3966 59
60 62 3955
63 61 3952
62 64 3947
3954 63 65
3951 66 64
67 65 3938
66 68 3935
3950 67 69
70 3957 68
69 71 3934
72 70 3933
71 3956 73
74 3953 72
73 75 3926
76 74 3923
75 77 3922
78 76 3921
77 79 3918
3949 78 80
81 3948 79
80 82 3915
83 81 3910
82 84 3907
85 83 3902
84 86 3891
87 85 3890
86 88 3887
3946 87 89
3945 90 88
3944 89 91
3943 92 90
3942 91 93
94 3939 92
93 95 3882
3941 94 96
97 3936 95
96 98 3877
99 97 3876
98 100 3873
3940 99 101
3937 102 100
3932 101 103
104 3931 102
103 3930 105
106 3927 104
105 3920 107
3929 108 106
3928 107 109
110 3917 108
109 3914 111
3925 112 110
113 111 3870
112 3913 114
3924 115 113
3919 114 116
3916 117 115
118 116 3869
117 119 3868
120 118 3863
119 3912 121
3909 122 120
3908 121 123
124 3911 122
123 3906 125
126 3901 124
125 3896 127
128 3895 126
127 129 3862
3905 128 130
131 3894 129
130 132 3861
133 131 3860
132 134 3857
135 133 3852
134 136 3849
3904 135 137
3903 138 136
139 137 3848
138 140 3845
3900 139 141
142 3893 140
141 143 3844
144 142 3841
143 3888 145
146 3883 144
145 147 3836
3899 146 148
3898 149 147
3897 148 150
3892 151 149
152 150 3835
151 3880 153
3889 154 152
155 153 3832
154 3879 156
3886 157 155
3885 156 158
159 3872 157
158 3867 160
161 3866 159
160 3865 162
163 3856 161
162 164 3829
3884 163 165
166 3851 164
165 3850 167
168 3847 166
167 169 3828
3881 168 170
171 3846 169
170 3843 172
173 3842 171
172 3839 174
3878 175 173
3875 174 176
177 3838 175
176 178 3825
3874 177 179
3871 180 178
181 179 3824
180 3837 182
183 3834 181
182 3831 184
3864 185 183
3859 184 186
187 3830 185
186 3827 188
3858 189 187
190 188 3819
189 3826 191
192 3823 190
191 193 3818
194 192 3817
193 195 3816
3855 194 196
3854 197 195
198 196 3813
197 199 3812
200 198 3811
199 201 3810
202 200 3809
201 3814 203
3853 204 202
3840 203 205
3833 206 204
207 205 3804
206 3805 208
3822 209 207
3821 208 210
3820 211 209
212 210 3803
211 213 3798
3815 212 214
215 3802 213
214 3801 216
217 3800 215
216 218 3797
219 217 3794
218 3799 220
3808 221 219
222 220 3793
221 223 3792
3807 222 224
3806 225 223
226 224 3791
225 3796 227
3789 228 226
3786 227 229
230 3795 228
229 231 3790
232 230 3787
231 3788 233
234 3783 232
233 3782 235
236 3781 234
235 3780 237
238 3779 236
237 3772 239
240 3769 238
239 241 3784
3785 240 242
243 3768 241
242 3767 244
245 3766 243
244 246 3775
3778 245 247
3777 248 246
3776 247 249
250 3765 248
249 251 3774
252 250 3773
251 253 3762
254 252 3755
253 255 3752
3771 254 256
3770 257 255
258 256 3749
257 259 3740
260 258 3739
259 3764 261
3763 262 260
263 261 3738
262 264 3737
265 263 3736
264 3761 266
267 3760 265
266 268 3733
269 267 3732
268 270 3731
3758 269 271
3757 272 270
273 271 3730
272 274 3729
3756 273 275
276 3759 274
275 3754 277
278 3751 276
277 3748 279
280 3747 278
279 3746 281
3753 282 280
283 281 3728
282 284 3727
3750 283 285
286 3745 284
285 287 3726
3735 286 288
3734 289 287
290 288 3725
289 291 3724
292 290 3723
291 293 3720
294 292 3719
293 3744 295
3721 296 294
3718 295 297
298 3743 296
297 299 3716
300 298 3707
299 3742 301
302 3741 300
301 303 3706
3715 302 304
305 3722 303
304 3717 306
307 3714 305
306 308 3705
309 307 3704
308 3713 310
311 3712 309
310 312 3701
313 311 3700
312 3711 314
3710 315 313
316 314 3699
315 317 3698
3709 316 318
3708 319 317
320 318 3697
319 321 3694
322 320 3687
321 3702 323
3703 324 322
3696 323 325
3695 326 324
3692 325 327
3691 328 326
3688 327 329
330 3693 328
329 331 3686
3685 330 332
3684 333 331
3671 332 334
335 3690 333
334 336 3683
337 335 3680
336 338 3679
339 337 3678
338 340 3677
341 339 3672
340 342 3669
343 341 3664
342 344 3659
3668 343 345
3665 346 344
3662 345 347
348 3689 346
347 349 3658
3661 348 350
3660 351 349
352 350 3657
351 3682 353
354 3681 352
353 355 3652
3655 354 356
3654 357 355
3651 356 358
359 3676 357
358 360 3639
3648 359 361
3647 362 360
363 361 3636
362 364 3635
3642 363 365
366 3675 364
365 367 3634
368 366 3629
367 3674 369
370 3673 368
369 3670 371
3641 372 370
3640 371 373
374 3667 372
373 3666 375
3637 376 374
3632 375 377
378 3663 376
377 3656 379
3631 380 378
3624 379 381
382 3653 380
381 383 3628
384 382 3627
383 385 3626
386 384 3625
385 387 3620
3623 386 388
3622 389 387
390 388 3619
389 391 3616
392 390 3609
391 393 3598
394 392 3595
393 395 3590
396 394 3589
395 3650 397
3615 398 396
3614 397 399
400 3649 398
399 3646 401
402 3645 400
401 3644 403
404 3643 402
403 3638 405
3613 406 404
3612 405 407
3611 408 406
3608 407 409
410 3633 408
409 411 3588
3607 410 412
3606 413 411
3599 412 414
415 3630 413
414 416 3587
417 415 3584
416 418 3581
419 417 3578
418 420 3577
3594 419 421
3593 422 420
423 421 3576
422 424 3573
3592 423 425
426 3621 424
425 427 3568
428 426 3565
427 3618 429
430 3617 428
429 3610 431
432 3605 430
431 433 3560
3585 432 434
3580 435 433
436 434 3557
435 3604 437
3579 438 436
439 437 3552
438 440 3547
3574 439 441
442 3603 440
441 443 3542
3571 442 444
445 3602 443
444 3601 446
3570 447 445
3567 446 448
3566 449 447
3563 448 450
3562 451 449
452 450 3535
451 453 3534
454 452 3533
453 455 3530
456 454 3527
455 3600 457
3561 458 456
459 457 3526
458 460 3519
3558 459 461
462 3597 460
461 463 3516
464 462 3515
463 465 3512
466 464 3509
465 3596 467
468 3591 466
467 469 3504
3555 468 470
471 3586 469
470 3583 472
3554 473 471
3553 472 474
475 3582 473
474 3575 476
477 3572 475
476 478 3501
479 477 3500
478 3569 480
481 3564 479
480 482 3499
3550 481 483
3549 484 482
485 483 3496
484 3559 486
3546 487 485
3545 486 488
489 3556 487
488 490 3495
491 489 3492
490 492 3491
3544 491 493
3543 494 492
3538 493 495
496 3551 494
495 3548 497
498 3541 496
497 499 3490
3537 498 500
3536 501 499
3531 500 502
503 3540 501
502 504 3487
505 503 3482
504 506 3479
507 505 3478
506 508 3477
3528 507 509
3525 510 508
511 509 3466
510 512 3461
513 511 3460
512 3539 514
3518 515 513
3511 514 516
3508 517 515
518 516 3459
517 3532 519
3503 520 518
3502 519 521
522 3529 520
521 3524 523
524 3523 522
523 3522 525
526 3521 524
525 527 3458
3497 526 528
529 3520 527
528 530 3457
3494 529 531
3489 532 530
3488 531 533
534 3517 532
533 3514 535
536 3513 534
535 3510 537
3481 538 536
539 537 3454
538 540 3453
3476 539 541
3475 542 540
543 541 3452
542 544 3449
3474 543 545
3473 546 544
3472 545 547
548 3507 546
547 3506 549
3471 550 548
551 549 3446
550 3505 552
3470 553 551
3467 552 554
555 3498 553
554 556 3443
3464 555 557
3463 558 556
559 557 3442
558 3493 560
3462 561 559
3455 560 562
3448 563 561
3445 562 564
565 3486 563
564 566 3441
3438 565 567
3435 568 566
569 567 3440
568 570 3437
571 569 3436
570 3485 572
573 3484 571
572 3483 574
575 3480 573
574 3469 576
3432 577 575
578 576 3433
577 579 3426
3431 578 580
3430 581 579
582 580 3421
581 3468 583
3429 584 582
585 583 3414
584 586 3411
587 585 3408
586 588 3407
3428 587 589
3427 590 588
3424 589 591
592 3465 590
591 3456 593
3423 594 592
595 593 3406
594 3451 596
3422 597 595
3419 596 598
599 3450 597
598 600 3401
3418 599 601
3413 602 600
3410 601 603
3405 604 602
3404 603 605
3403 606 604
3398 605 607
608 3447 606
607 609 3400
3395 608 610
611 3444 609
610 612 3399
613 611 3396
612 3439 614
3394 615 613
3391 614 616
3388 617 615
618 616 3393
617 619 3390
620 618 3381
619 621 3378
622 620 3375
621 623 3374
624 622 3373
623 625 3364
626 624 3363
625 627 3360
628 626 3359
627 3434 629
3387 630 628
3380 629 631
3377 632 630
3372 631 633
634 3425 632
633 635 3356
3371 634 636
3370 637 635
638 636 3353
637 3420 639
3369 640 638
3368 639 641
3357 642 640
643 641 3352
642 3417 644
645 3416 643
644 646 3345
3348 645 647
3347 648 646
649 647 3342
648 3415 650
651 3412 649
650 3409 652
3346 653 651
3343 652 654
3340 655 653
3333 654 656
3328 657 655
658 656 3341
657 3402 659
3327 660 658
661 659 3338
660 662 3337
3326 661 663
664 3397 662
663 3392 665
3321 666 664
3316 665 667
668 3389 666
667 669 3336
670 668 3335
669 3386 671
672 3385 670
671 673 3334
674 672 3331
673 3384 675
676 3383 674
675 3382 677
3315 678 676
679 677 3330
678 3379 680
681 3376 679
680 3367 682
683 3366 681
682 3365 684
3310 685 683
686 684 3329
685 687 3324
3307 686 688
689 3362 687
688 690 3323
3306 689 691
3303 692 690
693 691 3322
692 3361 694
695 3358 693
694 3355 696
697 3354 695
696 698 3319
3300 697 699
700 3351 698
699 3350 701
702 3349 700
701 703 3318
3297 702 704
705 3344 703
704 3339 706
3294 707 705
708 706 3317
707 3332 709
710 3325 708
709 711 3314
712 710 3309
711 713 3308
3293 712 714
3290 715 713
716 714 3305
715 717 3302
718 716 3301
717 3320 719
3289 720 718
721 719 3296
720 3313 722
3288 723 721
724 722 3291
723 725 3282
726 724 3279
725 727 3274
3281 726 728
729 3312 727
728 730 3273
3280 729 731
3277 732 730
3276 731 733
734 3311 732
733 735 3272
736 734 3269
735 3304 737
3271 738 736
3270 737 739
740 3299 738
739 3298 741
742 3295 740
741 3292 743
744 3287 742
743 3286 745
3267 746 744
3266 745 747
748 3285 746
747 3284 749
3263 750 748
3262 749 751
752 3283 750
751 3278 753
754 3275 752
753 755 3264
3257 754 756
3254 757 755
758 756 3261
757 759 3256
760 758 3251
759 3268 761
3253 762 760
3252 761 763
3249 764 762
765 763 3246
764 3265 766
767 3260 765
766 3259 768
3248 769 767
3247 768 770
3244 771 769
772 770 3239
771 773 3238
774 772 3235
773 775 3232
776 774 3229
775 777 3228
778 776 3223
777 3258 779
3243 780 778
781 779 3218
780 3255 782
783 3250 781
782 3245 784
785 3242 783
784 786 3213
787 785 3212
786 3241 788
789 3236 787
788 3231 790
791 3226 789
790 792 3211
3240 791 793
794 3225 792
793 3222 795
796 3221 794
795 797 3210
3237 796 798
799 3220 797
798 800 3209
801 799 3208
800 802 3207
803 801 3204
802 804 3203
3234 803 805
3233 806 804
807 805 3202
806 808 3199
809 807 3198
808 810 3197
811 809 3196
810 3219 812
3230 813 811
3227 812 814
815 3214 813
814 3201 816
3224 817 815
3217 816 818
3216 819 817
3215 818 820
3206 821 819
3205 820 822
823 3200 821
822 824 3191
3190 823 825
3185 826 824
827 825 3182
826 3195 828
3184 829 827
830 828 3179
829 3194 831
832 3193 830
831 3192 833
3181 834 832
835 833 3170
834 836 3167
3178 835 837
3177 838 836
839 837 3160
838 3189 840
3176 841 839
3169 840 842
3168 843 841
844 842 3159
843 845 3158
846 844 3157
845 847 3156
848 846 3153
847 849 3152
850 848 3151
849 851 3146
852 850 3141
851 3188 853
3165 854 852
3164 853 855
856 3187 854
855 3186 857
858 3183 856
857 859 3140
3155 858 860
861 3180 859
860 862 3139
863 861 3138
862 3175 864
3154 865 863
3149 864 866
867 3174 865
866 868 3125
869 867 3124
868 870 3123
3148 869 871
3147 872 870
873 871 3122
872 874 3121
875 873 3120
874 3173 876
877 3172 875
876 3171 878
3136 879 877
880 878 3119
879 3166 881
882 3163 880
881 3162 883
3135 884 882
3132 883 885
886 3161 884
885 3150 887
3131 888 886
3130 887 889
890 3145 888
889 891 3118
3129 890 892
3128 893 891
3127 892 894
3126 895 893
896 894 3117
895 3144 897
3113 898 896
899 897 3116
898 3143 900
3112 901 899
902 900 3115
901 3142 903
904 3137 902
903 3134 905
906 3133 904
905 907 3110
3107 906 908
909 3114 907
908 910 3109
3106 909 911
3103 912 910
913 911 3108
912 914 3105
3092 913 915
916 3111 914
915 917 3102
918 916 3101
917 3104 919
920 3099 918
919 3098 921
922 3097 920
921 3096 923
924 3095 922
923 925 3100
926 924 3093
925 3094 927
3089 928 926
3088 927 929
3085 930 928
3082 929 931
932 3091 930
931 933 3090
3073 932 934
3072 935 933
3071 934 936
3068 937 935
938 936 3087
937 3086 939
3065 940 938
3064 939 941
942 3083 940
941 943 3084
3061 942 944
3052 945 943
946 944 3081
945 947 3074
3049 946 948
3048 949 947
950 948 3069
949 951 3060
3043 950 952
953 3080 951
952 3079 954
3032 955 953
956 954 3059
955 3078 957
958 3077 956
957 3076 959
960 3075 958
959 3070 961
3031 962 960
3030 961 963
964 3067 962
963 965 3058
966 964 3053
965 967 3044
3025 966 968
969 3066 967
968 3063 970
3020 971 969
3019 970 972
973 3062 971
972 3057 974
975 3056 973
974 976 3041
977 975 3040
976 3055 978
3016 979 977
980 978 3039
979 3054 981
3015 982 980
983 981 3038
982 3051 984
3014 985 983
3009 984 986
3004 987 985
3003 986 988
989 3050 987
988 3047 990
991 3046 989
990 3045 992
993 3042 991
992 3029 994
995 3028 993
994 3027 996
997 3024 995
996 3021 998
3002 999 997
1000 998 3037
999 1001 3036
2997 1000 1002
2984 1003 1001
1004 1002 3035
1003 1005 3034
1006 1004 3033
1005 3018 1007
2983 1008 1006
2980 1007 1009
1010 3013 1008
1009 1011 3026
1012 1010 3023
1011 1013 3022
2979 1012 1014
2978 1015 1013
1016 1014 3017
1015 1017 3012
1018 1016 3011
1017 1019 3010
1020 1018 3007
1019 3008 1021
2977 1022 1020
2974 1021 1023
1024 3001 1022
1023 2996 1025
1026 2981 1024
1025 2976 1027
2973 1028 1026
2966 1027 1029
1030 2971 1028
1029 1031 3006
1032 1030 3005
1031 2970 1033
1034 2969 1032
1033 2968 1035
2965 1036 1034
1037 1035 3000
1036 1038 2999
2962 1037 1039
2959 1040 1038
2958 1039 1041
1042 2961 1040
1041 2956 1043
2955 1044 1042
2946 1043 1045
1046 2951 1044
1045 2950 1047
2945 1048 1046
2942 1047 1049
1050 2947 1048
1049 1051 2998
1052 1050 2995
1051 2944 1053
1054 2933 1052
1053 1055 2994
2941 1054 1056
1057 2932 1055
1056 2929 1058
1059 2924 1057
1058 2919 1060
1061 2918 1059
1060 1062 2993
2936 1061 1063
1064 2917 1062
1063 1065 2992
2935 1064 1066
2930 1067 1065
1068 1066 2991
1067 2916 1069
2927 1070 1068
1071 1069 2990
1070 1072 2989
2926 1071 1073
1074 2913 1072
1073 1075 2988
1076 1074 2987
1075 2908 1077
1078 2907 1076
1077 2904 1079
2925 1080 1078
1081 1079 2986
1080 2903 1082
2922 1083 1081
2921 1082 1084
1085 2900 1083
1084 1086 2985
1087 1085 2982
1086 1088 2975
1089 1087 2972
1088 1090 2967
1091 1089 2964
1090 1092 2963
1093 1091 2960
1092 1094 2957
2920 1093 1095
2915 1096 1094
1097 1095 2954
1096 1098 2953
1099 1097 2952
1098 1100 2949
1101 1099 2948
1100 2899 1102
1103 2894 1101
1102 1104 2943
2914 1103 1105
1106 2887 1104
1105 1107 2940
2909 1106 1108
1109 2884 1107
1108 1110 2939
2906 1109 1111
2905 1112 1110
1113 1111 2938
1112 1114 2937
1115 1113 2934
1114 1116 2931
2902 1115 1117
2895 1118 1116
1119 1117 2928
1118 2873 1120
2892 1121 1119
2891 1120 1122
1123 2866 1121
1122 1124 2923
1125 1123 2912
1124 1126 2911
1127 1125 2910
1126 1128 2901
2890 1127 1129
2889 1130 1128
2888 1129 1131
1132 2859 1130
1131 1133 2898
1134 1132 2897
1133 2856 1135
1136 2847 1134
1135 1137 2896
1138 1136 2893
1137 1139 2886
2885 1138 1140
2882 1141 1139
1142 1140 2883
1141 1143 2880
1144 1142 2879
1143 1145 2878
1146 1144 2877
1145 2846 1147
2881 1148 1146
1149 1147 2872
1148 2843 1150
1151 2840 1149
1150 2833 1152
1153 2832 1151
1152 1154 2867
1155 1153 2864
1154 2831 1156
1157 2830 1155
1156 2825 1158
2876 1159 1157
2875 1158 1160
2874 1161 1159
1162 1160 2863
1161 1163 2862
1164 1162 2861
1163 2824 1165
2871 1166 1164
2870 1165 1167
2869 1168 1166
1169 1167 2858
1168 2823 1170
2868 1171 1169
1172 1170 2855
1171 2820 1173
2865 1174 1172
2860 1173 1175
2857 1176 1174
2854 1175 1177
1178 2819 1176
1177 1179 2848
1180 1178 2845
1179 2816 1181
1182 2815 1180
1181 1183 2844
2853 1182 1184
2852 1185 1183
2851 1184 1186
1187 2812 1185
1186 1188 2839
1189 1187 2836
1188 1190 2835
2850 1189 1191
2849 1192 1190
2842 1191 1193
2841 1194 1192
1195 1193 2826
1194 2809 1196
2838 1197 1195
2837 1196 1198
2834 1199 1197
1200 1198 2821
1199 2804 1201
1202 2801 1200
1201 1203 2818
1204 1202 2817
1203 2800 1205
1206 2799 1204
1205 2788 1207
1208 2781 1206
1207 2778 1209
2829 1210 1208
2828 1209 1211
2827 1212 1210
1213 1211 2814
1212 2773 1214
1215 2772 1213
1214 2767 1216
1217 2748 1215
1216 2743 1218
1219 2742 1217
1218 1220 2811
2822 1219 1221
2813 1222 1220
1223 1221 2810
1222 2741 1224
2808 1225 1223
2807 1224 1226
2806 1227 1225
1228 1226 2805
1227 2740 1229
2803 1230 1228
1231 1229 2802
1230 1232 2791
2798 1231 1233
1234 2733 1232
1233 1235 2790
2797 1234 1236
1237 2730 1235
1236 2729 1238
1239 2728 1237
1238 2727 1240
2796 1241 1239
2795 1240 1242
2794 1243 1241
1244 1242 2789
1243 2722 1245
1246 2717 1244
1245 2714 1247
2793 1248 1246
1249 1247 2780
1248 2713 1250
2792 1251 1249
2787 1250 1252
1253 2708 1251
1252 1254 2777
1255 1253 2776
1254 1256 2775
2786 1255 1257
2785 1258 1256
1259 1257 2774
1258 1260 2771
1261 1259 2766
1260 1262 2761
2784 1261 1263
2783 1264 1262
1265 1263 2760
1264 1266 2759
1267 1265 2758
1266 2707 1268
2782 1269 1267
2779 1268 1270
1271 2704 1269
1270 2703 1272
1273 2700 1271
1272 2699 1274
1275 2690 1273
1274 2687 1276
2770 1277 1275
1278 1276 2757
1277 1279 2756
1280 1278 2755
1279 1281 2754
2769 1280 1282
2768 1283 1281
1284 1282 2753
1283 1285 2752
1286 1284 2751
1285 2686 1287
2765 1288 1286
2764 1287 1289
1290 2685 1288
1289 1291 2750
2763 1290 1292
2762 1293 1291
1294 1292 2749
1293 2684 1295
1296 2683 1294
1295 2680 1297
1298 2673 1296
1297 1299 2746
2747 1298 1300
2744 1301 1299
1302 1300 2745
1301 2670 1303
2739 1304 1302
1305 1303 2736
1304 2669 1306
1307 2668 1305
1306 2667 1308
1309 2666 1307
1308 2663 1310
2738 1311 1309
2737 1310 1312
2732 1313 1311
1314 1312 2735
1313 2660 1315
2731 1316 1314
2726 1315 1317
2725 1318 1316
1319 1317 2734
1318 2653 1320
2724 1321 1319
2721 1320 1322
2718 1323 1321
2695 1322 1324
1325 2650 1323
1324 1326 2723
1327 1325 2720
1326 1328 2719
2694 1327 1329
1330 2649 1328
1329 1331 2716
2689 1330 1332
1333 2644 1331
1332 1334 2715
1335 1333 2712
1334 1336 2711
2682 1335 1337
2681 1338 1336
2678 1337 1339
1340 2639 1338
1339 1341 2710
2677 1340 1342
1343 2632 1341
1342 2629 1344
2676 1345 1343
2675 1344 1346
2672 1347 1345
1348 1346 2709
1347 1349 2706
1350 1348 2705
1349 1351 2702
2665 1350 1352
2662 1353 1351
1354 1352 2701
1353 1355 2698
1356 1354 2697
1355 1357 2696
1358 1356 2693
1357 1359 2692
1360 1358 2691
1359 1361 2688
1362 1360 2679
1361 2628 1363
2661 1364 1362
2658 1363 1365
2657 1366 1364
1367 1365 2674
1366 2627 1368
1369 2616 1367
1368 2613 1370
2656 1371 1369
2655 1370 1372
2652 1373 1371
1374 1372 2671
1373 2612 1375
2651 1376 1374
1377 1375 2664
1376 1378 2659
1379 1377 2654
1378 1380 2647
2648 1379 1381
2645 1382 1380
1383 1381 2646
1382 1384 2643
2642 1383 1385
2641 1386 1384
1387 1385 2640
1386 2611 1388
1389 2604 1387
1388 2601 1390
2638 1391 1389
1392 1390 2637
1391 2598 1393
1394 2597 1392
1393 1395 2636
2635 1394 1396
2634 1397 1395
2633 1396 1398
2626 1399 1397
1400 1398 2631
1399 2596 1401
2623 1402 1400
1403 1401 2630
1402 1404 2625
2622 1403 1405
1406 2595 1404
1405 1407 2624
1408 1406 2617
1407 1409 2610
1410 1408 2605
1409 2592 1411
2621 1412 1410
2620 1411 1413
2619 1414 1412
2618 1413 1415
1416 2585 1414
1415 1417 2600
1418 1416 2599
1417 2582 1419
1420 2581 1418
1419 2578 1421
1422 2577 1420
1421 2576 1423
1424 2575 1422
1423 1425 2594
2615 1424 1426
2614 1427 1425
2609 1426 1428
2608 1429 1427
2607 1428 1430
2606 1431 1429
1432 1430 2591
1431 2570 1433
2603 1434 1432
2602 1433 1435
2593 1436 1434
1437 1435 2590
1436 2557 1438
1439 2550 1437
1438 2547 1440
2588 1441 1439
2587 1440 1442
2586 1443 1441
1444 1442 2589
1443 1445 2584
1446 1444 2573
1445 2546 1447
2583 1448 1446
1449 1447 2572
1448 2545 1450
2580 1451 1449
2579 1450 1452
2574 1453 1451
2571 1452 1454
2560 1455 1453
1456 1454 2569
1455 1457 2568
1458 1456 2567
1457 2544 1459
2559 1460 1458
1461 1459 2566
1460 1462 2565
1463 1461 2564
1462 2539 1464
2558 1465 1463
2553 1464 1466
2552 1467 1465
1468 1466 2563
1467 1469 2562
1470 1468 2561
1469 1471 2556
1472 1470 2555
1471 1473 2554
1474 1472 2551
1473 2534 1475
2549 1476 1474
1477 1475 2548
1476 1478 2543
1479 1477 2540
1478 2529 1480
1481 2524 1479
1480 2517 1482
1483 2516 1481
1482 2515 1484
1485 2510 1483
1484 2501 1486
2542 1487 1485
2541 1486 1488
2538 1489 1487
1490 1488 2535
1489 2498 1491
2537 1492 1490
2536 1491 1493
1494 2493 1492
1493 1495 2532
2533 1494 1496
1497 2490 1495
1496 2489 1498
1499 2488 1497
1498 2487 1500
2530 1501 1499
2527 1500 1502
1503 2480 1501
1502 1504 2531
1505 1503 2528
1504 1506 2523
2526 1505 1507
2525 1508 1506
2520 1507 1509
1510 2475 1508
1509 2474 1511
1512 2473 1510
1511 1513 2522
2519 1512 1514
1515 2472 1513
1514 2471 1516
1517 2468 1515
1516 2459 1518
1519 2458 1517
1518 2457 1520
2518 1521 1519
2513 1520 1522
1523 2456 1521
1522 1524 2521
1525 1523 2514
1524 1526 2509
1527 1525 2508
1526 1528 2507
1529 1527 2504
1528 1530 2503
1531 1529 2502
1530 1532 2497
2512 1531 1533
2511 1534 1532
2506 1533 1535
2505 1536 1534
2500 1535 1537
2499 1538 1536
2496 1537 1539
1540 2453 1538
1539 2440 1541
1542 2435 1540
1541 1543 2492
2495 1542 1544
1545 2434 1543
1544 1546 2491
1547 1545 2486
1546 1548 2485
2494 1547 1549
2481 1550 1548
2478 1549 1551
1552 2431 1550
1551 1553 2484
1554 1552 2483
1553 1555 2482
2477 1554 1556
1557 2426 1555
1556 1558 2479
1559 1557 2470
1558 1560 2467
2476 1559 1561
2469 1562 1560
2462 1561 1563
1564 2421 1562
1563 2410 1565
1566 2405 1564
1565 2396 1567
1568 2391 1566
1567 1569 2466
2461 1568 1570
2454 1571 1569
1572 1570 2465
1571 2386 1573
2451 1574 1572
1575 1573 2464
1574 1576 2463
1577 1575 2460
1576 1578 2455
1579 1577 2452
1578 2383 1580
1581 2382 1579
1580 1582 2449
2450 1581 1583
2439 1584 1582
1585 1583 2448
1584 2381 1586
1587 2380 1585
1586 2377 1588
1589 2376 1587
1588 2375 1590
2430 1591 1589
1592 1590 2447
1591 1593 2446
2429 1592 1594
1595 2372 1593
1594 1596 2445
2428 1595 1597
2425 1598 1596
2424 1597 1599
2423 1600 1598
1601 1599 2444
1600 2367 1602
1603 2364 1601
1602 1604 2443
2420 1603 1605
2417 1606 1604
1607 1605 2442
1606 2363 1608
1609 2360 1607
1608 2357 1610
1611 2354 1609
1610 2353 1612
2416 1613 1611
2409 1612 1614
1615 2350 1613
1614 2349 1616
2406 1617 1615
1618 1616 2441
1617 2344 1619
1620 2341 1618
1619 1621 2438
1622 1620 2437
1621 2338 1623
1624 2329 1622
1623 2326 1625
1626 2305 1624
1625 1627 2436
1628 1626 2433
1627 1629 2432
1630 1628 2427
1629 2304 1631
2403 1632 1630
1633 1631 2422
1632 2301 1634
1635 2300 1633
1634 2297 1636
2402 1637 1635
2401 1636 1638
2400 1639 1637
1640 1638 2419
1639 2296 1641
2395 1642 1640
2394 1641 1643
1644 2293 1642
1643 1645 2418
1646 1644 2415
1645 1647 2414
2393 1646 1648
1649 2290 1647
1648 1650 2413
1651 1649 2412
1650 1652 2411
2392 1651 1653
2389 1654 1652
2388 1653 1655
2385 1656 1654
1657 1655 2408
1656 2289 1658
2374 1659 1657
2373 1658 1660
2370 1661 1659
1662 1660 2407
1661 2288 1663
1664 2283 1662
1663 2282 1665
1666 2281 1664
1665 1667 2404
2369 1666 1668
2368 1669 1667
1670 1668 2399
1669 2280 1671
2359 1672 1670
1673 1671 2398
1672 1674 2397
2356 1673 1675
1676 2275 1674
1675 1677 2390
2355 1676 1678
1679 2274 1677
1678 1680 2387
2352 1679 1681
1682 2271 1680
1681 2268 1683
1684 2261 1682
1683 2256 1685
2351 1686 1684
2348 1685 1687
1688 2247 1686
1687 2244 1689
2347 1690 1688
2346 1689 1691
1692 2237 1690
1691 2230 1693
2345 1694 1692
1695 1693 2384
1694 2229 1696
1697 2228 1695
1696 1698 2379
2340 1697 1699
1700 2225 1698
1699 1701 2378
2339 1700 1702
1703 2222 1701
1702 1704 2371
1705 1703 2366
1704 1706 2365
1707 1705 2362
1706 1708 2361
2336 1707 1709
2335 1710 1708
1711 1709 2358
1710 1712 2343
1713 1711 2342
1712 2221 1714
2334 1715 1713
2333 1714 1716
1717 2216 1715
1716 1718 2337
1719 1717 2330
1718 1720 2325
1721 1719 2324
1720 1722 2323
2332 1721 1723
2331 1724 1722
1725 1723 2322
1724 2207 1726
1727 2206 1725
1726 2205 1728
1729 2204 1727
1728 1730 2321
2328 1729 1731
2327 1732 1730
2310 1731 1733
1734 2203 1732
1733 2194 1735
2309 1736 1734
1737 1735 2320
1736 2189 1738
2308 1739 1737
2307 1738 1740
2292 1741 1739
1742 1740 2319
1741 2184 1743
2291 1744 1742
2286 1743 1745
1746 2181 1744
1745 2178 1747
1748 2177 1746
1747 1749 2318
1750 1748 2317
1749 2174 1751
1752 2171 1750
1751 1753 2316
1754 1752 2315
1753 2166 1755
1756 2165 1754
1755 1757 2314
1758 1756 2313
1757 2162 1759
1760 2161 1758
1759 1761 2312
1762 1760 2311
1761 1763 2306
2285 1762 1764
1765 2160 1763
1764 2159 1766
1767 2158 1765
1766 1768 2303
2284 1767 1769
2279 1770 1768
2278 1769 1771
1772 2155 1770
1771 2154 1773
1774 2153 1772
1773 1775 2302
2277 1774 1776
2276 1777 1775
1778 1776 2299
1777 1779 2298
1780 1778 2295
1779 2152 1781
2273 1782 1780
2270 1781 1783
1784 2151 1782
1783 2150 1785
1786 2149 1784
1785 1787 2294
1788 1786 2287
1787 1789 2272
1790 1788 2267
1789 1791 2262
2269 1790 1792
1793 2148 1791
1792 1794 2259
1795 1793 2258
1794 1796 2255
1797 1795 2254
1796 1798 2253
2266 1797 1799
2265 1800 1798
2264 1799 1801
1802 2147 1800
1801 1803 2250
1804 1802 2249
1803 1805 2248
2263 1804 1806
1807 2146 1805
1806 1808 2243
2260 1807 1809
2257 1810 1808
1811 1809 2242
1810 1812 2241
2252 1811 1813
1814 2145 1812
1813 2144 1815
2251 1816 1814
1817 1815 2238
1816 1818 2235
1819 1817 2234
1818 2141 1820
1821 2132 1819
1820 2129 1822
1823 2126 1821
1822 2121 1824
2246 1825 1823
2245 1824 1826
1827 2120 1825
1826 1828 2231
1829 1827 2224
1828 2119 1830
2240 1831 1829
2239 1830 1832
2236 1833 1831
1834 1832 2215
1833 2116 1835
2233 1836 1834
1837 1835 2202
1836 2113 1838
1839 2106 1837
1838 2101 1840
1841 2100 1839
1840 2099 1842
2232 1843 1841
2227 1842 1844
2226 1845 1843
1846 1844 2201
1845 2098 1847
2223 1848 1846
2220 1847 1849
2219 1850 1848
1851 1849 2200
1850 2097 1852
1853 2094 1851
1852 2093 1854
1855 2092 1853
1854 2091 1856
2218 1857 1855
1858 1856 2197
1857 2090 1859
1860 2087 1858
1859 1861 2196
2217 1860 1862
1863 2086 1861
1862 1864 2195
2214 1863 1865
1866 2083 1864
1865 2082 1867
1868 2077 1866
1867 1869 2188
2213 1868 1870
1871 2076 1869
1870 1872 2185
1873 1871 2182
1872 1874 2173
2212 1873 1875
2211 1876 1874
2210 1875 1877
2209 1878 1876
2208 1877 1879
1880 2073 1878
1879 2068 1881
2199 1882 1880
2198 1881 1883
2193 1884 1882
2192 1883 1885
1886 2063 1884
1885 2060 1887
1888 2059 1886
1887 1889 2170
2191 1888 1890
1891 2054 1889
1890 1892 2169
2190 1891 1893
2187 1894 1892
1895 1893 2168
1894 2049 1896
2186 1897 1895
1898 1896 2167
1897 1899 2164
2183 1898 1900
1901 2038 1899
1900 2035 1902
2180 1903 1901
2179 1902 1904
2176 1905 1903
1906 1904 2157
1905 2032 1907
1908 2031 1906
1907 2026 1909
1910 2025 1908
1909 2024 1911
1912 2023 1910
1911 2022 1913
1914 2021 1912
1913 2020 1915
1916 2019 1914
1915 1917 2156
2175 1916 1918
1919 2016 1917
1918 1920 2143
1921 1919 2142
1920 1922 2139
1923 1921 2138
1922 1924 2135
1925 1923 2134
1924 1926 2133
2172 1925 1927
2163 1928 1926
2140 1927 1929
1930 2015 1928
1929 2014 1931
1932 2009 1930
1931 1933 2128
2137 1932 1934
1935 2006 1933
1934 1999 1936
2136 1937 1935
1938 1936 2127
1937 1998 1939
1940 1995 1938
1939 1994 1941
1942 1991 1940
1941 1943 2122
2131 1942 1944
2130 1945 1943
1946 1944 2115
1945 1988 1947
2125 1948 1946
1949 1947 2112
1948 1950 2107
2124 1949 1951
1952 1983 1950
1951 1953 2104
1954 1952 2103
1953 1955 2096
1956 1954 2089
1955 1957 2088
2123 1956 1958
2118 1959 1957
1960 1958 2085
1959 1961 2080
1962 1960 2079
1961 1963 2074
1964 1962 2071
1963 1965 2070
1966 1964 2067
1965 1967 2064
1968 1966 2061
1967 1969 2058
1970 1968 2053
1969 1971 2048
1972 1970 2041
1971 1980 1973
2117 1974 1972
2114 1973 1975
1976 1977 1974
1975 4017 1977
1978 1975 1976
1977 1979 2040
2111 1978 1980
1981 1972 1979
1980 1982 2039
1983 1981 2034
1982 1951 1984
2110 1985 1983
2109 1984 1986
2108 1987 1985
1988 1986 2027
1987 1946 1989
2105 1990 1988
1991 1989 2018
1990 1941 1992
2102 1993 1991
1994 1992 2017
1993 1940 1995
1996 1939 1994
1995 1997 2012
1998 1996 2011
1997 1938 1999
2000 1935 1998
1999 2001 2008
2095 2000 2002
2084 2003 2001
2081 2002 2004
2078 2005 2003
2006 2004 4017
2005 1934 2007
2075 2008 2006
2009 2007 2000
2008 1931 2010
2072 2011 2009
2012 2010 1997
2011 2013 1996
2069 2012 2014
2015 1930 2013
2014 1929 2016
2017 1918 2015
2016 2018 1993
2019 2017 1990
2018 1915 2020
2021 1914 2019
2020 1913 2022
2023 1912 2021
2022 1911 2024
2025 1910 2023
2024 1909 2026
2027 1908 2025
2026 2028 1987
2066 2027 2029
2065 2030 2028
2062 2029 2031
2032 1907 2030
2031 1906 2033
2057 2034 2032
2035 2033 1982
2034 1901 2036
2056 2037 2035
2055 2036 2038
2039 1900 2037
2038 2040 1981
2041 2039 1978
2040 2042 1971
2052 2041 2043
2051 2044 2042
2050 2043 2045
2047 2046 2044
4017 2045 2047
2045 2048 2046
2049 2047 1970
2048 1895 2050
2044 2051 2049
2043 2050 2052
2042 2053 2051
2054 2052 1969
2053 1890 2055
2037 2056 2054
2036 2055 2057
2033 2058 2056
2059 2057 1968
2058 1887 2060
2061 1886 2059
2060 2062 1967
2030 2061 2063
2064 1885 2062
2063 2065 1966
2029 2064 2066
2028 2067 2065
2068 2066 1965
2067 1880 2069
2013 2070 2068
2071 2069 1964
2070 2072 1963
2010 2071 2073
2074 1879 2072
2073 2075 1962
2007 2074 2076
2077 1870 2075
2076 1867 2078
2004 2079 2077
2080 2078 1961
2079 2081 1960
2003 2080 2082
2083 1866 2081
2082 1865 2084
2002 2085 2083
2086 2084 1959
2085 1862 2087
2088 1859 2086
2087 2089 1956
2090 2088 1955
2089 1858 2091
2092 1855 2090
2091 1854 2093
2094 1853 2092
2093 1852 2095
2001 2096 2094
2097 2095 1954
2096 1851 2098
2099 1846 2097
2098 1841 2100
2101 1840 2099
2100 1839 2102
1992 2103 2101
2104 2102 1953
2103 2105 1952
1989 2104 2106
2107 1838 2105
2106 2108 1949
1986 2107 2109
1985 2110 2108
1984 2109 2111
1979 2112 2110
2113 2111 1948
2112 1837 2114
1974 2115 2113
2116 2114 1945
2115 1834 2117
1973 2118 2116
1958 2117 2119
2120 1829 2118
2119 1826 2121
2122 1823 2120
2121 2123 1942
1957 2122 2124
1950 2125 2123
1947 2124 2126
2127 1822 2125
2126 2128 1937
2129 2127 1932
2128 1821 2130
1944 2131 2129
1943 2130 2132
2133 1820 2131
2132 2134 1925
2135 2133 1924
2134 2136 1923
1936 2135 2137
1933 2138 2136
2139 2137 1922
2138 2140 1921
1928 2139 2141
2142 1819 2140
2141 2143 1920
2144 2142 1919
2143 1814 2145
2146 1813 2144
2145 1806 2147
2148 1801 2146
2147 1792 2149
2150 1785 2148
2149 1784 2151
2152 1783 2150
2151 1780 2153
2154 1773 2152
2153 1772 2155
2156 1771 2154
2155 2157 1916
2158 2156 1905
2157 1766 2159
2160 1765 2158
2159 1764 2161
2162 1759 2160
2161 1758 2163
1927 2164 2162
2165 2163 1898
2164 1755 2166
2167 1754 2165
2166 2168 1897
2169 2167 1894
2168 2170 1891
2171 2169 1888
2170 1751 2172
1926 2173 2171
2174 2172 1873
2173 1750 2175
1917 2176 2174
1904 2175 2177
2178 1747 2176
2177 1746 2179
1903 2180 2178
1902 2179 2181
2182 1745 2180
2181 2183 1872
1899 2182 2184
2185 1742 2183
2184 2186 1871
1896 2185 2187
1893 2188 2186
2189 2187 1868
2188 1737 2190
1892 2191 2189
1889 2190 2192
1884 2193 2191
1883 2192 2194
2195 1734 2193
2194 2196 1863
2197 2195 1860
2196 2198 1857
1882 2197 2199
1881 2200 2198
2201 2199 1850
2200 2202 1845
2203 2201 1836
2202 1733 2204
2205 1728 2203
2204 1727 2206
2207 1726 2205
2206 1725 2208
1878 2209 2207
1877 2208 2210
1876 2211 2209
1875 2210 2212
1874 2213 2211
1869 2212 2214
1864 2215 2213
2216 2214 1833
2215 1716 2217
1861 2218 2216
1856 2217 2219
1849 2220 2218
1848 2219 2221
2222 1713 2220
2221 1702 2223
1847 2224 2222
2225 2223 1828
2224 1699 2226
1844 2227 2225
1843 2226 2228
2229 1696 2227
2228 1695 2230
2231 1692 2229
2230 2232 1827
1842 2231 2233
1835 2234 2232
2235 2233 1818
2234 2236 1817
1832 2235 2237
2238 1691 2236
2237 2239 1816
1831 2238 2240
1830 2241 2239
2242 2240 1811
2241 2243 1810
2244 2242 1807
2243 1688 2245
1825 2246 2244
1824 2245 2247
2248 1687 2246
2247 2249 1804
2250 2248 1803
2249 2251 1802
1815 2250 2252
1812 2253 2251
2254 2252 1797
2253 2255 1796
2256 2254 1795
2255 1684 2257
1809 2258 2256
2259 2257 1794
2258 2260 1793
1808 2259 2261
2262 1683 2260
2261 2263 1790
1805 2262 2264
1800 2265 2263
1799 2264 2266
1798 2267 2265
2268 2266 1789
2267 1682 2269
1791 2270 2268
1782 2269 2271
2272 1681 2270
2271 2273 1788
1781 2272 2274
2275 1678 2273
2274 1675 2276
1776 2277 2275
1775 2276 2278
1770 2279 2277
1769 2278 2280
2281 1670 2279
2280 1665 2282
2283 1664 2281
2282 1663 2284
1768 2285 2283
1763 2284 2286
1744 2287 2285
2288 2286 1787
2287 1662 2289
2290 1657 2288
2289 1648 2291
1743 2292 2290
1740 2291 2293
2294 1643 2292
2293 2295 1786
2296 2294 1779
2295 1640 2297
2298 1635 2296
2297 2299 1778
2300 2298 1777
2299 1634 2301
2302 1633 2300
2301 2303 1774
2304 2302 1767
2303 1630 2305
2306 1625 2304
2305 2307 1762
1739 2306 2308
1738 2309 2307
1735 2308 2310
1732 2311 2309
2312 2310 1761
2311 2313 1760
2314 2312 1757
2313 2315 1756
2316 2314 1753
2315 2317 1752
2318 2316 1749
2317 2319 1748
2320 2318 1741
2319 2321 1736
2322 2320 1729
2321 2323 1724
2324 2322 1721
2323 2325 1720
2326 2324 1719
2325 1624 2327
1731 2328 2326
1730 2327 2329
2330 1623 2328
2329 2331 1718
1723 2330 2332
1722 2333 2331
1715 2332 2334
1714 2335 2333
1709 2334 2336
1708 2337 2335
2338 2336 1717
2337 1622 2339
1701 2340 2338
1698 2339 2341
2342 1619 2340
2341 2343 1712
2344 2342 1711
2343 1618 2345
1693 2346 2344
1690 2345 2347
1689 2348 2346
1686 2347 2349
2350 1615 2348
2349 1614 2351
1685 2352 2350
1680 2351 2353
2354 1611 2352
2353 1610 2355
1677 2356 2354
1674 2355 2357
2358 1609 2356
2357 2359 1710
1671 2358 2360
2361 1608 2359
2360 2362 1707
2363 2361 1706
2362 1607 2364
2365 1602 2363
2364 2366 1705
2367 2365 1704
2366 1601 2368
1668 2369 2367
1667 2368 2370
1660 2371 2369
2372 2370 1703
2371 1594 2373
1659 2374 2372
1658 2373 2375
2376 1589 2374
2375 1588 2377
2378 1587 2376
2377 2379 1700
2380 2378 1697
2379 1586 2381
2382 1585 2380
2381 1580 2383
2384 1579 2382
2383 2385 1694
1655 2384 2386
2387 1572 2385
2386 2388 1679
1654 2387 2389
1653 2390 2388
2391 2389 1676
2390 1567 2392
1652 2393 2391
1647 2392 2394
1642 2395 2393
1641 2394 2396
2397 1566 2395
2396 2398 1673
2399 2397 1672
2398 2400 1669
1638 2399 2401
1637 2402 2400
1636 2401 2403
1631 2404 2402
2405 2403 1666
2404 1565 2406
1616 2407 2405
2408 2406 1661
2407 2409 1656
1613 2408 2410
2411 1564 2409
2410 2412 1651
2413 2411 1650
2412 2414 1649
2415 2413 1646
2414 2416 1645
1612 2415 2417
1605 2418 2416
2419 2417 1644
2418 2420 1639
1604 2419 2421
2422 1563 2420
2421 2423 1632
1599 2422 2424
1598 2425 2423
1597 2424 2426
2427 1556 2425
2426 2428 1629
1596 2427 2429
1593 2430 2428
1590 2429 2431
2432 1551 2430
2431 2433 1628
2434 2432 1627
2433 1544 2435
2436 1541 2434
2435 2437 1626
2438 2436 1621
2437 2439 1620
1583 2438 2440
2441 1540 2439
2440 2442 1617
2443 2441 1606
2442 2444 1603
2445 2443 1600
2444 2446 1595
2447 2445 1592
2446 2448 1591
2449 2447 1584
2448 2450 1581
1582 2449 2451
1573 2452 2450
2453 2451 1578
2452 1539 2454
1570 2455 2453
2456 2454 1577
2455 1522 2457
2458 1519 2456
2457 1518 2459
2460 1517 2458
2459 2461 1576
1569 2460 2462
1562 2463 2461
2464 2462 1575
2463 2465 1574
2466 2464 1571
2465 2467 1568
2468 2466 1559
2467 1516 2469
1561 2470 2468
2471 2469 1558
2470 1515 2472
2473 1514 2471
2472 1511 2474
2475 1510 2473
2474 1509 2476
1560 2477 2475
1555 2476 2478
1550 2479 2477
2480 2478 1557
2479 1502 2481
1549 2482 2480
2483 2481 1554
2482 2484 1553
2485 2483 1552
2484 2486 1547
2487 2485 1546
2486 1499 2488
2489 1498 2487
2488 1497 2490
2491 1496 2489
2490 2492 1545
2493 2491 1542
2492 1493 2494
1548 2495 2493
1543 2494 2496
1538 2497 2495
2498 2496 1531
2497 1490 2499
1537 2500 2498
1536 2499 2501
2502 1485 2500
2501 2503 1530
2504 2502 1529
2503 2505 1528
1535 2504 2506
1534 2507 2505
2508 2506 1527
2507 2509 1526
2510 2508 1525
2509 1484 2511
1533 2512 2510
1532 2511 2513
1521 2514 2512
2515 2513 1524
2514 1483 2516
2517 1482 2515
2516 1481 2518
1520 2519 2517
1513 2518 2520
1508 2521 2519
2522 2520 1523
2521 2523 1512
2524 2522 1505
2523 1480 2525
1507 2526 2524
1506 2525 2527
1501 2528 2526
2529 2527 1504
2528 1479 2530
1500 2531 2529
2532 2530 1503
2531 2533 1494
1495 2532 2534
2535 1474 2533
2534 2536 1489
1492 2535 2537
1491 2538 2536
1488 2537 2539
2540 1463 2538
2539 2541 1478
1487 2540 2542
1486 2543 2541
2544 2542 1477
2543 1458 2545
2546 1449 2544
2545 1446 2547
2548 1439 2546
2547 2549 1476
1475 2548 2550
2551 1438 2549
2550 2552 1473
1466 2551 2553
1465 2554 2552
2555 2553 1472
2554 2556 1471
2557 2555 1470
2556 1437 2558
1464 2559 2557
1459 2558 2560
1454 2561 2559
2562 2560 1469
2561 2563 1468
2564 2562 1467
2563 2565 1462
2566 2564 1461
2565 2567 1460
2568 2566 1457
2567 2569 1456
2570 2568 1455
2569 1432 2571
1453 2572 2570
2573 2571 1448
2572 2574 1445
1452 2573 2575
2576 1423 2574
2575 1422 2577
2578 1421 2576
2577 1420 2579
1451 2580 2578
1450 2579 2581
2582 1419 2580
2581 1418 2583
1447 2584 2582
2585 2583 1444
2584 1415 2586
1442 2587 2585
1441 2586 2588
1440 2589 2587
2590 2588 1443
2589 2591 1436
2592 2590 1431
2591 1410 2593
1435 2594 2592
2595 2593 1424
2594 1405 2596
2597 1400 2595
2596 1393 2598
2599 1392 2597
2598 2600 1417
2601 2599 1416
2600 1389 2602
1434 2603 2601
1433 2602 2604
2605 1388 2603
2604 2606 1409
1430 2605 2607
1429 2608 2606
1428 2607 2609
1427 2610 2608
2611 2609 1408
2610 1387 2612
2613 1374 2611
2612 1369 2614
1426 2615 2613
1425 2614 2616
2617 1368 2615
2616 2618 1407
1414 2617 2619
1413 2620 2618
1412 2619 2621
1411 2622 2620
1404 2621 2623
1401 2624 2622
2625 2623 1406
2624 2626 1403
1398 2625 2627
2628 1367 2626
2627 1362 2629
2630 1343 2628
2629 2631 1402
2632 2630 1399
2631 1342 2633
1397 2634 2632
1396 2633 2635
1395 2636 2634
2637 2635 1394
2636 2638 1391
1390 2637 2639
2640 1339 2638
2639 2641 1386
1385 2640 2642
1384 2643 2641
2644 2642 1383
2643 1332 2645
1381 2646 2644
2647 2645 1382
2646 2648 1379
1380 2647 2649
2650 1329 2648
2649 1324 2651
1375 2652 2650
1372 2651 2653
2654 1319 2652
2653 2655 1378
1371 2654 2656
1370 2657 2655
1365 2656 2658
1364 2659 2657
2660 2658 1377
2659 1314 2661
1363 2662 2660
1352 2661 2663
2664 1309 2662
2663 2665 1376
1351 2664 2666
2667 1308 2665
2666 1307 2668
2669 1306 2667
2668 1305 2670
2671 1302 2669
2670 2672 1373
1346 2671 2673
2674 1297 2672
2673 2675 1366
1345 2674 2676
1344 2677 2675
1341 2676 2678
1338 2679 2677
2680 2678 1361
2679 1296 2681
1337 2682 2680
1336 2681 2683
2684 1295 2682
2683 1294 2685
2686 1289 2684
2685 1286 2687
2688 1275 2686
2687 2689 1360
1331 2688 2690
2691 1274 2689
2690 2692 1359
2693 2691 1358
2692 2694 1357
1328 2693 2695
1323 2696 2694
2697 2695 1356
2696 2698 1355
2699 2697 1354
2698 1273 2700
2701 1272 2699
2700 2702 1353
2703 2701 1350
2702 1271 2704
2705 1270 2703
2704 2706 1349
2707 2705 1348
2706 1267 2708
2709 1252 2707
2708 2710 1347
2711 2709 1340
2710 2712 1335
2713 2711 1334
2712 1249 2714
2715 1246 2713
2714 2716 1333
2717 2715 1330
2716 1245 2718
1322 2719 2717
2720 2718 1327
2719 2721 1326
1321 2720 2722
2723 1244 2721
2722 2724 1325
1320 2723 2725
1317 2726 2724
1316 2725 2727
2728 1239 2726
2727 1238 2729
2730 1237 2728
2729 1236 2731
1315 2732 2730
1312 2731 2733
2734 1233 2732
2733 2735 1318
2736 2734 1313
2735 2737 1304
1311 2736 2738
1310 2739 2737
1303 2738 2740
2741 1228 2739
2740 1223 2742
2743 1218 2741
2742 1217 2744
1300 2745 2743
2746 2744 1301
2745 2747 1298
1299 2746 2748
2749 1216 2747
2748 2750 1293
2751 2749 1290
2750 2752 1285
2753 2751 1284
2752 2754 1283
2755 2753 1280
2754 2756 1279
2757 2755 1278
2756 2758 1277
2759 2757 1266
2758 2760 1265
2761 2759 1264
2760 2762 1261
1292 2761 2763
1291 2764 2762
1288 2763 2765
1287 2766 2764
2767 2765 1260
2766 1215 2768
1282 2769 2767
1281 2768 2770
1276 2771 2769
2772 2770 1259
2771 1214 2773
2774 1213 2772
2773 2775 1258
2776 2774 1255
2775 2777 1254
2778 2776 1253
2777 1208 2779
1269 2780 2778
2781 2779 1248
2780 1207 2782
1268 2783 2781
1263 2782 2784
1262 2785 2783
1257 2784 2786
1256 2787 2785
1251 2786 2788
2789 1206 2787
2788 2790 1243
2791 2789 1234
2790 2792 1231
1250 2791 2793
1247 2794 2792
1242 2793 2795
1241 2796 2794
1240 2795 2797
1235 2798 2796
1232 2797 2799
2800 1205 2798
2799 1204 2801
2802 1201 2800
2801 2803 1230
1229 2802 2804
2805 1200 2803
2804 2806 1227
1226 2805 2807
1225 2808 2806
1224 2807 2809
2810 1195 2808
2809 2811 1222
2812 2810 1219
2811 1186 2813
1221 2814 2812
2815 2813 1212
2814 1181 2816
2817 1180 2815
2816 2818 1203
2819 2817 1202
2818 1177 2820
2821 1172 2819
2820 2822 1199
1220 2821 2823
2824 1169 2822
2823 1164 2825
2826 1157 2824
2825 2827 1194
1211 2826 2828
1210 2829 2827
1209 2828 2830
2831 1156 2829
2830 1155 2832
2833 1152 2831
2832 1151 2834
1198 2835 2833
2836 2834 1189
2835 2837 1188
1197 2836 2838
1196 2839 2837
2840 2838 1187
2839 1150 2841
1193 2842 2840
1192 2841 2843
2844 1149 2842
2843 2845 1182
2846 2844 1179
2845 1146 2847
2848 1135 2846
2847 2849 1178
1191 2848 2850
1190 2851 2849
1185 2850 2852
1184 2853 2851
1183 2852 2854
1176 2855 2853
2856 2854 1171
2855 1134 2857
1175 2858 2856
2859 2857 1168
2858 1131 2860
1174 2861 2859
2862 2860 1163
2861 2863 1162
2864 2862 1161
2863 2865 1154
1173 2864 2866
2867 1122 2865
2866 2868 1153
1170 2867 2869
1167 2870 2868
1166 2869 2871
1165 2872 2870
2873 2871 1148
2872 1119 2874
1160 2875 2873
1159 2874 2876
1158 2877 2875
2878 2876 1145
2877 2879 1144
2880 2878 1143
2879 2881 1142
1147 2880 2882
1140 2883 2881
2884 2882 1141
2883 1108 2885
1139 2886 2884
2887 2885 1138
2886 1105 2888
1130 2889 2887
1129 2888 2890
1128 2891 2889
1121 2890 2892
1120 2893 2891
2894 2892 1137
2893 1102 2895
1117 2896 2894
2897 2895 1136
2896 2898 1133
2899 2897 1132
2898 1101 2900
2901 1084 2899
2900 2902 1127
1116 2901 2903
2904 1081 2902
2903 1078 2905
1111 2906 2904
1110 2905 2907
2908 1077 2906
2907 1076 2909
1107 2910 2908
2911 2909 1126
2910 2912 1125
2913 2911 1124
2912 1073 2914
1104 2915 2913
1095 2914 2916
2917 1068 2915
2916 1063 2918
2919 1060 2917
2918 1059 2920
1094 2921 2919
1083 2920 2922
1082 2923 2921
2924 2922 1123
2923 1058 2925
1079 2926 2924
1072 2925 2927
1069 2928 2926
2929 2927 1118
2928 1057 2930
1066 2931 2929
2932 2930 1115
2931 1056 2933
2934 1053 2932
2933 2935 1114
1065 2934 2936
1062 2937 2935
2938 2936 1113
2937 2939 1112
2940 2938 1109
2939 2941 1106
1055 2940 2942
1048 2943 2941
2944 2942 1103
2943 1052 2945
1047 2946 2944
1044 2945 2947
2948 1049 2946
2947 2949 1100
2950 2948 1099
2949 1046 2951
2952 1045 2950
2951 2953 1098
2954 2952 1097
2953 2955 1096
1043 2954 2956
2957 1042 2955
2956 2958 1093
1040 2957 2959
1039 2960 2958
2961 2959 1092
2960 1041 2962
1038 2963 2961
2964 2962 1091
2963 2965 1090
1035 2964 2966
1028 2967 2965
2968 2966 1089
2967 1034 2969
2970 1033 2968
2969 1032 2971
2972 1029 2970
2971 2973 1088
1027 2972 2974
1022 2975 2973
2976 2974 1087
2975 1026 2977
1021 2978 2976
1014 2977 2979
1013 2980 2978
1008 2979 2981
2982 1025 2980
2981 2983 1086
1007 2982 2984
1002 2985 2983
2986 2984 1085
2985 2987 1080
2988 2986 1075
2987 2989 1074
2990 2988 1071
2989 2991 1070
2992 2990 1067
2991 2993 1064
2994 2992 1061
2993 2995 1054
2996 2994 1051
2995 1024 2997
1001 2998 2996
2999 2997 1050
2998 3000 1037
3001 2999 1036
3000 1023 3002
998 3003 3001
987 3002 3004
986 3005 3003
3006 3004 1031
3005 3007 1030
3008 3006 1019
3007 1020 3009
985 3010 3008
3011 3009 1018
3010 3012 1017
3013 3011 1016
3012 1009 3014
984 3015 3013
981 3014 3016
978 3017 3015
3018 3016 1015
3017 1006 3019
971 3020 3018
970 3019 3021
3022 997 3020
3021 3023 1012
3024 3022 1011
3023 996 3025
967 3026 3024
3027 3025 1010
3026 995 3028
3029 994 3027
3028 993 3030
962 3031 3029
961 3030 3032
954 3033 3031
3034 3032 1005
3033 3035 1004
3036 3034 1003
3035 3037 1000
3038 3036 999
3037 3039 982
3040 3038 979
3039 3041 976
3042 3040 975
3041 992 3043
951 3044 3042
3045 3043 966
3044 991 3046
3047 990 3045
3046 989 3048
948 3049 3047
947 3048 3050
3051 988 3049
3050 983 3052
944 3053 3051
3054 3052 965
3053 980 3055
3056 977 3054
3055 974 3057
3058 973 3056
3057 3059 964
3060 3058 955
3059 3061 950
943 3060 3062
3063 972 3061
3062 969 3064
940 3065 3063
939 3064 3066
3067 968 3065
3066 963 3068
936 3069 3067
3070 3068 949
3069 960 3071
935 3072 3070
934 3071 3073
933 3074 3072
3075 3073 946
3074 959 3076
3077 958 3075
3076 957 3078
3079 956 3077
3078 953 3080
3081 952 3079
3080 3082 945
930 3081 3083
3084 941 3082
3083 3085 942
929 3084 3086
3087 938 3085
3086 3088 937
928 3087 3089
927 3090 3088
3091 3089 932
3090 931 3092
914 3093 3091
3094 3092 925
3093 926 3095
3096 923 3094
3095 922 3097
3098 921 3096
3097 920 3099
3100 919 3098
3099 3101 924
3102 3100 917
3101 3103 916
911 3102 3104
3105 918 3103
3104 3106 913
910 3105 3107
907 3108 3106
3109 3107 912
3108 3110 909
3111 3109 906
3110 915 3112
900 3113 3111
897 3112 3114
3115 908 3113
3114 3116 901
3117 3115 898
3116 3118 895
3119 3117 890
3118 3120 879
3121 3119 874
3120 3122 873
3123 3121 872
3122 3124 869
3125 3123 868
3124 3126 867
894 3125 3127
893 3128 3126
892 3127 3129
891 3130 3128
888 3129 3131
887 3132 3130
884 3131 3133
3134 905 3132
3133 904 3135
883 3136 3134
878 3135 3137
3138 903 3136
3137 3139 862
3140 3138 861
3139 3141 858
3142 3140 851
3141 902 3143
3144 899 3142
3143 896 3145
3146 889 3144
3145 3147 850
871 3146 3148
870 3149 3147
865 3148 3150
3151 886 3149
3150 3152 849
3153 3151 848
3152 3154 847
864 3153 3155
859 3156 3154
3157 3155 846
3156 3158 845
3159 3157 844
3158 3160 843
3161 3159 838
3160 885 3162
3163 882 3161
3162 881 3164
854 3165 3163
853 3164 3166
3167 880 3165
3166 3168 835
842 3167 3169
841 3170 3168
3171 3169 834
3170 877 3172
3173 876 3171
3172 875 3174
3175 866 3173
3174 863 3176
840 3177 3175
837 3176 3178
836 3179 3177
3180 3178 829
3179 860 3181
833 3182 3180
3183 3181 826
3182 857 3184
828 3185 3183
825 3184 3186
3187 856 3185
3186 855 3188
3189 852 3187
3188 839 3190
824 3191 3189
3192 3190 823
3191 832 3193
3194 831 3192
3193 830 3195
3196 827 3194
3195 3197 810
3198 3196 809
3197 3199 808
3200 3198 807
3199 822 3201
3202 815 3200
3201 3203 806
3204 3202 803
3203 3205 802
821 3204 3206
820 3207 3205
3208 3206 801
3207 3209 800
3210 3208 799
3209 3211 796
3212 3210 791
3211 3213 786
3214 3212 785
3213 814 3215
819 3216 3214
818 3215 3217
817 3218 3216
3219 3217 780
3218 811 3220
3221 798 3219
3220 795 3222
3223 794 3221
3222 3224 777
816 3223 3225
3226 793 3224
3225 790 3227
813 3228 3226
3229 3227 776
3228 3230 775
812 3229 3231
3232 789 3230
3231 3233 774
805 3232 3234
804 3235 3233
3236 3234 773
3235 788 3237
797 3238 3236
3239 3237 772
3238 3240 771
792 3239 3241
3242 787 3240
3241 784 3243
779 3244 3242
770 3243 3245
3246 783 3244
3245 3247 764
769 3246 3248
768 3249 3247
763 3248 3250
3251 782 3249
3250 3252 759
762 3251 3253
761 3254 3252
756 3253 3255
3256 781 3254
3255 3257 758
755 3256 3258
3259 778 3257
3258 767 3260
3261 766 3259
3260 3262 757
750 3261 3263
749 3264 3262
3265 3263 754
3264 765 3266
746 3267 3265
745 3266 3268
3269 760 3267
3268 3270 735
738 3269 3271
737 3272 3270
3273 3271 734
3272 3274 729
3275 3273 726
3274 753 3276
732 3277 3275
731 3276 3278
3279 752 3277
3278 3280 725
730 3279 3281
727 3282 3280
3283 3281 724
3282 751 3284
3285 748 3283
3284 747 3286
3287 744 3285
3286 743 3288
722 3289 3287
719 3288 3290
714 3291 3289
3292 3290 723
3291 742 3293
713 3294 3292
706 3293 3295
3296 741 3294
3295 3297 720
703 3296 3298
3299 740 3297
3298 739 3300
698 3301 3299
3302 3300 717
3301 3303 716
691 3302 3304
3305 736 3303
3304 3306 715
690 3305 3307
687 3308 3306
3309 3307 712
3308 3310 711
684 3309 3311
3312 733 3310
3311 728 3313
3314 721 3312
3313 3315 710
677 3314 3316
666 3317 3315
3318 3316 707
3317 3319 702
3320 3318 697
3319 718 3321
665 3322 3320
3323 3321 692
3322 3324 689
3325 3323 686
3324 709 3326
662 3327 3325
659 3326 3328
656 3329 3327
3330 3328 685
3329 3331 678
3332 3330 673
3331 708 3333
655 3334 3332
3335 3333 672
3334 3336 669
3337 3335 668
3336 3338 661
3339 3337 660
3338 705 3340
654 3341 3339
3342 3340 657
3341 3343 648
653 3342 3344
3345 704 3343
3344 3346 645
652 3345 3347
647 3348 3346
646 3347 3349
3350 701 3348
3349 700 3351
3352 699 3350
3351 3353 642
3354 3352 637
3353 696 3355
3356 695 3354
3355 3357 634
641 3356 3358
3359 694 3357
3358 3360 627
3361 3359 626
3360 693 3362
3363 688 3361
3362 3364 625
3365 3363 624
3364 683 3366
3367 682 3365
3366 681 3368
640 3369 3367
639 3368 3370
636 3371 3369
635 3370 3372
632 3373 3371
3374 3372 623
3373 3375 622
3376 3374 621
3375 680 3377
631 3378 3376
3379 3377 620
3378 679 3380
630 3381 3379
3382 3380 619
3381 676 3383
3384 675 3382
3383 674 3385
3386 671 3384
3385 670 3387
629 3388 3386
616 3387 3389
3390 667 3388
3389 3391 618
615 3390 3392
3393 664 3391
3392 3394 617
614 3393 3395
609 3396 3394
3397 3395 612
3396 663 3398
606 3399 3397
3400 3398 611
3399 3401 608
3402 3400 599
3401 658 3403
605 3404 3402
604 3403 3405
603 3406 3404
3407 3405 594
3406 3408 587
3409 3407 586
3408 651 3410
602 3411 3409
3412 3410 585
3411 650 3413
601 3414 3412
3415 3413 584
3414 649 3416
3417 644 3415
3416 643 3418
600 3419 3417
597 3418 3420
3421 638 3419
3420 3422 581
596 3421 3423
593 3424 3422
590 3423 3425
3426 633 3424
3425 3427 578
589 3426 3428
588 3429 3427
583 3428 3430
580 3431 3429
579 3430 3432
576 3433 3431
3434 3432 577
3433 628 3435
567 3436 3434
3437 3435 570
3436 3438 569
566 3437 3439
3440 613 3438
3439 3441 568
3442 3440 565
3441 3443 558
3444 3442 555
3443 610 3445
563 3446 3444
3447 3445 550
3446 607 3448
562 3449 3447
3450 3448 543
3449 598 3451
3452 595 3450
3451 3453 542
3454 3452 539
3453 3455 538
561 3454 3456
3457 592 3455
3456 3458 529
3459 3457 526
3458 3460 517
3461 3459 512
3460 3462 511
560 3461 3463
557 3464 3462
556 3463 3465
3466 591 3464
3465 3467 510
553 3466 3468
3469 582 3467
3468 575 3470
552 3471 3469
549 3470 3472
546 3473 3471
545 3472 3474
544 3475 3473
541 3474 3476
540 3477 3475
3478 3476 507
3477 3479 506
3480 3478 505
3479 574 3481
537 3482 3480
3483 3481 504
3482 573 3484
3485 572 3483
3484 571 3486
3487 564 3485
3486 3488 503
532 3487 3489
531 3490 3488
3491 3489 498
3490 3492 491
3493 3491 490
3492 559 3494
530 3495 3493
3496 3494 489
3495 3497 484
527 3496 3498
3499 554 3497
3498 3500 481
3501 3499 478
3500 3502 477
520 3501 3503
519 3504 3502
3505 3503 468
3504 551 3506
3507 548 3505
3506 547 3508
516 3509 3507
3510 3508 465
3509 536 3511
515 3512 3510
3513 3511 464
3512 535 3514
3515 534 3513
3514 3516 463
3517 3515 462
3516 533 3518
514 3519 3517
3520 3518 459
3519 528 3521
3522 525 3520
3521 524 3523
3524 523 3522
3523 522 3525
509 3526 3524
3527 3525 458
3526 3528 455
508 3527 3529
3530 521 3528
3529 3531 454
501 3530 3532
3533 518 3531
3532 3534 453
3535 3533 452
3534 3536 451
500 3535 3537
499 3538 3536
494 3537 3539
3540 513 3538
3539 502 3541
3542 497 3540
3541 3543 442
493 3542 3544
492 3545 3543
487 3544 3546
486 3547 3545
3548 3546 439
3547 496 3549
483 3550 3548
482 3549 3551
3552 495 3550
3551 3553 438
473 3552 3554
472 3555 3553
469 3554 3556
3557 488 3555
3556 3558 435
460 3557 3559
3560 485 3558
3559 3561 432
457 3560 3562
450 3563 3561
449 3562 3564
3565 480 3563
3564 3566 427
448 3565 3567
447 3568 3566
3569 3567 426
3568 479 3570
446 3571 3569
443 3570 3572
3573 476 3571
3572 3574 423
440 3573 3575
3576 475 3574
3575 3577 422
3578 3576 419
3577 3579 418
437 3578 3580
434 3581 3579
3582 3580 417
3581 474 3583
3584 471 3582
3583 3585 416
433 3584 3586
3587 470 3585
3586 3588 415
3589 3587 410
3588 3590 395
3591 3589 394
3590 467 3592
424 3593 3591
421 3592 3594
420 3595 3593
3596 3594 393
3595 466 3597
3598 461 3596
3597 3599 392
413 3598 3600
3601 456 3599
3600 445 3602
3603 444 3601
3602 441 3604
3605 436 3603
3604 431 3606
412 3607 3605
411 3606 3608
408 3609 3607
3610 3608 391
3609 430 3611
407 3612 3610
406 3611 3613
405 3614 3612
398 3613 3615
397 3616 3614
3617 3615 390
3616 429 3618
3619 428 3617
3618 3620 389
3621 3619 386
3620 425 3622
388 3623 3621
387 3622 3624
380 3625 3623
3626 3624 385
3625 3627 384
3628 3626 383
3627 3629 382
3630 3628 367
3629 414 3631
379 3632 3630
376 3631 3633
3634 409 3632
3633 3635 366
3636 3634 363
3635 3637 362
375 3636 3638
3639 404 3637
3638 3640 359
372 3639 3641
371 3642 3640
364 3641 3643
3644 403 3642
3643 402 3645
3646 401 3644
3645 400 3647
361 3648 3646
360 3647 3649
3650 399 3648
3649 396 3651
357 3652 3650
3653 3651 354
3652 381 3654
356 3655 3653
355 3654 3656
3657 378 3655
3656 3658 351
3659 3657 348
3658 3660 343
350 3659 3661
349 3662 3660
346 3661 3663
3664 377 3662
3663 3665 342
345 3664 3666
3667 374 3665
3666 373 3668
344 3669 3667
3670 3668 341
3669 370 3671
333 3672 3670
3673 3671 340
3672 369 3674
3675 368 3673
3674 365 3676
3677 358 3675
3676 3678 339
3679 3677 338
3678 3680 337
3681 3679 336
3680 353 3682
3683 352 3681
3682 3684 335
332 3683 3685
331 3686 3684
3687 3685 330
3686 3688 321
328 3687 3689
3690 347 3688
3689 334 3691
327 3692 3690
326 3691 3693
3694 329 3692
3693 3695 320
325 3694 3696
324 3697 3695
3698 3696 319
3697 3699 316
3700 3698 315
3699 3701 312
3702 3700 311
3701 322 3703
323 3704 3702
3705 3703 308
3704 3706 307
3707 3705 302
3706 3708 299
318 3707 3709
317 3710 3708
314 3709 3711
3712 313 3710
3711 310 3713
3714 309 3712
3713 306 3715
303 3716 3714
3717 3715 298
3716 305 3718
296 3719 3717
3720 3718 293
3719 3721 292
295 3720 3722
3723 304 3721
3722 3724 291
3725 3723 290
3724 3726 289
3727 3725 286
3726 3728 283
3729 3727 282
3728 3730 273
3731 3729 272
3730 3732 269
3733 3731 268
3732 3734 267
288 3733 3735
287 3736 3734
3737 3735 264
3736 3738 263
3739 3737 262
3738 3740 259
3741 3739 258
3740 301 3742
3743 300 3741
3742 297 3744
3745 294 3743
3744 285 3746
3747 280 3745
3746 279 3748
3749 278 3747
3748 3750 257
284 3749 3751
3752 277 3750
3751 3753 254
281 3752 3754
3755 276 3753
3754 3756 253
274 3755 3757
271 3758 3756
270 3757 3759
3760 275 3758
3759 266 3761
3762 265 3760
3761 3763 252
261 3762 3764
3765 260 3763
3764 249 3766
3767 244 3765
3766 243 3768
3769 242 3767
3768 239 3770
256 3771 3769
255 3770 3772
3773 238 3771
3772 3774 251
3775 3773 250
3774 3776 245
248 3775 3777
247 3778 3776
246 3777 3779
3780 237 3778
3779 236 3781
3782 235 3780
3781 234 3783
3784 233 3782
3783 3785 240
241 3784 3786
228 3787 3785
3788 3786 231
3787 232 3789
227 3790 3788
3791 3789 230
3790 3792 225
3793 3791 222
3792 3794 221
3795 3793 218
3794 229 3796
3797 226 3795
3796 3798 217
3799 3797 212
3798 219 3800
3801 216 3799
3800 215 3802
3803 214 3801
3802 3804 211
3805 3803 206
3804 207 3806
224 3807 3805
223 3806 3808
220 3809 3807
3810 3808 201
3809 3811 200
3812 3810 199
3811 3813 198
3814 3812 197
3813 202 3815
213 3816 3814
3817 3815 194
3816 3818 193
3819 3817 192
3818 3820 189
210 3819 3821
209 3822 3820
208 3821 3823
3824 191 3822
3823 3825 180
3826 3824 177
3825 190 3827
3828 187 3826
3827 3829 168
3830 3828 163
3829 186 3831
3832 183 3830
3831 3833 154
205 3832 3834
3835 182 3833
3834 3836 151
3837 3835 146
3836 181 3838
3839 176 3837
3838 173 3840
204 3841 3839
3842 3840 143
3841 172 3843
3844 171 3842
3843 3845 142
3846 3844 139
3845 170 3847
3848 167 3846
3847 3849 138
3850 3848 135
3849 166 3851
3852 165 3850
3851 3853 134
203 3852 3854
196 3855 3853
195 3854 3856
3857 162 3855
3856 3858 133
188 3857 3859
185 3860 3858
3861 3859 132
3860 3862 131
3863 3861 128
3862 3864 119
184 3863 3865
3866 161 3864
3865 160 3867
3868 159 3866
3867 3869 118
3870 3868 117
3869 3871 112
179 3870 3872
3873 158 3871
3872 3874 99
178 3873 3875
175 3876 3874
3877 3875 98
3876 3878 97
174 3877 3879
3880 155 3878
3879 152 3881
169 3882 3880
3883 3881 94
3882 145 3884
164 3885 3883
157 3884 3886
156 3887 3885
3888 3886 87
3887 144 3889
153 3890 3888
3891 3889 86
3890 3892 85
150 3891 3893
3894 141 3892
3893 130 3895
3896 127 3894
3895 126 3897
149 3898 3896
148 3897 3899
147 3900 3898
140 3899 3901
3902 125 3900
3901 3903 84
137 3902 3904
136 3905 3903
129 3904 3906
3907 124 3905
3906 3908 83
122 3907 3909
121 3910 3908
3911 3909 82
3910 123 3912
3913 120 3911
3912 113 3914
3915 110 3913
3914 3916 81
116 3915 3917
3918 109 3916
3917 3919 78
115 3918 3920
3921 106 3919
3920 3922 77
3923 3921 76
3922 3924 75
114 3923 3925
111 3926 3924
3927 3925 74
3926 105 3928
108 3929 3927
107 3928 3930
3931 104 3929
3930 103 3932
102 3933 3931
3934 3932 71
3933 3935 70
3936 3934 67
3935 96 3937
101 3938 3936
3939 3937 66
3938 93 3940
100 3941 3939
95 3940 3942
92 3943 3941
91 3942 3944
90 3945 3943
89 3944 3946
88 3947 3945
3948 3946 63
3947 80 3949
79 3950 3948
68 3949 3951
65 3952 3950
3953 3951 62
3952 73 3954
64 3955 3953
3956 3954 61
3955 72 3957
3958 69 3956
3957 3959 54
3960 3958 51
3959 3961 50
59 3960 3962
58 3963 3961
3964 3962 49
3963 3965 40
3966 3964 39
3965 60 3967
57 3968 3966
56 3967 3969
3970 55 3968
3969 48 3971
3972 43 3970
3971 42 3973
3974 41 3972
3973 38 3975
3976 35 3974
3975 3977 30
3978 3976 29
3977 34 3979
3980 33 3978
3979 3981 26
53 3980 3982
52 3983 3981
3984 3982 25
3983 3985 20
47 3984 3986
3987 32 3985
3986 31 3988
3989 28 3987
3988 27 3990
46 3991 3989
45 3990 3992
3993 24 3991
3992 3994 19
44 3993 3995
37 3996 3994
3997 3995 16
3996 3998 15
36 3997 3999
4000 23 3998
3999 22 4001
21 4002 4000
18 4001 4003
4004 13 4002
4003 4005 12
17 4004 4006
14 4007 4005
11 4006 4008
10 4009 4007
4010 4008 9
4009 8 4011
7 4012 4010
4013 4011 2
4012 5 4014
4015 4 4013
4014 3 0
6 0 1
2046 1976 2005
