200 100 10 4
18 89
32 107
62 83
160 132
134 193
173 95
64 162
35 91
199 21
151 123
194 58
191 81
90 24
2 135
59 93
67 36
30 2
92 22
132 199
10 34
152 79
163 144
130 122
122 52
162 113
50 195
89 86
167 73
147 62
33 73
149 60
126 119
184 121
173 23
172 85
159 164
134 197
67 172
56 78
89 168
161 177
95 116
152 112
106 26
128 145
14 54
129 82
181 91
94 101
92 168
186 23
79 69
175 47
159 1
73 10
130 97
17 103
110 68
195 35
40 50
79 38
99 177
76 187
162 139
41 99
91 115
106 166
28 141
167 28
91 129
17 146
173 135
150 156
175 24
195 138
46 35
177 75
29 70
185 156
78 70
102 123
13 141
89 66
48 53
130 93
32 163
64 142
23 52
8 177
107 68
153 172
89 49
156 68
5 7
40 198
92 191
26 129
101 192
135 61
56 24
109
155
29
16
114
127
33
74
46
189
