200 100 11 5
125 40
183 175
106 80
167 141
71 114
125 46
10 21
80 105
4 176
52 111
109 89
60 110
185 183
46 144
69 172
112 73
122 34
181 57
155 64
154 186
88 101
67 56
90 151
79 60
151 75
153 161
100 75
61 143
133 183
65 107
55 79
21 174
20 159
145 24
34 124
92 186
87 8
83 195
143 87
28 128
53 184
60 107
102 149
110 141
70 49
125 32
20 105
52 54
31 61
12 101
156 159
128 133
87 82
15 138
12 122
15 118
19 72
165 105
194 31
179 175
136 149
54 190
116 97
103 40
89 188
78 127
172 152
130 37
6 123
189 146
36 69
47 135
34 3
125 42
33 188
189 181
167 12
69 54
178 27
29 22
161 114
27 199
171 32
131 77
176 175
74 171
146 139
56 189
15 163
173 59
182 103
51 66
197 134
119 187
24 49
97 100
176 88
101 105
96 41
8 166
28
70
33
56
190
119
121
107
163
156
105
