200 100 12 7
165 102
51 67
35 161
38 104
120 147
148 84
109 34
160 59
88 55
174 73
2 73
143 136
135 102
12 117
60 3
172 161
147 52
85 78
147 86
79 159
33 191
3 2
84 105
172 86
55 181
31 82
5 60
51 157
101 124
101 4
168 72
155 66
11 171
117 160
147 170
21 67
173 83
154 131
26 55
14 131
85 123
49 23
56 60
23 187
52 164
199 121
199 189
71 159
141 172
38 120
119 134
169 20
182 49
148 41
58 50
133 75
8 170
102 101
6 25
95 39
70 154
33 88
194 143
53 163
165 154
11 34
36 47
70 180
162 13
120 38
19 70
44 11
179 93
67 103
86 55
42 60
43 79
94 27
151 18
189 159
90 10
32 142
66 85
119 109
150 174
122 55
25 150
156 58
104 114
122 94
126 110
69 94
30 133
69 171
11 188
119 162
109 48
123 119
87 4
16 59
178
37
46
10
149
117
86
67
134
20
11
135
