200 100 12 1
195 41
194 118
44 143
116 56
7 87
140 162
41 62
93 184
21 167
181 100
164 89
65 70
58 185
97 81
54 61
145 19
49 70
52 194
107 184
15 143
31 62
15 73
165 72
58 80
131 179
63 24
109 160
98 138
38 151
27 96
52 138
195 139
10 155
172 100
188 76
134 28
183 3
75 102
69 65
68 101
46 127
182 139
165 177
3 37
175 142
111 139
85 18
33 60
120 46
159 97
129 16
194 19
194 99
83 140
197 136
105 136
119 29
53 144
13 36
138 110
181 109
116 65
43 49
110 190
198 176
54 31
6 53
3 75
127 148
36 188
92 114
116 149
77 16
23 102
86 107
172 32
37 97
153 14
9 65
187 99
195 37
7 151
103 99
88 60
101 71
158 117
127 180
102 12
24 105
193 146
41 73
111 22
41 196
36 67
43 166
56 197
1 121
87 186
150 153
76 49
46
85
39
159
83
94
190
152
2
141
48
58
