200 100 12 3
103 62
140 76
145 90
98 31
91 3
153 43
184 197
175 79
101 131
11 55
66 50
132 174
134 13
162 47
179 134
16 68
86 37
79 119
78 118
167 88
72 38
52 87
95 162
200 181
44 163
85 157
125 56
23 120
139 49
42 117
44 30
45 36
173 7
39 136
177 99
72 154
144 90
3 115
77 2
43 34
16 62
99 82
9 144
146 86
43 115
53 111
26 181
38 158
113 177
71 29
6 61
90 146
4 91
137 71
35 38
68 33
9 107
132 81
191 47
52 97
41 88
35 106
183 165
52 85
147 131
33 31
130 146
24 77
61 68
76 135
149 58
67 128
46 182
137 57
182 99
48 103
174 44
191 200
200 147
92 4
159 22
5 152
156 198
27 158
26 50
105 178
49 66
146 129
178 43
52 135
98 78
198 29
185 11
134 181
186 167
177 182
89 11
114 4
37 193
105 30
121
68
191
151
182
101
52
125
149
145
186
97
