1000
-497 1142700 40757002 749
-256 722816 63452892 639
-14 157509 66601851 4657
-13 137964 24022776 7057
-19 191683 43395429 8471
-9 123707 24013061 8437
-37 241018 83041498 5451
-13 162538 104883759 383
-58 254680 35894891 2635
-552 968526 27881078 1085
-62 290668 63683269 878
-33 229207 35445928 5875
-16 160637 43694529 512
-42 242173 24838159 896
-8 125777 11874751 14666
-22 149873 46417005 5844
-60 247127 38871304 3525
-41 318425 90844307 5981
-45 274989 46273569 4244
-70 332205 18679393 3751
-58 344787 99221234 2194
-47 283868 53999540 3193
-118 457990 40665583 1492
-202 682969 72544498 3255
-8 127528 33220529 10371
-14 168545 32550772 2341
-182 602728 32301685 56
-35 226238 50018033 2576
-67 311056 57301478 3163
-7 109368 23030653 9541
-116 501335 25097895 1670
-293 702736 70140897 638
-37 265903 72402056 6760
-22 231462 29224175 10074
-13 163326 34678021 274
-341 948016 55369597 1130
-12 158476 53396940 9473
-50 364852 64582922 5426
-32 253156 32569233 5616
-342 622808 41330417 919
-56 277299 53055794 2732
-434 842402 16560346 1304
-42 273473 41621975 5230
-11 150671 87583944 12212
-93 478161 16826154 917
-267 788199 75617563 1717
-679 1169384 56561417 1653
-96 521215 20791192 1565
-81 291911 32282274 2555
-113 441092 57196157 2265
-1952 1868290 37553287 706
-1453 1631601 51412108 847
-9 103316 51365951 11942
-463 853610 16323690 13
-5 89969 49116376 827
-14 193093 39045605 2728
-101 384783 69974077 1370
-7 98977 26733294 7221
-15 176028 78791678 1983
-44 281942 60050674 6256
-59 283666 69044134 4980
-322 767638 62173224 1571
-170 513621 65599649 1382
-102 492523 64252657 2783
-12 154682 49468063 613
-83 361181 57352648 621
-227 688460 86834535 2762
-35 278203 64916015 7005
-34 282961 57072347 595
-65 305518 37437333 3549
-21 168095 19621954 26
-17 200867 103166614 8107
-16 199676 25925517 7472
-8 93773 46904163 8494
-9 134649 58603145 7820
-7 117554 24648079 13153
-62 366005 58954521 5482
-18 160197 35982099 6770
-56 353173 74729552 3000
-10 155556 63482905 15787
-438 971277 24973530 129
-165 469560 71438250 2493
-403 966947 69707959 808
-10 151698 43565468 4021
-332 891716 96723117 2706
-15 155251 39769405 5111
-746 1042049 50164926 480
-10 123961 64899138 5398
-1872 2037572 69256936 653
-29 266001 77852413 464
-19 198987 93436612 4407
-3 57539 33018669 10423
-12 176621 15052587 14352
-42 270027 36900671 4601
-15 160803 16055665 6563
-8 118076 53985319 7327
-14 166791 20982380 6921
-65 392838 103636055 5111
-271 587945 36508635 1311
-61 382932 105421826 2209
-41 280759 46292468 2341
-48 276180 64199443 3408
-1340 1516296 26612990 22
-71 346558 46954653 2085
-9 125146 58952415 12250
-7 108207 48752112 11164
-12 158558 63329942 4214
-153 606782 79824276 613
-23 194643 82666682 4587
-10 126815 25690648 12096
-145 544721 30961256 2057
-57 351734 51728294 5725
-14 141375 21471423 4765
-14 168173 87446170 6156
-75 400385 73747251 5091
-37 305499 50038622 3815
-65 358978 77549793 4666
-46 311443 36784255 455
-739 1214128 58135366 771
-99 420297 15120858 189
-15 184997 65697187 8267
-13 175925 22939565 6707
-26 204980 71809037 1966
-23 221517 28179927 5669
-74 311644 64695240 3615
-8 102559 61273783 2506
-26 223924 37404664 4025
-90 397845 6350196 1753
-18 181472 37495321 1543
-12 124601 43199987 1584
-6 97840 43011021 16311
-24 228037 58034845 9543
-33 251574 74546507 650
-28 227200 38613909 3010
-708 981585 28589242 641
-36 260182 28918248 2300
-25 233074 65396626 6994
-2178 2119692 35352980 342
-212 573143 9132141 1627
-20 164377 54382412 2362
-62 345911 73064967 1772
-10 125804 16477850 2877
-29 193270 34518305 5148
-297 783853 88641274 1226
-272 695305 45966941 1088
-59 408261 32135449 5076
-6 103538 67793188 7188
-130 403538 45213512 2617
-56 344222 10628133 3932
-9 129929 20169860 6769
-78 385917 29029400 3073
-559 990556 82743658 1279
-53 302489 86102382 1248
-151 404274 46438436 1954
-54 296667 79149069 4906
-84 453606 61133620 505
-63 343764 50856295 2878
-645 856939 7622538 744
-736 1168974 94913359 285
-22 181385 52946818 5265
-68 288534 51378022 4194
-107 507180 82046050 449
-27 172704 49537225 2661
-72 394361 43337022 2500
-193 526900 50634447 543
-50 296373 91785712 284
-10 163487 52236588 13514
-545 1164507 58715431 338
-93 449080 95549510 2430
-13 156655 48138825 10670
-290 800125 44592296 1406
-54 315511 43657093 513
-9 141499 95766799 7354
-367 854884 16829678 518
-186 600096 88211070 3190
-11 117479 27139469 10567
-9 132242 48432377 14528
-129 382312 40353056 1711
-12 157580 98307665 4106
-813 1274194 53441607 45
-12 164084 66611350 1115
-13 156305 60649485 6129
-183 642477 24786384 522
-21 199356 39041962 1381
-8 154204 70178869 8539
-9 107375 24645104 11254
-99 419010 55788899 2773
-1287 1686157 78948238 1312
-1086 1528589 45981280 1330
-47 332198 18791466 60
-19 207081 76387849 1016
-12 173610 60225698 6217
-20 143700 50812461 4776
-220 684069 78268552 1891
-27 228722 54723548 375
-13 142099 3396503 2435
-13 155276 42455586 11847
-11 143512 56027070 5588
-1623 1854535 49777022 917
-1064 1439902 57303583 735
-24 208910 52754361 6862
-1695 1986767 41348723 341
-612 1002461 32819600 1323
-75 369955 31682556 924
-163 492991 85664187 1310
-14 159226 38535611 2225
-31 213399 44973541 6267
-43 296713 60276355 6046
-13 172755 36157683 5709
-187 606799 67753059 3315
-666 1016243 20219191 1145
-96 309437 40922355 1298
-70 355523 90337592 4459
-47 317099 31284901 6681
-6 116611 28641522 9317
-22 219805 36881518 753
-42 233163 51722063 3461
-32 252524 80757904 4585
-15 168015 38426313 7816
-16 185283 20009742 2638
-160 415404 65675374 2141
-810 1320059 61894593 46
-136 461447 49100171 3479
-102 438937 42932943 2546
-7 101985 26105603 5161
-26 194339 45302804 5380
-24 220943 22822412 2407
-45 266843 31276791 355
-27 256203 18623034 2907
-19 155817 50432023 77
-7 112915 15322485 10404
-72 339103 57535599 2752
-36 247980 69913900 6993
-25 234610 85511581 2923
-480 801476 30092898 773
-13 169180 76206831 6125
-8 124531 42968139 2558
-11 150694 48352970 1252
-12 150679 58319824 8632
-23 193055 42406458 460
-6 91151 71271928 2852
-103 438928 28996515 2273
-8 131277 56619923 11479
-79 283848 40787617 2888
-41 281068 64456232 2781
-5 92392 29641264 2877
-45 239609 32654885 4773
-8 99548 31606752 1889
-74 310021 54469102 723
-744 1015493 52127142 100
-136 534125 66882389 174
-16 158182 52248986 3223
-24 206540 62274571 3172
-72 343832 17097133 1626
-13 181767 19196557 12937
-15 131465 60369838 5022
-8 129841 24368893 12334
-9 151557 21441556 14275
-4 72612 35654766 1715
-54 358694 88674134 2195
-31 230442 45168339 5555
-16 152527 25029328 287
-1048 1355431 74718878 209
-99 337130 56359186 124
-18 174916 9207419 3884
-11 152649 85441825 10364
-23 224977 70120050 1856
-34 233721 80829298 2798
-749 1379390 10853433 843
-167 543682 41761041 452
-71 381252 4833831 2760
-16 158237 25042358 2304
-27 244473 21395151 8448
-45 311885 36037540 5099
-32 249182 43025522 5426
-86 433790 49861760 191
-31 200601 35348720 4310
-17 175239 20585643 1092
-17 189153 83435737 8789
-171 527582 22672680 2051
-31 227242 68630058 5857
-29 210160 70722653 3358
-73 455573 33600136 4776
-11 142473 48684709 2362
-60 364182 57426964 1250
-16 180446 22877162 7929
-50 319366 92194117 2320
-46 304192 86806788 3374
-11 142524 48032821 11791
-132 503865 98440323 3970
-39 305863 66132340 2852
-10 148717 40630990 10327
-487 1046725 62156440 497
-35 274521 67146063 3966
-22 199524 20400425 1475
-18 162863 49043440 5513
-392 866358 94693043 2111
-166 586462 41154659 163
-168 532776 49671343 531
-9 139359 68467738 341
-29 209761 34388290 7335
-26 248415 70369333 1168
-309 688921 61653786 2068
-737 1177736 56272317 220
-74 396921 25348132 1769
-8 89987 36885280 4958
-47 306103 22628253 1687
-155 541316 56708982 2642
-96 458908 96517969 2087
-6 107296 29101081 4557
-21 166670 58976421 1368
-26 211704 29056095 2500
-61 311378 11079653 1740
-107 445636 45842506 3017
-9 111145 15079865 2593
-17 184710 43092162 8999
-18 198629 52849535 3630
-74 338865 43133367 655
-51 267776 43844943 560
-4 89097 54846211 18597
-28 243926 48535640 8187
-33 279195 75769863 3377
-144 633808 24526716 2693
-1286 1675257 120929359 445
-47 297916 24546079 4570
-5 97695 66722399 4814
-9 146713 90079064 400
-41 241905 33406924 2096
-616 1163481 16861237 449
-736 983412 55641961 734
-17 190521 124146938 3060
-86 406386 48991818 1187
-12 169357 82297688 4668
-608 1035250 95950909 796
-14 185681 9520751 7652
-769 1155650 33581502 283
-89 299140 48289016 1981
-10 135532 62854826 9678
-20 172276 63404712 3191
-23 203937 42815697 3493
-28 257892 68393915 5581
-7 138394 50788021 13015
-102 418608 28591188 1836
-45 278464 28280538 3444
-35 269600 102916690 5669
-897 1249288 61990864 1035
-31 292603 19377329 411
-52 356987 58895440 5733
-67 373199 63225531 4608
-39 274138 7880904 1113
-232 563767 28616340 641
-47 249879 12924744 1894
-43 272858 49580323 4725
-18 138672 63560092 3926
-386 872065 90299166 592
-8 131303 88011622 343
-14 166179 47458543 7753
-59 308799 23828064 4262
-14 190615 17854191 582
-64 393439 60125345 2182
-94 396387 65414072 2015
-9 145444 21015199 15645
-12 135401 26646329 985
-534 1041977 51827358 1717
-10 125825 71315155 9355
-47 302809 52067845 3225
-18 205215 63254816 5990
-31 246198 34830801 2927
-13 141967 26732120 2005
-13 155324 38476221 8830
-58 277473 29765149 4776
-54 364714 25059062 4708
-67 306077 44754792 3231
-240 643413 15349730 1491
-40 268162 34692122 24
-5 104898 52687427 13092
-269 748356 13136661 1534
-145 490477 64872764 2733
-33 290793 18907153 2924
-40 265973 21078737 5285
-97 461156 51822402 311
-9 122484 65725419 5571
-41 293313 92756242 5357
-166 475477 26476124 2899
-32 248296 51811177 3751
-25 228703 36279347 8756
-12 118664 36363270 9793
-10 130335 26110322 6977
-37 225079 39906336 4848
-27 210238 53804252 6576
-31 265247 45374361 777
-143 455992 21882505 914
-78 420820 82276681 2818
-38 242872 45087516 3034
-11 161803 114578426 9158
-23 191939 61625405 4925
-40 285883 70840259 583
-39 254294 16101399 284
-767 1180195 26242568 349
-42 228062 8481702 441
-24 198829 15961499 627
-9 128163 34160771 12988
-15 173644 65723227 4108
-606 1146582 65966112 734
-278 604521 61758673 2247
-10 119453 60513705 10926
-1560 1615664 73160380 549
-79 397356 44103476 173
-426 965467 69284874 1887
-635 1172222 38875543 1457
-10 134388 51734674 849
-27 220454 26494217 6022
-61 348561 46600007 195
-28 226279 97881357 770
-417 827245 21161158 1164
-30 211668 29493084 4194
-51 286656 14293231 1782
-1121 1283486 11679656 467
-18 180848 52679866 8523
-297 874722 63455785 1810
-327 716910 37420061 372
-15 151377 51247852 6741
-55 271007 46285506 3447
-114 359316 10729081 2101
-12 149324 33588098 4579
-26 230224 49697252 5551
-140 546022 50797777 1573
-19 208866 61693201 8855
-483 817908 21961674 67
-38 227996 53298189 1910
-27 243627 111940549 7848
-4 75282 56757389 13144
-45 283237 63555968 876
-24 173503 40720150 1873
-41 258807 72899577 4577
-127 440053 66399777 2541
-474 938086 34740830 1217
-500 1189207 34839616 55
-18 172445 46016355 3470
-19 187499 49438950 1274
-722 1128197 66161385 1303
-46 307000 77524208 5715
-7 116086 41791377 13967
-51 306153 52941734 2023
-1303 1751445 45185136 597
-697 948398 40208436 669
-43 294516 57585416 3239
-142 487584 31068908 967
-9 155944 62425806 14819
-45 313420 89801635 4918
-7 123995 68221365 10775
-33 260362 71045570 2624
-45 288496 62705057 4973
-137 449043 65525442 2198
-10 135946 44470887 6790
-32 241360 39925613 6850
-15 146334 52861233 5735
-6 94706 53320509 12352
-26 222350 28578743 6830
-229 554213 36171893 1220
-133 487509 87280904 1308
-17 148567 30263502 4880
-41 254470 27646099 2883
-221 667075 59765343 490
-164 558298 86027288 3452
-12 136706 41290488 2016
-3 69078 32283589 7643
-46 285754 65618554 4253
-20 160894 34713221 6003
-46 252112 60981999 1270
-17 132824 35149318 2181
-152 540497 61702838 418
-2979 2753515 49662848 174
-56 339496 112368668 1576
-100 395545 29018574 336
-21 219945 55213093 4804
-8 131601 112924593 8491
-651 1013325 38993339 468
-52 310913 41627812 878
-25 206566 36922702 719
-604 1224725 6060101 1197
-27 219016 89246011 709
-58 363425 46880736 3088
-84 345185 34194462 504
-12 157285 44974016 745
-75 385441 48317086 4239
-322 873502 29709176 1237
-23 202096 70775283 1279
-53 258831 26368130 2223
-5 108150 44798172 4397
-14 144686 50151274 9085
-97 404075 26566500 1666
-21 186134 47030726 1937
-106 472681 42462303 1870
-16 182429 64105278 4735
-45 292790 74381730 2585
-8 117252 77293733 11703
-1582 1986984 26552568 936
-20 192251 68012346 2081
-1329 1801902 92258980 636
-141 453568 29785388 2380
-700 1064111 76644669 691
-347 670417 27409465 57
-175 493452 27602946 2058
-82 401700 13111915 360
-82 455516 38852995 5145
-23 200122 56783997 5562
-360 792727 54045295 1010
-56 354304 63095120 15
-60 337109 100204599 695
-72 316952 22767183 896
-7 108557 48644055 4348
-122 472958 46768075 618
-45 279602 78196616 5719
-22 226262 69544000 2860
-185 658397 102535505 1311
-741 1133696 41229196 589
-74 367753 41179987 5059
-18 168697 45218863 4261
-489 981176 54064891 1622
-46 308449 47404532 759
-113 454051 74399153 3271
-119 459176 81236109 3073
-111 420634 43812130 1353
-150 564340 33175491 2275
-669 1067295 55694806 785
-1579 1704525 68560604 233
-105 429100 58122042 41
-63 336589 8360168 317
-60 377134 48488581 2604
-85 380913 56124484 967
-181 528829 50674808 1119
-36 268490 109429179 4314
-12 129449 33464442 10410
-62 283841 50506821 4402
-1264 1253449 20960089 875
-25 240980 26538593 79
-459 918542 39306832 923
-29 217228 28991636 2099
-135 557549 52529927 1095
-139 405627 12489970 1362
-20 183737 76104883 5692
-48 296291 14881979 3519
-13 161931 10856520 10290
-7 97296 33856691 9662
-72 342648 52393582 2662
-192 648684 55054250 1964
-13 165195 82225082 10979
-188 603360 23385980 2542
-439 927439 66752619 1573
-1375 1564302 47764351 480
-108 376915 66678778 948
-12 123422 16501184 8772
-18 206003 101492105 10487
-20 229970 76192389 10464
-487 861593 70756793 67
-111 470156 5555921 29
-555 1030696 100696545 793
-10 130999 66625556 11397
-21 217837 22998283 9691
-3 60700 40398761 6115
-28 249863 45214670 5458
-1610 1567191 42807671 458
-51 325071 75188245 3341
-55 299883 41735225 1113
-20 206525 63460773 4104
-5 78615 40610453 14643
-16 142988 55659590 1560
-74 294136 24540783 779
-157 508592 48893923 251
-13 137293 14451417 6440
-17 173049 81570603 9463
-4 78462 32970934 1927
-12 163748 99509360 191
-13 144995 65163856 9573
-341 637996 19131571 1111
-460 886882 50192685 891
-5 103707 105980469 18851
-1408 1473252 33364977 982
-1669 1785523 32652512 75
-93 469719 20037106 1909
-33 231658 32234906 3994
-8 117044 93433720 13975
-214 555947 61316786 2316
-20 206909 86296371 917
-33 252852 13217419 4302
-32 264532 15990061 3962
-6 109672 23908892 7535
-59 329204 64494996 2004
-19 178912 89442969 1618
-18 174592 47684520 7650
-54 318620 72098947 5608
-101 366906 47345145 1865
-67 309893 67390528 456
-9 108806 43195917 8146
-36 273960 61477860 448
-18 148860 47489685 5568
-17 166205 47340746 460
-27 218442 80057317 5943
-137 398078 32248425 265
-110 390334 30794164 2195
-8 116320 49751636 766
-28 202106 31364297 1287
-40 226074 51248582 137
-58 310010 54207821 4465
-1191 1314352 21041252 250
-30 208137 48065816 4033
-8 114401 46984253 10208
-6 103846 76622535 2315
-1565 1956433 83827713 1061
-48 327668 100756485 4591
-18 157441 22493538 2420
-8 124866 76948349 5614
-535 991521 31156771 1806
-23 202697 22622229 2885
-328 888869 14167297 1666
-19 172918 44210760 3377
-10 122309 33769189 4567
-17 154991 52484363 4885
-174 528167 42466228 2068
-11 164928 77592491 5902
-16 179756 55545827 9627
-17 149794 32559679 3035
-15 167925 32508745 1264
-10 153914 104577383 11037
-144 632224 51502491 2676
-375 803738 9133173 1309
-9 126870 61555891 13016
-59 369160 49774053 4247
-86 396782 66606040 4237
-13 124728 43626813 9644
-216 608352 41418086 1417
-7 116774 72191747 471
-52 334499 11771147 3991
-9 136859 48859964 5169
-58 354447 40126880 4001
-120 471896 21186752 1385
-69 398570 95969766 4425
-8 128390 43782794 9457
-102 362494 41817051 1937
-70 349611 80838379 4319
-1599 1733191 90163568 684
-38 289490 93545227 6484
-204 540887 23069560 1209
-115 469342 47889725 2254
-149 524195 67896619 620
-13 171218 83745486 3038
-449 756954 44183397 130
-80 302076 12756171 436
-39 268944 87161081 3639
-100 423699 61898543 3639
-59 322113 50823250 5574
-53 340680 42073829 1489
-235 741067 63149128 673
-38 268183 27685545 503
-672 1224331 30534561 432
-184 535863 60663629 1734
-10 126158 41379977 4867
-337 741330 86687064 989
-53 335828 14133880 471
-7 123452 37287911 6179
-6 90662 42484875 2279
-13 123417 26082381 874
-66 362742 61208321 3060
-28 243241 48435221 6780
-5 100503 28403776 19658
-537 877109 26990798 991
-100 460273 40516877 763
-158 572179 17571061 2892
-58 279381 73253865 2945
-44 259781 43556921 3430
-34 235757 28480733 2598
-71 356227 41583154 3416
-145 532115 24427970 2824
-270 608861 41832097 1904
-93 421627 69214488 4207
-37 198452 51287226 1504
-34 263771 61845502 7882
-29 225298 82623952 3150
-25 221361 97265895 6942
-5 95521 27998372 16608
-105 473349 43588120 1990
-35 227997 46459830 5534
-14 130719 62322075 5543
-28 172880 42208430 2126
-65 347941 58265386 2063
-3017 2267255 56802695 603
-29 236621 59396585 7389
-172 489432 43726591 1015
-28 227083 81125629 7979
-16 175284 43635719 1920
-5 83109 66676174 13383
-66 310870 49404774 2019
-47 258285 41585241 3921
-6 98510 54677872 6405
-76 424052 59508069 401
-289 701429 78623159 1725
-32 203421 47343445 479
-43 272245 19449444 1721
-629 934532 43721353 407
-12 132339 37810420 4125
-1825 2174052 81779235 657
-11 144288 48634280 372
-4 69346 18793664 4178
-15 169633 64008589 8540
-81 455669 16633363 4877
-17 136089 46981674 7773
-29 254971 39464583 6984
-27 226845 78854154 227
-159 407799 39011581 374
-58 331342 25310646 5317
-36 278255 50824701 1008
-764 1363764 55776793 1207
-22 202353 58977866 529
-591 1183696 86220228 179
-23 190463 42944177 7294
-51 285170 52352297 1656
-5 86915 31209400 15208
-68 391770 29036200 5601
-23 189194 62611830 1753
-10 140905 79981921 10429
-104 501723 40920202 3327
-961 1190509 37466705 127
-9 141472 76822746 3699
-18 171693 57956839 9812
-7 111281 39603691 912
-5 80008 33239549 12940
-71 363031 75235214 4976
-699 1165662 56723884 601
-13 183469 66252219 4858
-15 160072 12484521 2784
-14 143513 10296343 9278
-97 422897 26161119 797
-733 1075338 34138729 381
-868 1282148 20095397 81
-4 74559 53145892 14399
-4 67242 34995982 7308
-92 433999 29723708 4576
-6 96316 54114986 1650
-16 172502 41549356 664
-156 516236 90911809 3456
-161 546469 19504861 135
-19 225045 15133805 4138
-1362 1478625 63063978 706
-61 409799 12960612 2778
-13 144679 91578039 6454
-26 236166 31980702 838
-301 713395 57578320 441
-52 279500 84436686 171
-478 899078 82614095 1103
-34 275495 54940334 2495
-8 138960 74032096 9248
-50 325357 22214962 2161
-1046 1574694 12801949 662
-53 282891 31076615 2280
-33 237582 35623171 5303
-45 299931 75826727 2900
-1652 1951420 65201177 175
-90 436416 45593776 2974
-24 199562 56590843 3933
-98 328836 26776641 652
-14 170983 55083084 7815
-97 432198 55703512 3743
-12 124614 62428721 5238
-298 839380 58074108 2553
-10 147532 76561525 10795
-559 953930 59027072 172
-187 479530 65783376 434
-167 588002 32918918 2541
-71 397092 5278673 2974
-6 99580 67444128 4138
-848 1209644 41716559 910
-9 142448 43171895 2781
-470 791201 26597373 375
-153 486896 24673836 271
-572 1012306 64021273 264
-9 126114 18023585 11848
-1316 1455980 74356320 757
-7 119203 73554433 8474
-30 256654 88310114 8435
-17 183387 21226135 5990
-59 282803 16383826 2726
-67 385899 15813603 1651
-10 130138 76159991 13363
-173 597040 18380119 2683
-34 223298 9704813 3635
-30 261906 58707625 7954
-451 1027248 50825191 1164
-33 222645 35475540 645
-41 240242 42759557 352
-1756 1646214 80396207 185
-156 465528 14900435 2393
-10 134034 63536984 5379
-28 232953 44975559 2073
-15 134836 38810655 5877
-8 124759 18572910 9671
-150 528203 24049757 2547
-7 129108 69069716 9438
-20 193685 36917307 8754
-7 123563 33747997 10498
-8 98521 27202827 5284
-13 137460 59007582 9235
-18 179691 101507626 2034
-2137 1808559 41205124 203
-55 348705 92374218 4278
-16 170278 75867100 4459
-30 216268 6557353 7082
-82 428250 42435998 4784
-365 825545 69496734 2143
-17 168925 45362665 1615
-142 508262 87648880 2895
-37 246135 25097373 1244
-1310 1814404 70992751 766
-5 93092 36451243 176
-936 1209274 66315392 1156
-19 174488 42441494 1275
-46 300654 79156165 5529
-17 177893 32772399 1244
-30 220645 62416893 6726
-64 376448 47049935 4237
-21 188992 53011170 6379
-67 390976 20635927 5252
-76 279146 32070406 1869
-163 476905 49998458 17
-176 543318 37169689 3144
-14 145921 31514186 3917
-199 598718 100591412 599
-7 102866 49466916 2368
-1121 1626639 52227160 1193
-237 712773 44415416 2506
-57 337858 79963288 4716
-62 386296 45976180 2290
-291 764314 48683683 1903
-26 159153 50678786 5849
-91 446957 54554995 4053
-24 213555 62627063 8582
-53 308210 83267036 3478
-27 219803 94944169 621
-5 85516 36642442 17390
-1150 1615891 66120683 1359
-63 342919 53989998 1972
-20 192058 68602210 8849
-16 190281 33675170 10931
-131 496964 46790203 1248
-11 148360 55532395 9849
-15 190494 69024132 1706
-746 1361253 50638470 200
-274 778900 81378281 2729
-87 378504 21991300 3306
-31 218751 36465528 3024
-29 227027 43420462 7403
-63 257957 33407128 3820
-6 83205 27682359 894
-90 364400 51362645 1899
-13 167862 69057644 4724
-15 188895 82380664 7432
-10 160902 70319607 3601
-106 424013 52729116 1216
-18 167381 60037947 707
-18 180928 57873929 3106
-181 521665 30255277 2846
-29 205086 44918173 6489
-616 902456 48297231 123
-45 313473 27651308 2723
-21 202779 54023119 6518
-203 576360 30085809 2803
-102 401396 41246844 346
-194 654260 28038798 715
-11 126108 34018929 9751
-8 103808 33688503 6696
-98 335996 23310700 771
-322 623460 53833221 157
-213 689749 47296477 2051
-29 191149 68056137 5768
-788 1298937 46744118 293
-227 706475 107644809 2527
-4 82643 54060406 9553
-11 155562 89069386 13710
-237 560596 22691705 2305
-126 456638 31858567 3566
-137 489477 84515117 2528
-662 1067836 38568996 959
-49 343258 69293689 5817
-7 100129 35268626 3298
-22 228954 58211603 2999
-1046 1140807 45453740 303
-37 238741 32977299 4492
-16 175015 83594224 4974
-98 338120 31867155 2099
-103 371567 22723646 633
-76 417338 81697811 2925
-116 493400 73191304 583
-758 1206655 73702648 1265
-37 265739 44311215 4009
-121 499827 38750427 1646
-127 449353 36160954 2438
-695 1253023 52979555 1456
-826 1260968 89300376 412
-12 132920 65073891 9768
-7 91760 49150398 5776
-6 109902 48567144 3404
-19 210300 20829950 2024
-244 594120 45398026 232
-424 947051 32672444 378
-43 330415 51172543 3674
-36 296659 83510818 1864
-36 241291 92443400 269
-14 167805 54228439 4320
-10 144180 48473416 13337
-24 177221 42778806 2008
-1642 1727967 45010100 59
-126 405589 18589487 2358
-5 104125 58299714 11923
-1337 1538456 50424132 481
-58 290849 41666602 1898
-224 655815 53064621 2561
-249 601303 78242138 1832
-108 514779 5696068 3309
-133 503606 52369006 2045
-379 785987 45130052 1525
-152 566993 59533809 2485
-71 363471 49404474 69
-38 261811 20328181 5705
-74 355241 56669752 2676
-7 119550 28812563 11459
-220 623630 54814262 2838
-178 579052 31278044 1737
-275 789614 16802447 181
-53 348881 72855928 2613
-13 144168 44256022 8408
-28 227790 42058922 2672
-75 404350 55024373 1209
-227 703153 40236809 1893
-581 1212103 79643876 738
-11 139512 20072912 3019
-222 519656 28636715 2062
-534 1085349 37367004 1689
-6 106886 57663045 10342
-11 117612 49849469 1996
-59 335328 66976379 3721
-24 205811 20001173 8262
-194 705587 44110955 2624
-11 150470 10594756 2420
-7 111544 42577605 8443
-33 273312 100185112 3309
-44 331362 43290166 3924
-11 115298 39950273 9875
-1368 1475217 26102476 35
-294 789975 40169416 668
-8 142750 77699245 6691
-93 457468 99806225 5046
-20 227860 54222631 7697
-20 194797 77030349 7762
-12 147334 75723997 4434
-68 338958 61072760 516
-31 198581 17567781 4534
-17 158405 51867387 1469
-139 475794 29137631 523
-11 159369 53901873 7276
-15 161075 25599662 7974
-6 106141 29532710 7963
-29 267286 57048839 1418
-26 228680 91324670 8117
-39 266016 33694123 2342
-314 810501 120965917 1636
-429 942428 89396375 258
-20 179960 22026659 3616
-58 342898 76303231 5343
-19 191345 35448180 6772
-80 353537 76601495 3915
-874 1308636 40459223 327
-136 577830 52165466 2253
-72 366900 38826022 2697
-93 439012 54468338 2568
-166 534868 86534213 1534
-39 313736 24979864 6802
-33 229863 42029163 2971
-6 115974 34037418 17511
-20 175667 30553162 6832
-17 210394 47825552 2466
-31 231483 71048035 4910
-7 125246 49151312 8798
-24 172514 55674151 2770
-538 1090376 29095906 160
-137 493796 50162059 470
-4 77356 46736395 4142
-21 180823 53611453 6505
-2574 2243661 24161849 443
-9 113309 25452078 91
-232 649792 90957446 1034
-141 477105 93222879 3239
-144 595880 76459687 144
-375 860623 39130821 796
-18 157607 45441577 3333
-67 340237 68861620 2921
-32 242872 38175506 741
-6 115510 61978488 13726
-35 251491 51826164 4803
-8 142834 41705417 13332
-17 144033 41359968 3076
