1000
-6 110815 43907814 18401
-7 109737 14774164 13136
-6 88944 46354614 3542
-10 136052 52526203 10153
-9 136352 17657937 2978
-9 127624 66920077 8527
-8 118758 49403862 1915
-11 142632 76208893 11457
-5 78667 52743279 5771
-10 147775 76002968 5174
-11 148950 84524751 6419
-18 190551 63264955 8345
-13 152049 46548545 11693
-5 87789 36782320 10564
-8 134299 37199452 5257
-7 86315 43994676 884
-6 105057 59009297 4525
-14 187711 59063088 5140
-8 140031 32094095 11657
-5 106262 41835025 10324
-7 92210 35862437 4502
-24 205594 13031875 4511
-12 153825 41939160 12006
-17 201606 16966295 8821
-27 219804 38048783 5723
-3 74307 72737867 10492
-8 118579 37578683 6899
-5 96343 33943934 15268
-10 137109 72208182 920
-6 90753 40588771 3817
-8 132152 58200788 6533
-10 151699 45570361 9680
-9 137902 24303556 9130
-8 113108 32923183 7858
-13 128794 62698918 10363
-5 88000 45058882 16920
-2 59091 19693374 17720
-12 163304 22989756 4456
-9 123062 43792950 8386
-7 111314 84818393 5205
-12 141496 78022961 1864
-15 176880 36744365 8415
-10 142173 21421738 5378
-6 94537 47806998 11320
-14 169222 43235902 8610
-10 151234 37297924 13313
-6 111391 96336571 9864
-9 133105 96395228 9333
-7 121116 34565584 942
-8 124088 26923110 252
-15 182065 65303681 1950
-3 64927 31876854 12590
-13 181410 38880265 7520
-8 124619 56712632 11139
-18 207620 30388109 9719
-8 144071 35979769 12867
-9 154186 10156459 12493
-5 73329 22451144 326
-14 169780 97080762 7555
-6 104595 59017195 8560
-7 101320 31148105 3197
-8 134606 75627017 12599
-3 61645 46854143 1017
-17 170781 58431064 3746
-7 117648 90850666 17152
-7 105616 52793969 7344
-13 146635 14240142 31
-5 81847 28796129 3416
-10 152904 125219253 10431
-5 78549 9349478 2380
-21 229431 74230629 6459
-6 98805 79813344 785
-9 122260 33292604 9088
-7 120756 77332150 5238
-13 158218 25965473 10015
-7 114467 53463135 542
-25 213132 70664945 271
-7 127211 46342287 10906
-11 148556 45822670 3491
-7 106527 62477581 9848
-19 194461 36868617 3676
-15 187050 56014816 6437
-13 143498 37640959 10148
-8 114677 42016613 14677
-26 242829 73687143 6447
-7 115616 65957251 4598
-28 240252 65750287 4323
-11 150633 45355050 7008
-20 203330 76353983 4193
-8 129593 25161008 3379
-9 142778 37866896 11194
-6 107946 51340177 17186
-19 207487 79614422 8350
-5 89461 30671380 5022
-7 94871 40825484 5758
-7 105903 27514449 557
-9 143574 25093973 13194
-9 124265 24811990 9528
-4 82810 32351912 19968
-5 94570 23082257 18537
-6 96629 77868796 5120
-11 133016 67629891 2580
-4 71090 59889976 12044
-11 139928 40683621 9397
-8 116806 44749909 6055
-17 196248 37699840 10246
-9 122519 44291400 7529
-4 77406 59399745 8090
-4 81121 45438405 5457
-7 116972 90328925 12877
-16 179640 16672743 8742
-4 83141 55458381 5263
-9 118236 38148438 10533
-4 78877 45720076 713
-6 107792 59047661 6084
-5 99560 87512161 19845
-20 233926 39958761 2767
-13 161900 57357858 4295
-19 213740 71937535 6112
-7 107772 71586639 7458
-27 222302 30759540 2859
-19 215883 95012347 4632
-8 123598 87853463 44
-8 104955 36120232 12463
-3 58459 37540022 5939
-6 87578 3102518 7233
-8 125501 13585458 9258
-6 112023 52716941 8559
-8 130547 85945488 1840
-13 154528 48142348 7306
-9 125487 47551669 82
-16 184345 63478230 497
-5 89725 19099409 4760
-7 115408 83427263 12820
-16 188203 87317356 5157
-13 161695 39502920 11436
-18 213221 43495836 6300
-36 280434 34659596 6044
-11 141284 44444661 5544
-15 173112 43893933 8944
-4 79478 25082135 2186
-4 69351 33466757 15803
-11 122292 58737902 6867
-4 80563 35268280 11356
-17 188245 62759490 11084
-10 135412 18263691 237
-8 120529 55956495 5019
-11 110619 39017230 1992
-24 218454 100528781 9072
-6 88351 27454782 10670
-8 106134 39072797 683
-10 128693 51434334 4913
-6 99105 82490934 12635
-9 145966 40833880 502
-13 129835 23793191 4647
-13 193449 25979420 14242
-15 188421 99353833 4073
-9 130237 60093061 9161
-5 97330 26279660 728
-6 97816 11500755 4211
-12 129221 27649425 8512
-4 87350 42892265 493
-8 132492 22268849 11521
-9 138845 14744200 13763
-5 93621 48654180 10743
-8 122258 39591814 43
-17 198372 4879000 5800
-11 137985 38418965 6870
-13 180889 26824076 7982
-12 147467 82600838 1430
-6 109928 55590579 2460
-32 259298 76614503 7074
-17 213631 67503675 4303
-9 144740 24566066 14546
-9 124239 51189706 7248
-8 135461 33115698 3002
-3 69720 43981083 9831
-9 128879 45300309 6556
-7 121088 102454477 14322
-8 115600 23666823 8822
-17 170640 82084592 8817
-13 167924 24849450 6248
-8 118731 42687944 6023
-8 111053 10074857 9686
-4 77166 25031266 17468
-6 108242 55545059 1142
-8 123200 46550685 12679
-10 142160 48581911 7728
-5 103895 67341099 13897
-12 166091 44197883 6087
-10 147360 61559503 4617
-11 153002 102172142 1881
-10 129151 32421692 12341
-5 86876 80668131 14256
-9 123950 24579282 2074
-15 159521 65773396 10264
-6 82533 41799282 2591
-4 94086 68119012 3572
-6 98426 58956488 4269
-4 77336 29156102 5957
-12 148736 71610483 848
-5 99020 10703957 9279
-8 130097 73497946 8863
-7 123254 48668814 124
-8 113773 22367442 6013
-7 98612 40905726 12177
-12 167610 41715697 1914
-18 181766 52168058 9723
-13 183335 52677858 11375
-8 148609 62605278 17342
-9 124989 74006972 4097
-14 151537 68810933 305
-9 139181 44194526 3243
-7 102883 36504032 2399
-9 127716 41562949 2727
-6 112129 29805173 1816
-16 190018 42094325 11394
-11 140469 48797721 5527
-9 138214 41916606 3568
-7 127011 50883202 5412
-4 78096 53231829 7104
-11 126863 35765951 10574
-12 167927 95526507 8936
-21 182181 62096940 4161
-16 150484 42710522 589
-4 88160 83251220 8087
-11 125618 78128337 7681
-9 117762 58004588 6533
-12 172048 84548062 4666
-5 88128 61890509 9720
-5 82130 14874353 1870
-6 94625 72625500 2635
-17 193456 56057619 6972
-22 196945 29280253 6092
-10 106128 31701276 9524
-14 142956 50249586 4066
-10 131490 60566579 481
-11 140432 79752182 2576
-10 164034 70223644 11390
-15 185061 49190458 4153
-7 124038 41245660 12025
-8 127827 21458183 6732
-11 160349 81004323 6738
-8 143606 30483855 8157
-7 122030 59070902 8521
-25 224709 69369857 5374
-5 92165 47578843 11771
-19 174795 39434333 4581
-21 204905 60290749 5238
-8 118924 90937001 9191
-22 244211 44809747 3636
-10 140685 20306808 10911
-7 125908 20841169 9408
-6 110224 61936589 3146
-24 184963 68912711 6585
-8 129483 37950060 13054
-9 149846 37178929 12860
-5 97540 36862590 5623
-11 147610 44264186 920
-7 104311 18785563 14511
-12 165754 59023429 12026
-7 105406 43933079 6986
-7 116366 61374686 14726
-24 213724 52323202 1717
-9 118228 12397639 2603
-9 131070 84766157 3283
-4 72769 40207766 16548
-16 154147 84081907 3527
-21 201130 71050151 7145
-13 178180 47440012 10735
-14 161728 28475995 1641
-5 83005 45791387 15650
-12 125540 38325632 6929
-8 141724 88684824 5591
-11 148227 75457474 9693
-10 139046 67258932 3084
-9 130258 72281426 13453
-13 131412 44948265 2135
-13 129797 69595229 8016
-7 114244 21431325 3773
-8 114823 85668636 12040
-7 106383 48691817 280
-14 187885 18874540 2592
-11 140142 86838383 12144
-21 225091 26689795 7149
-6 117377 36867945 5410
-34 272931 53001315 6356
-6 106175 63668757 10113
-6 115674 113527993 9941
-6 107507 43772646 11491
-7 115871 17320358 15278
-13 144065 16921822 8434
-9 119958 14351230 4200
-19 200097 61379420 9893
-11 156563 89358012 6100
-7 107700 83980359 5866
-3 74674 45596645 1558
-9 120899 39501643 2873
-6 82710 18729819 12547
-10 152656 50115277 3987
-14 150886 60088069 7465
-8 116837 25337065 10057
-9 145136 19208797 10962
-11 143281 42248166 2630
-10 112994 19560619 7579
-5 80308 25055213 14221
-17 162778 56337058 5242
-24 197087 29784487 878
-8 126248 11371159 3454
-27 230394 44143025 4925
-7 131693 32754741 10513
-7 112892 77656390 16249
-4 90509 47330727 2087
-8 136975 8160002 299
-14 136246 35230772 6151
-10 136756 83044487 312
-13 182359 13209466 2158
-7 111003 58460607 11872
-9 136569 20816390 2918
-12 137801 40517526 3102
-11 158912 14452586 10661
-5 77853 12677830 8924
-8 114606 28311949 7239
-6 93886 35997491 10979
-6 112306 18392176 15135
-7 120464 40416690 16016
-16 156243 16407571 2
-7 101221 24305309 13252
-5 87432 13421113 15223
-18 178579 65555444 1537
-8 131581 72407394 15189
-7 109676 30146576 13234
-12 138365 20241962 10059
-8 92183 22193788 9562
-18 219018 56989307 9940
-12 153349 58841882 9759
-6 98540 6262916 13018
-7 132274 7500780 5356
-4 74898 26276851 17500
-13 178779 81939920 5189
-19 203942 64912034 234
-6 95942 59342588 3164
-7 101224 11044901 7037
-4 89174 39845616 6740
-7 97488 25895564 4900
-10 153203 44713454 14442
-21 198244 68398565 2214
-14 180071 45057877 11706
-12 115075 13709187 2549
-8 118810 79474071 4026
-20 210808 31543123 4768
-22 215849 40029202 8689
-8 150350 33124457 8155
-7 110606 40622640 4390
-4 83315 67982830 11393
-10 119239 41266908 10997
-8 138521 22524041 554
-8 124779 75055309 13860
-16 188011 129348787 5999
-3 68033 33035456 10716
-14 147390 79456554 2469
-8 124137 61833232 15154
-19 187463 27398903 3985
-11 150065 53083855 2254
-15 196523 49807685 7138
-6 110254 64148887 13952
-14 181177 5909628 11829
-9 98719 41593362 736
-8 142648 69872023 13403
-12 169903 21724553 10782
-4 71548 24744453 4134
-8 132913 29174502 8821
-6 113387 33994070 7207
-7 129451 60226565 3366
-21 210230 46493929 7563
-3 76563 56860113 1666
-16 178795 118003162 8850
-11 169908 35766061 849
-8 117243 60540766 1351
-17 178083 26043073 2608
-9 139872 80323678 9693
-16 178884 42624374 7215
-6 86142 21984159 6969
-9 140786 35406962 11084
-16 195317 85449774 4674
-11 133251 35769269 9930
-15 193502 57065757 1885
-6 93780 33189399 2305
-12 160628 29503472 9154
-7 116770 34171718 16944
-19 218475 76742886 3430
-12 161666 47710689 13751
-8 134848 98700548 13873
-9 113745 31179009 1128
-18 203637 19274762 28
-11 167374 17343311 14355
-11 114254 22224702 566
-11 125748 18672035 2943
-4 81228 52238723 6245
-4 64131 49315497 6889
-6 107019 69832449 6839
-7 102520 30130551 5990
-9 133310 62602244 5564
-22 201647 33515524 276
-4 82664 19620079 19110
-11 146746 79041144 13492
-12 173186 64365467 8627
-10 114858 27331811 9104
-11 150456 16348455 5935
-6 92747 49554358 12638
-13 173767 57535262 7589
-12 149268 47381172 11347
-7 117857 54779709 4874
-6 103315 83460195 10144
-12 163814 60959152 7300
-11 119876 20841810 10223
-29 227224 52622129 4604
-9 120421 34245041 5889
-11 112574 59241820 3501
-9 152101 53367162 16400
-6 99107 35208536 14735
-6 106833 35228819 6755
-15 172722 104044131 5948
-6 122187 61925122 11105
-16 181581 45659847 5227
-7 100210 43971878 12039
-6 96285 50049579 11594
-5 94017 26525729 4071
-8 131437 85760744 4131
-4 76857 55215034 228
-17 196379 65696143 1771
-8 131578 75980944 16498
-18 197807 103313213 8615
-7 123035 45886242 3080
-24 237244 62649389 2052
-19 210416 78281179 7595
-5 82990 41447649 15795
-10 137821 71531862 1416
-11 159106 30637753 8841
-5 79988 63564937 10326
-3 61766 49596682 2868
-7 110415 41714625 1891
-28 254696 78618477 908
-10 158839 11354811 5122
-11 159721 81415118 5282
-10 140173 47389526 6301
-5 83775 30619336 4924
-6 92961 46671819 204
-16 193699 2567450 6523
-10 144242 61589385 4024
-8 124600 109667719 9565
-6 103364 30033832 11649
-6 84806 15845916 9707
-7 90797 44101299 12693
-17 191462 48169412 8411
-6 104474 60146557 17164
-7 119830 61197808 11086
-7 116626 59223227 12547
-4 85768 25208906 1777
-5 91260 30450309 9950
-7 113761 56659669 45
-7 104053 79041596 14725
-7 95142 12721163 12812
-12 177498 64912064 12853
-8 127869 54093740 2459
-7 109681 24494020 6370
-6 102129 44382329 2311
-7 99162 27193380 14309
-13 133520 37335526 1429
-5 95651 14403434 9735
-5 88450 44759201 1399
-5 93603 64085628 9613
-9 131984 43344483 329
-7 120208 96019326 14833
-16 161763 35886401 5022
-5 97740 82738518 6385
-10 133356 45721872 8984
-12 133469 25416439 10156
-10 156502 72940788 14919
-8 144167 53762895 5149
-7 132485 49404844 1101
-6 102476 28902467 11054
-14 163762 58354654 2065
-11 136303 51649744 5716
-20 192825 78061906 626
-8 131033 2312531 6013
-11 133511 40273616 7630
-9 133408 52872947 241
-4 88379 54287128 2210
-7 110104 61295383 5283
-17 150929 45974750 313
-9 139880 54788733 8135
-10 141920 32080410 12653
-6 119214 45214032 6640
-16 203751 69714063 6222
-12 166403 9731653 11632
-9 137364 33336188 3127
-10 152762 59286329 12735
-9 147470 14181962 7722
-9 130025 39156629 11927
-17 193590 23074220 7091
-11 124100 26183064 8533
-16 197898 64551890 11499
-9 148850 7505617 5979
-7 125389 43341187 9996
-13 170253 88460528 1823
-4 79235 28013623 10707
-18 176930 58011839 1867
-8 93982 37971319 3327
-7 137540 61361137 6537
-8 129820 33756261 8246
-24 235785 28511319 9607
-6 111407 80740422 2701
-11 144670 23156624 5705
-10 149792 52319495 1007
-14 177204 33805297 8247
-17 166718 5806281 8572
-9 128273 58993809 593
-13 155835 36815520 4902
-15 186230 65377163 5083
-7 124012 69433429 10878
-9 127698 60559957 8971
-9 141398 10243961 659
-7 115692 14057183 16307
-9 133388 84974070 6088
-22 216899 78613374 9733
-7 103843 7369226 1611
-24 215483 53242080 7100
-5 94789 71842547 15120
-11 153440 20688520 9114
-23 225228 89113467 2141
-17 216657 46893816 9742
-9 141966 33378859 5685
-12 155739 85674491 10431
-10 158629 7077225 6712
-10 131429 63783183 9284
-7 104285 15840664 5140
-9 129537 18621519 1711
-9 142231 66389448 8300
-9 115442 24971402 12393
-6 102922 48667150 9429
-22 219870 59503523 9620
-8 117389 66735980 11608
-17 198106 27647555 11733
-7 101763 56317843 1891
-4 79404 56905927 4472
-6 96890 65649941 15857
-6 114772 83595951 2605
-6 103549 80690537 915
-6 90826 26788534 11153
-9 106968 38228786 6182
-11 164403 76390795 1378
-9 135524 86614707 5390
-20 223826 104201030 3123
-5 102818 13836975 13683
-11 131895 45417734 10545
-9 131365 75889915 1142
-8 121032 80111535 1977
-10 127592 48742717 9954
-11 140158 67123570 6672
-9 130506 23204555 3078
-5 83684 7803411 16335
-11 150193 17716146 1779
-6 89871 38331031 1095
-14 178386 48076189 9010
-16 197127 65567437 11715
-8 129404 36538170 9494
-8 121655 24990857 2721
-13 173540 93684963 2845
-10 137115 46503103 10063
-4 85038 23986956 7964
-14 196340 56997823 2194
-21 196799 66638954 348
-5 86099 63094776 11070
-7 103169 71256097 7027
-23 229162 73096805 613
-6 84900 27846329 6351
-10 124043 15577535 2943
-17 154811 65587663 4662
-24 230633 39646302 9396
-9 139814 45697980 9768
-15 194805 30224579 9909
-19 193705 39984835 3614
-11 126724 50411500 10809
-6 87144 16196337 14456
-10 150290 112791819 11561
-18 211402 66318115 2095
-5 93122 34232248 14389
-11 169503 21747262 10355
-9 124537 85612258 9374
-6 87235 68356109 324
-14 154674 79801459 6435
-21 220715 30392447 3040
-7 115266 48500464 6506
-14 157484 18794799 5288
-6 115583 5364320 9439
-10 148785 41332359 4675
-9 123896 58765558 5135
-21 196747 61812145 3549
-11 146069 28859804 4485
-5 100533 41137515 12030
-9 102202 55224827 6027
-5 90584 24466057 12807
-12 140825 87680092 3077
-19 185102 45416240 1067
-5 87494 45603199 2135
-5 86340 53204091 10529
-11 158251 90908423 8593
-18 196302 15736111 3400
-10 139178 20935696 13363
-13 159843 48779880 12114
-13 141399 7602875 773
-21 201714 49071316 7549
-6 110591 71963411 5221
-14 182966 43627510 747
-14 169948 48803485 4192
-11 166042 91632432 5628
-22 179668 41086168 360
-11 146596 73653228 9228
-9 135836 54335617 8377
-10 145518 35163839 6299
-5 83170 23664461 6374
-14 164215 33498517 11488
-7 118422 22913563 5667
-6 90322 15191992 10588
-9 114614 43072506 6230
-10 135123 46298070 10681
-7 120645 17440083 4220
-11 137593 29898506 8708
-9 135168 64701233 6706
-13 159994 45739345 1095
-16 167029 105787730 8305
-13 145200 71228197 10938
-12 139307 49083569 5271
-8 158153 22456352 6668
-12 164803 78427572 9202
-12 143028 17445116 5648
-5 93512 47495114 7892
-7 124957 38963759 6173
-17 198115 74941086 1907
-7 128613 41458638 13539
-13 151375 70429817 7125
-9 135989 78370990 12477
-7 131871 124017597 7156
-11 137696 22471983 9801
-8 118009 36194463 11227
-11 151497 49460720 1447
-27 217848 43510274 2626
-5 99663 43849533 10285
-7 123780 53879807 12036
-13 174002 51792372 6685
-14 173167 43645134 12373
-22 213002 13963849 4938
-5 110739 16982114 1705
-11 157907 60711404 632
-9 140506 36201667 12039
-6 103552 38905866 10761
-6 92821 9057498 9975
-7 111289 72972187 4486
-9 108967 60734911 6788
-15 179788 64503312 508
-10 132386 21561152 1963
-9 126294 35701312 13399
-7 108016 83189389 1483
-8 128585 92146522 10468
-15 192514 48035008 5749
-23 215205 90638102 4569
-15 182510 69752180 11172
-18 200776 22457048 6958
-5 107061 47156606 19953
-5 96202 56213533 10077
-9 137897 27113156 7143
-13 153223 29128231 10217
-18 172428 37629298 7457
-8 130900 46125809 16347
-3 60940 14569064 18113
-17 204363 35937974 5787
-5 85186 64822515 14598
-6 93081 42913827 8719
-8 145979 55580621 6084
-6 109170 54540171 16263
-9 128847 41979272 13271
-8 103514 57468575 2257
-5 82379 45642305 5248
-6 100718 40962158 14679
-8 116063 76377510 1222
-12 161728 22673125 159
-4 77929 25466476 2148
-15 173165 46004616 11200
-18 160900 56239606 6678
-7 94164 58169873 12981
-14 177348 67399837 12943
-8 127865 60931892 5684
-10 147018 109028381 10788
-10 146393 27717159 6838
-11 139884 52104469 12054
-16 182993 99564804 9102
-6 95244 67112143 772
-11 133707 40924459 4780
-11 132641 59916522 7766
-9 136228 83897122 4793
-7 122829 72506250 312
-9 133934 62293187 8359
-33 289530 61445735 2989
-10 161511 74000982 6621
-34 283837 109286169 6763
-8 116798 44419721 11492
-21 222059 79706122 1731
-11 151512 85819774 2307
-9 126819 51562258 6184
-6 95035 12394169 14175
-8 133473 38976307 13909
-8 118804 46914876 4147
-9 141990 73935904 6657
-7 120515 34972236 16078
-13 178401 29022704 10820
-5 82276 33138173 9321
-37 299886 92881169 8252
-5 85037 52499667 5132
-11 166250 86528717 151
-10 149142 61888017 732
-6 98741 69980829 10012
-13 158091 77671434 9780
-12 147271 67240794 12602
-5 90886 46226408 13299
-13 154919 52026947 7749
-7 107039 20700226 156
-6 119517 92936030 53
-5 92771 66394803 1852
-11 149466 8836668 8101
-13 184013 43157216 942
-5 100733 90138187 9124
-5 82989 60035414 16253
-11 162049 74103355 13740
-5 92727 43193842 12159
-3 68003 31507939 14237
-8 118247 19494417 11144
-11 146174 28345259 8413
-10 140883 69577657 1485
-11 146236 84146088 9215
-12 183594 48947953 7596
-5 92838 46553678 15129
-6 95475 20367086 14592
-10 153199 114454316 3457
-9 119258 21857110 5591
-15 159019 46985110 3845
-11 163836 54429794 13886
-8 135159 71858606 7106
-24 213146 42519807 5569
-3 67191 51483660 6097
-3 70305 27256371 3565
-7 101340 47403071 618
-12 168508 57828061 1411
-7 135566 68663596 19701
-10 141330 31118658 12748
-16 187419 54512501 6404
-8 121277 34811136 14240
-7 124741 108463955 12148
-25 219566 85581911 1584
-6 115263 52497481 14108
-13 188401 52176183 12125
-8 125953 53118700 5067
-7 121214 41914921 13190
-13 167614 47538354 9271
-11 175390 31804408 4478
-6 119511 63713621 960
-12 150685 33837017 11589
-14 173555 41892193 9289
-19 217887 48517524 10927
-3 62845 14485531 1646
-8 124543 16297176 7667
-6 96530 20572316 9255
-6 105996 14761566 7441
-7 115392 60474881 16491
-11 167373 72281377 11163
-13 157327 65973616 1854
-9 135173 50568458 4440
-4 86052 28685916 7674
-7 120638 21140156 7815
-30 250822 36718152 3239
-12 165908 69912732 14178
-13 149264 37856913 1429
-13 172032 94030896 11088
-6 110254 57899566 2182
-22 212966 52189573 6218
-9 145259 47532425 14677
-16 185881 8238970 4180
-6 95558 66319603 4935
-13 184299 2211979 12481
-8 125235 30846594 6675
-6 110600 65826324 17304
-8 144293 30191210 9731
-15 147729 30597390 1923
-6 95026 33692265 12183
-7 109768 21969700 13512
-12 162514 60607825 7614
-8 118137 80473843 10716
-9 129215 9957739 1603
-8 118428 13911730 864
-6 104377 92398422 11135
-6 128797 15085468 19261
-14 160872 11674840 5095
-8 129385 103968943 6686
-10 144742 17962169 3153
-12 140696 20692405 5265
-5 85458 58313106 9613
-33 268075 56080952 5204
-8 134173 74391748 1471
-10 144935 68946275 818
-6 96053 35509455 12986
-9 132686 107025953 2703
-21 203725 47126980 8249
-9 128592 64112666 14615
-13 165953 66147944 5591
-10 143542 63059762 13650
-9 141952 18127804 5160
-19 167897 49016990 94
-14 166878 32201958 5356
-10 143518 64057982 4754
-4 69105 8038929 931
-6 84367 61556904 13453
-13 119179 9824168 7971
-10 151930 45701143 14490
-4 72116 26801623 7910
-17 155613 51936979 5087
-3 71201 29462076 13598
-7 125246 87525869 14295
-11 155376 81131724 2485
-8 112061 57433787 8059
-11 153658 65404392 10569
-5 76487 36084211 15142
-10 155187 39579069 13583
-9 139903 37634034 1015
-10 137894 54489031 10913
-16 196338 55039517 9262
-7 127200 40881507 410
-6 103460 81568287 4021
-22 194504 84631668 5518
-6 105143 61446923 17662
-4 79846 29526979 12732
-5 90621 40859485 3426
-7 111037 7744283 14476
-15 171195 84695496 5535
-14 179283 76947721 1196
-18 182489 46121348 10098
-11 107630 56169210 1765
-8 102323 20983926 1641
-7 108406 27739901 13657
-5 76079 24778073 11327
-13 170298 34232879 9602
-8 127047 113480369 1553
-6 99866 66410461 1705
-21 217808 124654352 785
-7 107237 60811117 15445
-12 168214 83626673 7454
-15 179565 71040301 7946
-5 98970 56782522 14217
-5 84558 23878346 14049
-9 163328 51027219 10688
-6 72835 40851184 5297
-8 119296 85382383 3926
-11 162292 71440600 11609
-4 71095 46322887 327
-14 155197 10051698 8886
-10 139903 26455831 12932
-5 93971 45028191 1871
-5 105101 67728147 7792
-8 117227 50877083 568
-32 253381 52672869 4509
-5 81714 80202672 10404
-22 185063 59157700 905
-8 131111 36913276 16109
-14 147593 25554773 2595
-12 145207 24060215 8342
-6 110010 15934316 9891
-8 111245 38210797 4502
-18 211442 79219424 4661
-5 92781 47194665 18574
-10 137892 26444878 13820
-11 162870 9134021 6590
-8 117471 47075005 9823
-7 134222 89652300 11611
-10 125469 63994231 550
-8 136289 93261301 339
-15 153207 30424668 6409
-7 117849 33100428 12630
-8 124518 55884150 7353
-17 187000 28391158 10759
-6 102655 46294888 11645
-7 120372 110795454 15424
-15 173837 32115547 703
-10 141252 55855297 62
-5 93349 51077243 12105
-11 176229 7838458 550
-9 131973 26880193 2371
-6 108913 72930428 17375
-4 89379 18189240 15616
-5 95368 49155701 7292
-9 126958 34649737 834
-5 95988 74135117 8668
-5 83425 43591332 140
-8 113897 53891176 11338
-8 140132 11254909 11073
-14 197544 40958555 8409
-15 166934 47190946 5101
-13 176662 8158626 8364
-5 95180 76274392 12372
-9 114024 39052760 9802
-11 137667 32362437 10327
-4 86564 42139893 1976
-7 134076 89770965 159
-20 172814 70179406 9024
-8 123822 72798953 15606
-17 188774 98676829 10075
-40 308688 96651786 3572
-8 118184 52058923 5500
-10 145328 57328093 10389
-7 102884 28334980 1289
-4 70549 26980659 6163
-26 210871 53769112 4746
-9 134009 18391721 5961
-8 119869 84673102 9606
-7 120740 46441694 1705
-4 70164 25726581 2954
-6 79329 28311296 9483
-7 95139 30151602 12002
-22 193884 15974539 7117
-6 89623 37571098 9290
-5 92560 42562548 16898
-7 118316 45446601 13196
-9 151283 31601728 4123
-3 57271 24195648 3812
-9 126678 66453091 3043
-11 160981 77074508 2982
-9 127839 37398505 2857
-12 131507 20204321 10322
-12 153038 48256360 323
-6 122853 41973018 13072
-6 100689 18322875 13455
-7 115531 28138330 7756
-9 147121 78999825 5461
-9 155572 36629165 16770
-6 92274 34584321 2830
-16 205777 81371705 930
-11 114653 35717682 7510
-8 124700 62365821 13796
-8 103690 22262147 113
-5 101251 22100240 13228
-13 180546 65988486 1393
-34 257822 44190494 5573
-8 135813 50270031 7108
-18 170625 19635658 3838
-4 85772 71901191 11613
-3 58971 44864935 3068
-10 133847 21580091 2463
-25 214280 70896687 5105
-7 113193 40514092 10151
-4 77574 26619435 8496
-7 135670 53525685 1317
-11 141023 49569597 12502
-8 130565 41601395 12659
-10 123208 52752053 2894
-6 118284 54543672 15266
-7 121434 99893171 1951
-13 150865 50529388 145
-10 140472 45258468 10795
-10 153279 44496356 9453
-13 144429 28074438 9783
-4 77211 47944098 12250
-10 138823 110789668 1185
-7 113173 61929012 12467
-13 170221 71004854 10151
-8 124955 58377771 4481
-9 132308 52824887 14543
-11 152464 46842442 3931
-7 112686 47083300 14129
-34 274200 55530675 3880
-7 105215 18031406 13804
-5 106983 48500841 17413
-10 118983 38365830 9813
-14 162107 76464494 1656
-9 124562 34118495 7889
-12 121318 14421139 4287
-17 169186 68515545 92
-6 112305 75409151 16622
-12 140508 23647430 3701
-8 128181 13861418 3258
-7 130861 87591042 3873
-7 126905 60595164 9137
-17 210515 10303082 2662
-9 149639 73655390 11721
-19 186268 4835307 8490
-4 76018 15407561 13394
-13 172081 66701713 9010
-5 78989 56421499 10299
-13 178266 117302176 13021
-19 178829 91178372 7868
-9 126267 48533325 10713
-5 103094 49492474 4227
-8 119743 80871737 7486
