100
6193 6193 6193 6193 6193 6193 6193 6193 6193 6193 6193 6193 6193 6193 6193 6193 6193 6193 6193 6193 6193 6193 6193 6193 6193 6193 6193 6193 6193 6193 6193 6193 6193 6193 6193 6193 6193 6193 6193 6193 6193 6193 6193 6193 6193 6193 6193 6193 6193 6193 6193 6193 6193 6193 6193 6193 6193 6193 6193 6193 6193 6193 6193 6193 6193 6193 6193 6193 6193 6193 6193 6193 6193 6193 6193 6193 6193 6193 6193 6193 6193 6193 6193 6193 6193 6193 6193 6193 6193 6193 6193 6193 6193 6193 6193 6193 6193 6193 6193 6193
0 695244 989713 2320 562327 64679 317609 491178 343321 863792 799115 395444 937588 513927 949800 683554 403860 969070 237717 898480 963623 659914 8166 901015 652114 548101 996603 392697 506612 656330 729498 484931 422796 105783 264349 77986 138723 549278 852884 191939 984895 318711 305476 509010 816647 571341 267039 511704 770599 744628 943825 955584 888787 481043 948049 96621 853262 808676 599856 382569 388416 464980 412926 191065 898324 893048 615814 353712 490569 115952 48272 301205 706780 973044 959605 354656 620215 25605 331037 713758 397156 862948 823510 633933 709512 530681 570459 563577 601301 413070 269973 756368 965192 41248 307402 407679 73542 351036 729317 896226
695244 0 715362 359933 432854 351557 114140 379463 138149 425010 746262 454455 677367 561720 768175 609418 704582 900701 943569 579682 341732 920700 578735 520299 572751 326565 623983 854501 886313 175939 11904 472209 1848 638371 460199 880348 987218 59899 856893 931424 339830 521757 570802 315670 27749 641418 945401 509162 595196 697208 177009 1595 790831 910364 896245 952750 501854 84863 37964 415802 268735 656478 101657 155910 128096 119571 931264 948295 58149 161423 27793 874494 579665 162126 328433 221664 909410 874879 576450 712893 689960 257031 78037 264673 936865 416823 72761 805574 892312 269531 462055 291372 317807 726964 510539 242402 917300 791060 535465 13590
989713 715362 0 501652 132370 205257 845205 310311 468896 921320 124354 652796 762051 875909 383353 73298 331570 302884 31704 466402 43354 876963 802514 915868 659890 9403 384274 991421 382212 525440 331533 244017 835627 254982 203800 189522 377445 795856 118151 358819 394056 572441 425321 111990 96 866626 464606 585075 16846 900737 665863 758569 98263 791143 893203 653211 445622 876354 49724 628444 761546 299812 456594 361521 802134 37105 176257 631370 744621 396327 94669 144284 545540 437126 159431 16505 248474 618422 21605 30883 149349 62391 792848 688841 598016 993739 172588 89138 972799 878822 395517 592651 200454 898911 679647 572292 574802 386182 315723 591634
2320 359933 501652 0 530947 162482 337573 665600 164833 338710 348267 917993 700896 272184 288866 633696 163550 585797 123109 84353 277860 519526 169591 176420 82292 291828 38923 862065 201469 646226 915625 362367 988243 910426 340417 790910 779366 573814 322437 934022 890272 650882 323608 424245 241649 12586 335360 681653 415273 589706 51399 88660 786084 499853 200807 751647 910698 291737 376919 797318 129168 872352 320684 452737 492492 769411 574899 331732 156029 407651 25028 159123 717172 806612 597260 569842 277538 113704 855492 543914 231324 310858 982677 410072 785401 382517 150023 125290 415229 435039 159363 32100 117822 719903 531641 718113 502897 41622 817303 964025
562327 432854 132370 530947 0 481438 479552 709059 501149 415207 55769 85879 789640 730498 338396 104681 391286 410928 705579 572832 21922 674287 840475 911757 634961 702807 133590 665949 329971 472707 297810 828642 874823 529257 215284 693324 391951 420061 425175 232639 307927 130858 493655 127498 292027 793718 228611 756964 679604 856487 662677 1487 602285 731319 776211 599078 449040 664760 238418 206289 209702 195202 189723 131805 973145 505764 873096 573294 699455 113507 162054 396668 412988 246249 747592 118201 21418 726865 440733 392445 402443 674456 861515 158575 676771 51743 824046 184125 907912 783784 896341 151950 261614 863078 98579 556404 863707 863015 548673 315852
64679 351557 205257 162482 481438 0 59026 906962 825012 705856 448437 769761 578031 184481 705227 748944 217466 750620 187860 415745 923684 310255 513329 906220 257322 80347 489699 568442 380580 906138 251237 119160 533627 786057 526416 479401 558575 927644 857344 620017 425692 30145 331726 325268 368091 690316 469025 240045 333067 378127 232357 60915 305697 898028 902137 143797 737388 487846 630160 359686 628165 428954 341566 655624 590958 638157 480989 414089 431733 845979 879583 89822 648246 205869 437731 943957 925087 489165 634337 491679 692546 358417 440837 614925 202634 180153 956372 667482 758161 206771 490101 46556 340193 757703 792903 455363 658676 557747 936761 635820
317609 114140 845205 337573 479552 59026 0 545156 474092 870906 596582 467618 973678 504028 68702 806402 372884 635087 438996 876861 59385 590608 158066 289203 978452 653361 189658 161894 193130 506435 91655 856989 625086 413780 604617 824092 194872 359010 590472 131805 556501 287665 99298 225133 920566 478277 256361 962844 14662 63070 330993 897200 585471 959066 409943 659269 136013 460819 163628 279669 836535 843865 568607 688836 256875 913625 784207 828020 944864 766861 869091 784153 436415 305006 187632 173540 952811 229872 44942 102209 368367 868807 214253 861015 450652 142594 973921 226523 208014 463355 390508 275492 414322 173343 901819 861174 992631 267865 511048 863633
491178 379463 310311 665600 709059 906962 545156 0 910520 963677 609825 867965 727422 9275 344394 258593 557460 571593 309188 578929 595448 927652 381707 577969 461877 627218 475233 165956 761952 175170 267 379231 52966 717550 567969 675365 565450 449172 110121 176615 642525 515257 436032 447659 681347 775753 774470 685796 335328 547575 772114 272691 925912 147038 442542 169348 254365 387317 523290 403298 225025 870591 528532 406638 839062 614322 72727 21370 231560 807404 570915 672523 531586 362849 30923 377033 253684 336549 971862 258507 529902 420284 697689 491779 186392 828662 847722 233228 988245 347294 456736 487407 785741 919276 399587 549478 624787 16127 444646 613339
343321 138149 468896 164833 501149 825012 474092 910520 0 203600 712190 515180 373971 926088 9229 157926 447906 866563 179904 552877 880769 275001 582714 502125 645090 156643 364556 34896 902438 293497 905660 185004 21515 712403 917977 871459 632525 611384 257882 702890 723647 921009 196921 875087 297867 149960 285958 54305 692874 521390 951414 450855 410502 345109 302987 978269 744197 364870 713533 185231 281522 190975 378603 644428 211564 188562 656754 793439 195227 36723 193804 890479 531142 987464 612602 721770 259482 73316 879 172806 891436 693604 768731 938581 819219 634204 352068 840261 981714 371644 760517 351911 352707 913360 419268 31828 175274 232120 104983 547879
863792 425010 921320 338710 415207 705856 870906 963677 203600 0 177991 258010 491451 783614 272811 223213 132236 881198 807353 78706 363257 969135 501031 910503 570653 919423 15489 963077 522096 199442 441921 200096 175582 861440 329220 241127 967440 732143 640258 476921 981093 255597 152239 221245 713374 190543 815076 216346 751047 191152 155693 741971 903029 625844 502974 639943 774590 700906 578332 132876 514976 666906 872752 115809 464718 991067 265455 378372 601010 399128 363438 852076 725225 39257 580873 300655 270346 335842 193595 645669 51026 843438 370004 69990 182056 395314 513937 387916 204303 310422 635138 741008 549641 440332 813507 128003 44958 442334 738885 58605
799115 746262 124354 348267 55769 448437 596582 609825 712190 177991 0 715773 486607 521061 89232 885991 38869 297875 513100 829775 967404 763637 544949 365843 648521 428608 883680 723916 318301 70758 59004 609986 362516 201750 799420 136270 944713 557390 43770 35988 921184 610116 482029 441207 919411 861158 313950 647376 293078 656387 742036 365184 996594 881705 359012 548661 168306 576419 929805 240146 186796 99847 669217 275971 290588 82843 868596 307133 447627 690374 510093 953762 962433 519956 468284 376064 697570 892336 775297 202119 772022 177263 346037 441830 451367 435304 983019 412264 868887 639213 474525 608203 585608 647889 864992 111766 824349 346756 647098 948522
395444 454455 652796 917993 85879 769761 467618 867965 515180 258010 715773 0 299613 110080 235888 857548 113639 288831 771347 187521 228284 508826 41422 191494 673155 169387 280084 496202 509501 204382 887352 393163 405418 299218 80176 939641 787775 617948 908392 921852 675162 401044 571233 419669 228275 544751 444491 460738 409198 131698 698175 958202 775094 487632 739238 769193 925501 766636 112439 347877 298703 393507 889206 509850 60929 765585 442207 175053 303934 117485 83373 180059 334432 65000 282798 699981 167889 727626 36659 553334 737496 572382 23746 426959 716041 777358 573063 624469 817530 834976 852634 518696 135905 972235 150704 487513 81615 275250 16181 827448
937588 677367 762051 700896 789640 578031 973678 727422 373971 491451 486607 299613 0 863160 189590 781446 770567 648158 827892 349824 399997 267755 932421 585352 632254 888376 569945 5554 580411 787770 926449 862295 801396 895640 787419 267096 918732 957740 891748 954668 149126 377695 429103 806368 252483 228981 844931 853484 119914 825356 223526 584515 870996 588606 126277 445187 322981 420307 843537 779693 267657 905569 517798 872664 245055 311549 616291 626526 836652 926208 44426 618778 42772 989082 546217 871197 51920 518577 916683 289555 447760 466128 386222 911159 695621 269930 89504 280807 383254 791797 979802 550745 459308 449006 837747 590021 881479 970018 566157 513660
513927 561720 875909 272184 730498 184481 504028 9275 926088 783614 521061 110080 863160 0 604515 163402 994479 785987 770700 376738 461192 619179 694643 475228 639737 477044 643636 513423 536758 274523 934037 188441 942922 103206 408927 590554 654318 2469 144681 863709 40357 266881 335812 839045 93917 45249 763465 110699 204489 65197 512029 264953 863506 15169 853427 447884 966323 788991 95981 631160 37011 53821 884274 599762 506235 356994 149744 952787 950293 80904 422675 218203 518475 135534 361934 605179 288732 756954 678564 432795 464834 965775 61214 9820 239812 375463 112933 429087 931054 911022 245798 582295 154564 708953 580338 992917 428967 558838 67409 374269
949800 768175 383353 288866 338396 705227 68702 344394 9229 272811 89232 235888 189590 604515 0 725588 148429 596567 737731 529243 971820 653492 670331 358344 114738 345801 469837 822597 635013 491537 657505 220104 50449 51227 753709 434677 769218 644596 689108 588090 349616 647879 638271 808359 602958 363650 532312 469065 883178 686205 743494 926205 916891 751088 447527 621576 327297 997751 452444 172024 108502 931650 971083 297970 342118 262611 905381 40915 909288 381783 569936 891717 88141 222838 697429 23986 148097 638706 783747 965473 940537 762427 87316 218658 833825 809347 600754 273698 33914 699742 605314 716324 857667 233567 311892 386633 634378 365908 455641 984899
683554 609418 73298 633696 104681 748944 806402 258593 157926 223213 885991 857548 781446 163402 725588 0 804766 791256 228453 257611 69340 129277 232391 138721 59872 382628 722642 356108 160451 765275 814105 389040 628799 902458 62197 196541 546217 708337 770170 826215 56279 692555 864773 520442 506616 456572 580168 347533 193286 514550 184406 863891 832201 598063 172547 273211 858479 454749 791717 825342 277783 367663 596698 192276 924656 114066 28439 15941 48119 170142 936747 905273 895260 207703 971368 142262 299459 762581 771848 205518 374180 90442 917392 315256 342433 506207 884947 322774 462209 566490 590191 58944 236155 316019 110720 165105 10949 495354 201929 729650
403860 704582 331570 163550 391286 217466 372884 557460 447906 132236 38869 113639 770567 994479 148429 804766 0 435536 438808 160983 20630 120461 214659 60702 781677 148190 319745 479134 154321 277951 178338 36527 754203 627656 749407 307602 795868 261859 399436 345461 902952 273928 491916 39020 698258 121530 764794 59999 866320 306684 394304 117948 579209 20820 839637 306550 990348 433412 163597 227901 248357 24578 48845 775761 955336 632468 395307 468625 574640 189464 659287 954751 451088 770131 971566 519077 207315 516967 755441 745513 131065 382142 514884 610094 203456 739738 991279 918146 44572 784464 804790 664110 836016 889783 162694 298813 458914 25366 613421 583355
969070 900701 302884 585797 410928 750620 635087 571593 866563 881198 297875 288831 648158 785987 596567 791256 435536 0 266117 741392 812356 142606 650215 944466 696947 387713 530338 981494 613661 571947 514215 990567 634197 456004 122288 89651 257496 457340 442647 734107 615241 267859 854662 707433 295461 271244 189775 727941 729275 723031 350276 677086 344174 892162 301291 908122 164812 353499 885701 45404 214015 32326 270732 541817 422536 989784 75448 960822 322679 483800 676972 928867 389049 460133 235098 539487 358116 731027 796389 258533 130568 229723 796156 193548 209359 233907 563402 900772 588579 875044 427849 846805 623321 874630 899243 907850 557456 24144 707625 722920
237717 943569 31704 123109 705579 187860 438996 309188 179904 807353 513100 771347 827892 770700 737731 228453 438808 266117 0 769262 224568 931797 354949 357904 757461 815555 352710 628440 13700 608158 485153 259538 458699 777744 786934 385318 651707 840717 767689 178559 962544 296872 130506 980291 32442 83020 58553 807721 957163 791166 28881 583144 555667 291716 655220 659506 388447 259742 282932 687213 807599 511599 494203 531929 370870 564446 399605 921849 254325 554429 781696 85442 582510 695711 740244 365415 892454 969132 574795 309982 701070 927599 977433 180615 135729 753761 542826 714451 485867 236045 801426 668053 311508 763855 928606 664069 591092 923644 888976 554167
898480 579682 466402 84353 572832 415745 876861 578929 552877 78706 829775 187521 349824 376738 529243 257611 160983 741392 769262 0 50533 555873 824266 434172 721730 592194 858945 720290 872254 168054 459010 808423 152795 576202 852700 861046 105747 157840 570260 310227 677261 879907 355949 428950 550729 763109 546391 180494 164056 65351 597652 700658 834208 454574 744626 816373 238704 564952 454071 414500 101004 941446 968518 317099 584159 531422 842742 651517 494386 91099 305769 178479 639609 109562 855050 912403 14592 373402 370730 265105 154850 553116 527492 812055 516498 235455 896826 548166 731951 641789 570359 247829 206125 377257 135621 220001 210002 652441 830217 139178
963623 341732 43354 277860 21922 923684 59385 595448 880769 363257 967404 228284 399997 461192 971820 69340 20630 812356 224568 50533 0 863261 889100 162604 61137 2997 302827 461223 734004 38427 72349 859573 381158 267567 667993 149797 339979 756071 736651 677906 527950 840482 563149 139948 950946 701109 672419 793490 588061 548782 285662 735584 381773 453252 915474 320 578361 534923 686431 288029 756445 152705 11518 433053 780295 924651 980246 223743 983685 609368 816158 355864 734372 266557 326641 335403 440554 751691 675701 173992 894943 647015 558582 243804 237623 718852 819917 702009 443186 791776 14798 479451 979893 486782 822531 37516 743759 265611 106568 459951
659914 920700 876963 519526 674287 310255 590608 927652 275001 969135 763637 508826 267755 619179 653492 129277 120461 142606 931797 555873 863261 0 751446 906899 137301 348880 779092 297640 351414 392265 835847 734836 839548 381015 779529 487361 673294 280791 547780 188177 181834 489055 324093 153735 783014 929464 288536 718207 622266 190962 609194 712296 780927 703882 545721 158068 348906 503597 923232 556991 50014 466729 152567 736935 997455 653756 443895 612828 621310 445764 689652 422302 907919 776242 212842 649207 858453 728937 242763 436171 491686 123545 541106 923912 835938 590612 95470 944521 496800 486428 287192 203899 384229 863871 213535 204783 21337 681675 686239 754706
8166 578735 802514 169591 840475 513329 158066 381707 582714 501031 544949 41422 932421 694643 670331 232391 214659 650215 354949 824266 889100 751446 0 629337 929212 656342 643069 824454 391341 29379 253629 799832 255763 648955 648762 216715 948522 235644 915114 815392 502385 40675 269609 102665 301486 808291 388988 229210 401318 209287 397859 205920 600906 302257 582240 893046 747771 171349 524362 789037 332287 801199 512777 87892 577517 215713 478997 315545 542876 800000 251254 130788 110026 383300 608293 674809 175837 581713 731964 135694 669097 714488 376319 143363 399577 250954 248188 53017 131486 131355 535229 389743 143789 385875 874538 332662 174405 521058 949625 15342
901015 520299 915868 176420 911757 906220 289203 577969 502125 910503 365843 191494 585352 475228 358344 138721 60702 944466 357904 434172 162604 906899 629337 0 974514 580263 966351 668820 889317 975986 763430 692628 821786 159041 821605 896702 262776 351815 702941 184018 962671 823235 44818 711534 466427 130491 262464 359290 630162 804323 209408 221317 801799 245911 532342 951736 174982 805036 462325 278583 556039 337924 313194 346254 782640 574212 991114 961232 409234 212748 549005 839973 222276 296319 664810 899376 862589 300187 735694 838380 816085 137942 74163 291441 892932 40459 28879 733603 806287 94606 51671 339253 24418 533678 121002 232277 35917 750540 59869 564053
652114 572751 659890 82292 634961 257322 978452 461877 645090 570653 648521 673155 632254 639737 114738 59872 781677 696947 757461 721730 61137 137301 929212 974514 0 677186 38009 436549 539148 890548 772273 691727 679292 248881 187296 930389 883701 234726 322056 905418 803699 827532 843885 99856 513253 195141 52358 153260 641867 755316 104016 728538 979416 25504 742896 857802 292882 838983 953883 195159 171946 572764 868702 828616 242504 102215 613302 473703 785530 384135 710569 103558 46303 978389 147679 488813 711453 918525 720410 496397 800585 404381 173818 785623 621588 504577 183433 960025 432190 18492 258818 542549 522491 967571 327764 901426 624621 309054 964917 123495
548101 326565 9403 291828 702807 80347 653361 627218 156643 919423 428608 169387 888376 477044 345801 382628 148190 387713 815555 592194 2997 348880 656342 580263 677186 0 273036 3799 326559 876510 140003 687950 364321 60022 189598 735045 594081 427040 43451 852381 978556 257764 836015 673176 131822 865341 221054 74725 569029 744869 772616 561603 121774 970384 636145 418666 514437 249654 187258 57040 126946 131488 714295 890793 898884 517680 48648 171545 587229 367388 419557 27684 943662 15843 9460 711835 791010 296093 580070 665696 838219 56645 174130 110116 18398 573205 285129 282625 593937 629126 453684 979259 666136 602640 792408 133744 439696 689941 595996 346104
996603 623983 384274 38923 133590 489699 189658 475233 364556 15489 883680 280084 569945 643636 469837 722642 319745 530338 352710 858945 302827 779092 643069 966351 38009 273036 0 332137 544680 584175 356911 591691 602042 824406 968905 987853 505420 165051 181902 10957 634324 508109 735883 535193 909003 925984 896791 473027 203322 71884 221120 600247 648040 220530 183261 574878 404307 952747 89669 425343 106968 621069 56551 114585 981882 609474 526332 899297 756241 922773 590275 878465 929956 531755 732829 258409 601750 207746 655679 595328 784503 30874 624224 29607 258350 601990 257048 532766 165087 344871 304204 210578 395530 938824 356534 534991 847210 491451 873944 335759
392697 854501 991421 862065 665949 568442 161894 165956 34896 963077 723916 496202 5554 513423 822597 356108 479134 981494 628440 720290 461223 297640 824454 668820 436549 3799 332137 0 325820 86043 664926 406521 79982 174377 897165 141668 941229 57389 824013 929256 98600 417790 605383 869845 365429 287571 508805 399009 869356 498847 505197 858053 336603 890097 495217 88733 679748 574815 43527 628321 932514 600115 394287 745612 692102 318063 679071 727358 951390 284573 862273 160023 941439 719272 98143 593164 211385 29051 481258 114980 143325 952760 153294 58546 898917 86769 679561 482043 417064 102610 130402 873257 90344 664464 761781 77754 983395 445884 587355 142179
506612 886313 382212 201469 329971 380580 193130 761952 902438 522096 318301 509501 580411 536758 635013 160451 154321 613661 13700 872254 734004 351414 391341 889317 539148 326559 544680 325820 0 874427 248081 745181 304635 310814 349114 548149 543231 593112 65339 970443 384684 984500 886933 537714 330773 570988 207831 109330 746320 611554 33396 619576 15540 836507 676683 68834 463575 71138 234851 162396 121574 997992 758907 400377 287932 412865 141420 523791 868887 186394 319702 197344 874896 826472 253105 299726 718194 447329 607161 743792 432951 43011 133335 937339 971229 363768 172977 558656 560138 363920 571197 584382 354119 50825 43588 513920 432649 962710 120977 493299
656330 175939 525440 646226 472707 906138 506435 175170 293497 199442 70758 204382 787770 274523 491537 765275 277951 571947 608158 168054 38427 392265 29379 975986 890548 876510 584175 86043 874427 0 966907 576592 356332 535948 207038 573052 935518 223712 693004 327191 634103 784379 629283 44692 464495 283536 777342 171232 322851 106167 157457 579116 458111 929050 498720 744735 326758 526475 931210 12536 449315 732300 938452 3415 720986 248733 389142 264706 468990 493495 355539 654497 518071 156257 666073 898937 454972 791255 880591 277267 650766 399454 105033 947200 848869 192875 804105 700064 627361 187101 610053 658580 66932 162095 389611 71023 587745 378389 621062 381017
729498 11904 331533 915625 297810 251237 91655 267 905660 441921 59004 887352 926449 934037 657505 814105 178338 514215 485153 459010 72349 835847 253629 763430 772273 140003 356911 664926 248081 966907 0 220339 58420 718041 389864 840033 401924 495822 699379 775891 149027 783320 377205 347828 608323 245038 562610 302541 666697 394440 121799 1540 178308 734973 506215 753441 647314 609001 54927 738174 639640 826394 239543 874616 541984 839920 110084 291699 164891 599680 759084 236922 989803 709557 376235 855561 805748 877333 26959 200696 735592 485217 898825 541547 328113 553218 603999 328743 35298 589491 769022 910284 114270 871169 479241 350305 464877 86780 14130 604187
484931 472209 244017 362367 828642 119160 856989 379231 185004 200096 609986 393163 862295 188441 220104 389040 36527 990567 259538 808423 859573 734836 799832 692628 691727 687950 591691 406521 745181 576592 220339 0 600518 307456 972348 185514 274801 207264 876506 742371 268504 740426 942584 439674 418240 374330 267048 247228 248099 742706 113993 360536 178902 613605 123926 239081 695096 210381 562189 773249 309984 359461 717820 701623 756543 601061 498246 355034 157575 381619 25856 586199 435955 525377 485739 83220 690182 68895 182264 966038 356119 613166 519992 989935 476783 918145 11444 25190 741178 312201 519380 239181 532536 965985 294709 884041 255524 790477 403339 988310
422796 1848 835627 988243 874823 533627 625086 52966 21515 175582 362516 405418 801396 942922 50449 628799 754203 634197 458699 152795 381158 839548 255763 821786 679292 364321 602042 79982 304635 356332 58420 600518 0 675129 773605 542957 632824 214635 127330 933853 401540 831990 144030 246271 79474 538877 293501 42949 289897 988966 252554 19541 661916 519729 611110 533758 690970 343662 504287 549951 499362 256032 923226 429490 72343 441603 536156 256940 867070 111880 919534 182193 81732 607474 76777 838150 349477 107514 278146 397716 251712 360021 759962 318551 887014 784280 423973 751832 613808 954378 827439 957769 196530 773233 705140 526880 375145 306131 88052 722836
105783 638371 254982 910426 529257 786057 413780 717550 712403 861440 201750 299218 895640 103206 51227 902458 627656 456004 777744 576202 267567 381015 648955 159041 248881 60022 824406 174377 310814 535948 718041 307456 675129 0 657429 725807 894744 353461 462574 782417 997236 351064 800680 823454 926052 699702 292366 717007 824391 14212 764450 7306 509672 602344 44180 659088 978258 518198 222588 554437 665146 697219 806992 399301 903041 442877 659276 308803 544124 522113 834759 199790 349086 455896 814010 99698 601253 566564 247357 810131 114851 918146 541163 528611 642628 854722 979876 724196 514463 290085 29884 893534 421193 539474 495169 821908 186469 878192 932489 556435
264349 460199 203800 340417 215284 526416 604617 567969 917977 329220 799420 80176 787419 408927 753709 62197 749407 122288 786934 852700 667993 779529 648762 821605 187296 189598 968905 897165 349114 207038 389864 972348 773605 657429 0 231892 616178 401708 1890 589040 544331 404154 754816 597422 840890 655237 616391 699224 819299 471650 108578 728978 726664 9091 890423 797617 257270 675540 279236 7675 921451 885640 343538 157313 783769 252497 90100 972473 742741 788737 333826 87796 397508 134649 925802 563620 249672 732736 618965 687224 3177 224367 391067 85277 912806 288702 993046 985471 400337 51547 849983 271430 474747 393076 148733 913743 858230 853740 748479 88663
77986 880348 189522 790910 693324 479401 824092 675365 871459 241127 136270 939641 267096 590554 434677 196541 307602 89651 385318 861046 149797 487361 216715 896702 930389 735045 987853 141668 548149 573052 840033 185514 542957 725807 231892 0 232788 815986 456231 467700 934054 153001 279739 249122 26692 958599 564183 270324 172928 460602 108195 221904 846773 467279 85668 410552 278379 674391 125045 945355 67916 6136 325023 252392 933180 516278 536656 208649 610811 649346 111941 139745 458764 24187 829927 897243 192284 48505 537378 134256 968716 597739 472614 116030 557967 410759 266483 511578 556288 996544 957134 359587 69948 231125 122991 224032 231129 110518 734677 431632
138723 987218 377445 779366 391951 558575 194872 565450 632525 967440 944713 787775 918732 654318 769218 546217 795868 257496 651707 105747 339979 673294 948522 262776 883701 594081 505420 941229 543231 935518 401924 274801 632824 894744 616178 232788 0 793715 698248 988235 127273 281670 519923 801459 669440 339811 406087 675618 548862 418928 719625 721998 645074 565398 892728 712711 258158 126986 174524 904527 210957 183837 221449 98595 951405 166839 740097 587726 741596 823182 436435 268537 341379 244570 505081 425798 453733 320806 549151 395261 643406 721548 538383 616547 786811 465726 429640 486781 615665 163397 960569 407290 549962 179623 138815 8916 487752 485014 195259 201582
549278 59899 795856 573814 420061 927644 359010 449172 611384 732143 557390 617948 957740 2469 644596 708337 261859 457340 840717 157840 756071 280791 235644 351815 234726 427040 165051 57389 593112 223712 495822 207264 214635 353461 401708 815986 793715 0 790288 75301 826694 352688 975423 322511 213246 536094 258598 732077 14905 946492 83071 603519 125573 312923 651177 482150 487557 538181 286796 306610 483596 415543 369912 296728 498221 120517 679923 639035 738037 11421 669506 483409 238706 625215 130944 275370 211200 711063 267111 460691 745107 301579 452668 963874 654764 890126 268466 349669 421056 481969 686506 740348 148598 693143 949264 897728 662751 184212 558537 914861
852884 856893 118151 322437 425175 857344 590472 110121 257882 640258 43770 908392 891748 144681 689108 770170 399436 442647 767689 570260 736651 547780 915114 702941 322056 43451 181902 824013 65339 693004 699379 876506 127330 462574 1890 456231 698248 790288 0 302736 15600 50652 981621 22488 444443 535024 35272 950268 967706 479950 411006 866870 39929 680369 797348 296219 247868 356186 511800 662601 401905 706648 701899 922748 388315 879091 481370 28927 754047 147843 432288 897340 670778 81116 480069 570590 175489 756672 921290 677808 776656 670829 581518 833095 160484 102509 42353 833645 621085 963531 402959 775032 864620 505636 682523 518490 332236 36638 737405 611966
191939 931424 358819 934022 232639 620017 131805 176615 702890 476921 35988 921852 954668 863709 588090 826215 345461 734107 178559 310227 677906 188177 815392 184018 905418 852381 10957 929256 970443 327191 775891 742371 933853 782417 589040 467700 988235 75301 302736 0 135517 390649 615036 16445 975121 105501 685608 116688 214432 559144 78249 951316 176570 823187 122260 350365 979221 274574 513878 41821 108037 917989 633759 406856 126450 559743 631840 994249 797489 896613 39516 603613 271213 711832 833617 516444 315223 846178 659331 701789 10935 50743 265974 836531 872706 415060 350703 838193 998542 99789 964655 789396 697090 994729 687557 855553 132734 547188 615026 364584
984895 339830 394056 890272 307927 425692 556501 642525 723647 981093 921184 675162 149126 40357 349616 56279 902952 615241 962544 677261 527950 181834 502385 962671 803699 978556 634324 98600 384684 634103 149027 268504 401540 997236 544331 934054 127273 826694 15600 135517 0 41533 628950 355183 794183 449550 244627 529153 985183 11173 758560 464730 648830 2103 894160 101352 452085 330986 598286 105178 623201 864093 172947 876203 898505 211086 237293 374512 978120 467185 382039 866337 830953 825056 681197 506890 137385 529104 291388 788337 122995 667701 687822 10792 883953 607537 122120 733780 73916 424321 266511 909743 47321 265849 574720 51584 538816 374177 139241 396974
318711 521757 572441 650882 130858 30145 287665 515257 921009 255597 610116 401044 377695 266881 647879 692555 273928 267859 296872 879907 840482 489055 40675 823235 827532 257764 508109 417790 984500 784379 783320 740426 831990 351064 404154 153001 281670 352688 50652 390649 41533 0 379000 747360 188811 210328 220033 989741 539297 741963 245723 360254 106506 211322 883386 727149 556962 601716 395151 276991 683934 907047 473930 811039 466184 759663 631084 851791 157520 252746 185164 1170 532486 903267 439053 787735 198046 677873 482337 359061 29218 331838 240301 405622 855032 644236 468045 407131 417368 787764 520861 946443 132057 320736 734237 784840 890127 843548 960941 563313
305476 570802 425321 323608 493655 331726 99298 436032 196921 152239 482029 571233 429103 335812 638271 864773 491916 854662 130506 355949 563149 324093 269609 44818 843885 836015 735883 605383 886933 629283 377205 942584 144030 800680 754816 279739 519923 975423 981621 615036 628950 379000 0 778126 114743 702778 205968 377290 910924 961388 136468 782987 684705 308011 908333 1409 623191 466450 812981 91785 89627 461902 811070 495675 61257 281971 201950 895407 738523 431178 359851 318776 592130 711899 493388 221876 686968 769249 166881 464829 842295 233498 24485 119131 552937 114974 449478 982531 501822 755275 901794 907724 921693 990684 354921 897114 526333 572308 530397 854579
509010 315670 111990 424245 127498 325268 225133 447659 875087 221245 441207 419669 806368 839045 808359 520442 39020 707433 980291 428950 139948 153735 102665 711534 99856 673176 535193 869845 537714 44692 347828 439674 246271 823454 597422 249122 801459 322511 22488 16445 355183 747360 778126 0 451746 120005 823690 937070 393978 579168 84837 504892 328201 839797 358570 961052 444613 512921 477818 565154 575582 326738 806746 553776 528097 541047 959722 98395 605465 774867 433878 196677 952834 827720 29798 76731 772924 330460 836379 654047 877471 947684 663744 247008 959985 892776 561257 499615 532562 652797 324472 82117 236580 832179 130833 918164 751375 269576 622727 563492
816647 27749 96 241649 292027 368091 920566 681347 297867 713374 919411 228275 252483 93917 602958 506616 698258 295461 32442 550729 950946 783014 301486 466427 513253 131822 909003 365429 330773 464495 608323 418240 79474 926052 840890 26692 669440 213246 444443 975121 794183 188811 114743 451746 0 991479 113596 174791 138078 701391 794689 880756 534799 804887 767940 787246 912509 361463 597869 231250 861188 69633 564080 361443 983258 873928 104462 902780 247933 396143 449274 250333 266805 928457 700659 260649 667536 645175 854824 59631 552807 150079 856232 33372 24298 263617 297814 552970 685870 72194 531451 217200 705563 664367 372629 951407 782258 36404 325229 165601
571341 641418 866626 12586 793718 690316 478277 775753 149960 190543 861158 544751 228981 45249 363650 456572 121530 271244 83020 763109 701109 929464 808291 130491 195141 865341 925984 287571 570988 283536 245038 374330 538877 699702 655237 958599 339811 536094 535024 105501 449550 210328 702778 120005 991479 0 786296 828852 632032 487449 227491 859490 367986 781515 100226 292165 238281 733759 85528 2209 579907 438202 404047 751278 285954 622502 551533 921798 23491 827771 829777 650457 27027 998088 713942 612545 436942 514602 854849 625780 180104 32579 215005 533288 627979 679668 178966 777970 973655 450431 135307 167651 44799 746130 155387 217093 767252 654510 76254 612231
267039 945401 464606 335360 228611 469025 256361 774470 285958 815076 313950 444491 844931 763465 532312 580168 764794 189775 58553 546391 672419 288536 388988 262464 52358 221054 896791 508805 207831 777342 562610 267048 293501 292366 616391 564183 406087 258598 35272 685608 244627 220033 205968 823690 113596 786296 0 879640 757665 583617 695632 39858 990533 497366 251817 219695 201863 912530 194598 956725 340907 570850 388113 584779 377255 72129 608430 750248 513990 19603 277292 455899 271685 231022 83624 986919 777789 687356 674315 921349 675833 22004 55270 289191 163402 480608 716185 664088 402374 749026 719929 850172 180879 230404 862211 180042 866635 797522 555806 666532
511704 509162 585075 681653 756964 240045 962844 685796 54305 216346 647376 460738 853484 110699 469065 347533 59999 727941 807721 180494 793490 718207 229210 359290 153260 74725 473027 399009 109330 171232 302541 247228 42949 717007 699224 270324 675618 732077 950268 116688 529153 989741 377290 937070 174791 828852 879640 0 16575 391948 910930 679471 713438 216706 992205 666276 559850 239509 563087 497420 74625 699645 851747 952010 94870 773618 29503 443902 830674 188612 97959 576550 500287 613484 108400 188766 149048 222678 916770 524237 67376 518417 120562 434534 60713 665771 661682 878981 106277 620173 21560 275666 222327 332741 207210 816051 32394 744323 454952 709978
770599 595196 16846 415273 679604 333067 14662 335328 692874 751047 293078 409198 119914 204489 883178 193286 866320 729275 957163 164056 588061 622266 401318 630162 641867 569029 203322 869356 746320 322851 666697 248099 289897 824391 819299 172928 548862 14905 967706 214432 985183 539297 910924 393978 138078 632032 757665 16575 0 756565 311640 230345 603916 276956 640186 633777 554360 179711 5729 646872 70911 187529 321737 386538 763497 91655 423640 861096 186190 900055 324389 180966 287030 300424 459623 77268 442260 383737 244801 283086 98500 583158 80252 695190 348653 950725 713488 484239 352754 521821 897299 538041 112575 973626 124471 51781 615615 205326 34975 729851
744628 697208 900737 589706 856487 378127 63070 547575 521390 191152 656387 131698 825356 65197 686205 514550 306684 723031 791166 65351 548782 190962 209287 804323 755316 744869 71884 498847 611554 106167 394440 742706 988966 14212 471650 460602 418928 946492 479950 559144 11173 741963 961388 579168 701391 487449 583617 391948 756565 0 199875 135198 817034 805065 191798 710845 375099 585787 606668 198357 657139 190760 389307 873597 272563 331122 213014 783426 692363 975019 555148 483345 125565 956768 806444 582665 555398 608602 620279 304910 387489 652913 478440 256911 264633 422590 392034 885947 846077 720238 460983 108278 8349 536461 380857 83139 971654 883399 879112 695343
943825 177009 665863 51399 662677 232357 330993 772114 951414 155693 742036 698175 223526 512029 743494 184406 394304 350276 28881 597652 285662 609194 397859 209408 104016 772616 221120 505197 33396 157457 121799 113993 252554 764450 108578 108195 719625 83071 411006 78249 758560 245723 136468 84837 794689 227491 695632 910930 311640 199875 0 33437 942914 147901 451275 760399 194106 881134 905438 53014 815911 222435 85448 268672 331293 368525 232942 663816 777143 534316 25826 792467 420765 784112 389702 820253 880846 737942 628876 49833 180222 226529 443078 46763 161799 698975 906007 683917 402992 692731 883961 352828 839766 155602 84275 687897 974903 163837 128551 1667
955584 1595 758569 88660 1487 60915 897200 272691 450855 741971 365184 958202 584515 264953 926205 863891 117948 677086 583144 700658 735584 712296 205920 221317 728538 561603 600247 858053 619576 579116 1540 360536 19541 7306 728978 221904 721998 603519 866870 951316 464730 360254 782987 504892 880756 859490 39858 679471 230345 135198 33437 0 497356 703358 115931 159845 530968 252419 600942 62536 983532 539954 128828 665817 787548 298018 766589 207814 788408 770015 18896 865644 368417 839333 261254 637760 922112 549473 371276 348972 243729 949617 279218 744273 284736 584371 143013 810509 986362 643205 425342 681999 315619 878172 734959 794416 192759 391261 658335 643877
888787 790831 98263 786084 602285 305697 585471 925912 410502 903029 996594 775094 870996 863506 916891 832201 579209 344174 555667 834208 381773 780927 600906 801799 979416 121774 648040 336603 15540 458111 178308 178902 661916 509672 726664 846773 645074 125573 39929 176570 648830 106506 684705 328201 534799 367986 990533 713438 603916 817034 942914 497356 0 425940 830541 741665 374343 532856 215973 737784 230492 624495 54301 699728 110932 673963 192129 32951 870490 405047 893554 919639 610630 31978 453002 739014 459643 514297 174358 532686 428000 849288 704800 200815 171378 154755 281742 312531 965301 887315 188976 510329 270651 301874 835912 859654 755998 755936 736441 498231
481043 910364 791143 499853 731319 898028 959066 147038 345109 625844 881705 487632 588606 15169 751088 598063 20820 892162 291716 454574 453252 703882 302257 245911 25504 970384 220530 890097 836507 929050 734973 613605 519729 602344 9091 467279 565398 312923 680369 823187 2103 211322 308011 839797 804887 781515 497366 216706 276956 805065 147901 703358 425940 0 142740 879109 295662 252552 9955 984460 582259 600838 497568 887192 94719 729655 151890 736201 781661 574541 72436 374315 385868 259917 510239 447 506471 788967 280911 599681 145066 49820 725967 585796 816955 975738 51395 78781 173262 301652 443555 325669 131876 655065 322596 993698 488240 568864 238845 526493
948049 896245 893203 200807 776211 902137 409943 442542 302987 502974 359012 739238 126277 853427 447527 172547 839637 301291 655220 744626 915474 545721 582240 532342 742896 636145 183261 495217 676683 498720 506215 123926 611110 44180 890423 85668 892728 651177 797348 122260 894160 883386 908333 358570 767940 100226 251817 992205 640186 191798 451275 115931 830541 142740 0 439486 172602 367498 409640 633124 745771 132308 497310 364863 209829 68823 620969 390289 855111 41209 634588 433997 5688 247964 581262 875226 251652 444935 207229 126560 216476 833680 340142 490195 935635 460313 137640 884668 89811 90834 918966 48486 796760 19146 472251 360971 177870 44359 687785 724881
96621 952750 653211 751647 599078 143797 659269 169348 978269 639943 548661 769193 445187 447884 621576 273211 306550 908122 659506 816373 320 158068 893046 951736 857802 418666 574878 88733 68834 744735 753441 239081 533758 659088 797617 410552 712711 482150 296219 350365 101352 727149 1409 961052 787246 292165 219695 666276 633777 710845 760399 159845 741665 879109 439486 0 422198 637126 845982 8425 86852 120282 977059 491173 610335 127541 141554 853285 104236 876517 384014 984493 981614 970791 146285 110264 161789 472859 18444 553636 304670 166248 522093 627376 534473 687844 311846 724620 785179 514567 947607 231379 686748 661859 516282 198777 639725 57141 83364 725863
853262 501854 445622 910698 449040 737388 136013 254365 744197 774590 168306 925501 322981 966323 327297 858479 990348 164812 388447 238704 578361 348906 747771 174982 292882 514437 404307 679748 463575 326758 647314 695096 690970 978258 257270 278379 258158 487557 247868 979221 452085 556962 623191 444613 912509 238281 201863 559850 554360 375099 194106 530968 374343 295662 172602 422198 0 534613 904492 34370 130409 824567 270947 92260 100220 341896 5221 47780 565109 480360 465505 291726 862762 556350 337208 580343 819192 608605 571223 338163 445147 362203 838047 380554 895896 479794 969271 783951 278178 837045 416877 441232 870575 387011 235499 626655 604385 578951 911517 516799
808676 84863 876354 291737 664760 487846 460819 387317 364870 700906 576419 766636 420307 788991 997751 454749 433412 353499 259742 564952 534923 503597 171349 805036 838983 249654 952747 574815 71138 526475 609001 210381 343662 518198 675540 674391 126986 538181 356186 274574 330986 601716 466450 512921 361463 733759 912530 239509 179711 585787 881134 252419 532856 252552 367498 637126 534613 0 991781 775068 45082 187595 756057 993424 986146 868710 559237 75792 103142 386792 106500 799807 14908 123978 336666 109388 240222 742996 734372 694519 674240 622980 488249 964672 259039 522892 306859 419754 343414 113929 171364 457731 149488 286495 588309 291130 63255 904475 235053 596152
599856 37964 49724 376919 238418 630160 163628 523290 713533 578332 929805 112439 843537 95981 452444 791717 163597 885701 282932 454071 686431 923232 524362 462325 953883 187258 89669 43527 234851 931210 54927 562189 504287 222588 279236 125045 174524 286796 511800 513878 598286 395151 812981 477818 597869 85528 194598 563087 5729 606668 905438 600942 215973 9955 409640 845982 904492 991781 0 991840 658041 137889 652544 472528 573472 852740 210075 424438 69390 477921 802344 559617 70053 646081 573325 194083 890551 62220 957998 201925 163672 410258 878731 15980 698844 884154 722802 738911 672949 968108 789663 1429 385035 760195 289613 56407 671581 639485 576864 961913
382569 415802 628444 797318 206289 359686 279669 403298 185231 132876 240146 347877 779693 631160 172024 825342 227901 45404 687213 414500 288029 556991 789037 278583 195159 57040 425343 628321 162396 12536 738174 773249 549951 554437 7675 945355 904527 306610 662601 41821 105178 276991 91785 565154 231250 2209 956725 497420 646872 198357 53014 62536 737784 984460 633124 8425 34370 775068 991840 0 505373 51266 197548 905599 280652 303727 567654 535763 385226 570896 5568 62067 397447 630423 904460 97690 248662 5892 343954 789062 357592 599456 647529 619211 195501 164759 853023 749943 942347 796978 618191 787261 618684 749194 351008 440682 761279 938764 716928 756775
388416 268735 761546 129168 209702 628165 836535 225025 281522 514976 186796 298703 267657 37011 108502 277783 248357 214015 807599 101004 756445 50014 332287 556039 171946 126946 106968 932514 121574 449315 639640 309984 499362 665146 921451 67916 210957 483596 401905 108037 623201 683934 89627 575582 861188 579907 340907 74625 70911 657139 815911 983532 230492 582259 745771 86852 130409 45082 658041 505373 0 543711 771654 312608 912737 735461 715991 438271 723491 64773 356982 65825 717313 224720 743782 464132 502891 825808 250754 58839 868593 962032 858761 581687 32587 272680 39161 666182 57311 849390 272120 680723 516025 356558 666602 117735 252311 868371 674629 121552
464980 656478 299812 872352 195202 428954 843865 870591 190975 666906 99847 393507 905569 53821 931650 367663 24578 32326 511599 941446 152705 466729 801199 337924 572764 131488 621069 600115 997992 732300 826394 359461 256032 697219 885640 6136 183837 415543 706648 917989 864093 907047 461902 326738 69633 438202 570850 699645 187529 190760 222435 539954 624495 600838 132308 120282 824567 187595 137889 51266 543711 0 825330 329023 806423 5953 825644 572281 70469 930328 590043 522091 197694 142858 47819 850977 518987 193121 266636 137299 524832 141082 305957 740424 159125 363067 111326 329765 656416 774469 385134 302520 56724 917329 527523 519618 238694 136975 13990 549027
412926 101657 456594 320684 189723 341566 568607 528532 378603 872752 669217 889206 517798 884274 971083 596698 48845 270732 494203 968518 11518 152567 512777 313194 868702 714295 56551 394287 758907 938452 239543 717820 923226 806992 343538 325023 221449 369912 701899 633759 172947 473930 811070 806746 564080 404047 388113 851747 321737 389307 85448 128828 54301 497568 497310 977059 270947 756057 652544 197548 771654 825330 0 755365 360040 2422 118721 865649 361140 500123 419386 839775 498453 603588 448295 966372 695321 577574 942647 972281 459465 193238 455588 312183 810193 79062 946658 110280 888645 915331 494004 8085 564014 691422 411502 131956 297697 496951 664713 232291
191065 155910 361521 452737 131805 655624 688836 406638 644428 115809 275971 509850 872664 599762 297970 192276 775761 541817 531929 317099 433053 736935 87892 346254 828616 890793 114585 745612 400377 3415 874616 701623 429490 399301 157313 252392 98595 296728 922748 406856 876203 811039 495675 553776 361443 751278 584779 952010 386538 873597 268672 665817 699728 887192 364863 491173 92260 993424 472528 905599 312608 329023 755365 0 516740 32998 188648 334523 967448 617174 974561 578557 544451 664922 171399 646243 792402 46271 325796 710493 280214 438711 9258 999077 528873 24457 188472 973504 378670 897650 451107 760358 969972 178667 103498 152755 917555 355473 688364 197256
898324 128096 802134 492492 973145 590958 256875 839062 211564 464718 290588 60929 245055 506235 342118 924656 955336 422536 370870 584159 780295 997455 577517 782640 242504 898884 981882 692102 287932 720986 541984 756543 72343 903041 783769 933180 951405 498221 388315 126450 898505 466184 61257 528097 983258 285954 377255 94870 763497 272563 331293 787548 110932 94719 209829 610335 100220 986146 573472 280652 912737 806423 360040 516740 0 543158 426231 620450 862481 603486 633223 809819 795804 106120 336083 982297 12412 594136 501086 661569 152369 423139 16228 795613 619236 42403 679602 212683 165370 739720 991083 838304 885351 993319 63128 956610 845153 842661 176862 517186
893048 119571 37105 769411 505764 638157 913625 614322 188562 991067 82843 765585 311549 356994 262611 114066 632468 989784 564446 531422 924651 653756 215713 574212 102215 517680 609474 318063 412865 248733 839920 601061 441603 442877 252497 516278 166839 120517 879091 559743 211086 759663 281971 541047 873928 622502 72129 773618 91655 331122 368525 298018 673963 729655 68823 127541 341896 868710 852740 303727 735461 5953 2422 32998 543158 0 709899 506446 111037 362478 545704 311571 153697 281472 784268 598581 20301 134537 630264 314959 666183 658094 245814 992848 673441 277048 341660 354471 314717 610758 749719 901264 666211 139360 839798 884964 729542 420071 440518 18327
615814 931264 176257 574899 873096 480989 784207 72727 656754 265455 868596 442207 616291 149744 905381 28439 395307 75448 399605 842742 980246 443895 478997 991114 613302 48648 526332 679071 141420 389142 110084 498246 536156 659276 90100 536656 740097 679923 481370 631840 237293 631084 201950 959722 104462 551533 608430 29503 423640 213014 232942 766589 192129 151890 620969 141554 5221 559237 210075 567654 715991 825644 118721 188648 426231 709899 0 196886 992006 207118 640931 826499 207871 756048 537746 642006 903672 771845 938448 216425 201699 377354 460521 532980 799059 966757 982218 170473 525867 441314 507936 992741 325020 716446 398917 866952 478745 890399 366330 102152
353712 948295 631370 331732 573294 414089 828020 21370 793439 378372 307133 175053 626526 952787 40915 15941 468625 960822 921849 651517 223743 612828 315545 961232 473703 171545 899297 727358 523791 264706 291699 355034 256940 308803 972473 208649 587726 639035 28927 994249 374512 851791 895407 98395 902780 921798 750248 443902 861096 783426 663816 207814 32951 736201 390289 853285 47780 75792 424438 535763 438271 572281 865649 334523 620450 506446 196886 0 307107 973068 936324 606283 518621 151825 88498 465597 181920 801362 158656 299353 130909 201649 519514 200438 428726 636529 822123 544158 443510 753137 963046 887121 451100 978053 325575 271026 386843 349160 616258 105836
490569 58149 744621 156029 699455 431733 944864 231560 195227 601010 447627 303934 836652 950293 909288 48119 574640 322679 254325 494386 983685 621310 542876 409234 785530 587229 756241 951390 868887 468990 164891 157575 867070 544124 742741 610811 741596 738037 754047 797489 978120 157520 738523 605465 247933 23491 513990 830674 186190 692363 777143 788408 870490 781661 855111 104236 565109 103142 69390 385226 723491 70469 361140 967448 862481 111037 992006 307107 0 434134 980031 42757 432803 600682 748964 93819 648672 600341 968367 967025 659845 172999 562724 491226 783193 64609 954138 530049 631628 46493 588599 317361 69053 598305 313997 35629 525109 291522 600831 644187
115952 161423 396327 407651 113507 845979 766861 807404 36723 399128 690374 117485 926208 80904 381783 170142 189464 483800 554429 91099 609368 445764 800000 212748 384135 367388 922773 284573 186394 493495 599680 381619 111880 522113 788737 649346 823182 11421 147843 896613 467185 252746 431178 774867 396143 827771 19603 188612 900055 975019 534316 770015 405047 574541 41209 876517 480360 386792 477921 570896 64773 930328 500123 617174 603486 362478 207118 973068 434134 0 169984 467072 288479 172529 383592 39204 957718 594238 842905 260451 399329 382385 963084 327322 521633 638540 116790 176010 69566 154436 832491 407114 578307 933021 57599 757092 818105 600448 231218 945100
48272 27793 94669 25028 162054 879583 869091 570915 193804 363438 510093 83373 44426 422675 569936 936747 659287 676972 781696 305769 816158 689652 251254 549005 710569 419557 590275 862273 319702 355539 759084 25856 919534 834759 333826 111941 436435 669506 432288 39516 382039 185164 359851 433878 449274 829777 277292 97959 324389 555148 25826 18896 893554 72436 634588 384014 465505 106500 802344 5568 356982 590043 419386 974561 633223 545704 640931 936324 980031 169984 0 76065 705705 5586 224601 812461 330903 162991 511065 418346 430209 952183 424437 328359 243403 205692 317752 533284 834613 113758 487989 467305 977959 52223 720273 58255 129550 976712 723895 205456
301205 874494 144284 159123 396668 89822 784153 672523 890479 852076 953762 180059 618778 218203 891717 905273 954751 928867 85442 178479 355864 422302 130788 839973 103558 27684 878465 160023 197344 654497 236922 586199 182193 199790 87796 139745 268537 483409 897340 603613 866337 1170 318776 196677 250333 650457 455899 576550 180966 483345 792467 865644 919639 374315 433997 984493 291726 799807 559617 62067 65825 522091 839775 578557 809819 311571 826499 606283 42757 467072 76065 0 626849 638276 745808 432244 84648 364042 723225 624249 985540 745748 695626 572742 617040 10310 441772 203431 565987 240970 829505 543073 395959 640946 736995 124290 578295 859923 819214 902223
706780 579665 545540 717172 412988 648246 436415 531586 531142 725225 962433 334432 42772 518475 88141 895260 451088 389049 582510 639609 734372 907919 110026 222276 46303 943662 929956 941439 874896 518071 989803 435955 81732 349086 397508 458764 341379 238706 670778 271213 830953 532486 592130 952834 266805 27027 271685 500287 287030 125565 420765 368417 610630 385868 5688 981614 862762 14908 70053 397447 717313 197694 498453 544451 795804 153697 207871 518621 432803 288479 705705 626849 0 793046 812218 664408 836778 572046 107927 325751 76570 840187 537281 724983 942405 296378 374783 165537 689734 6667 734648 619875 1404 421847 931565 445268 527344 279769 870 870233
973044 162126 437126 806612 246249 205869 305006 362849 987464 39257 519956 65000 989082 135534 222838 207703 770131 460133 695711 109562 266557 776242 383300 296319 978389 15843 531755 719272 826472 156257 709557 525377 607474 455896 134649 24187 244570 625215 81116 711832 825056 903267 711899 827720 928457 998088 231022 613484 300424 956768 784112 839333 31978 259917 247964 970791 556350 123978 646081 630423 224720 142858 603588 664922 106120 281472 756048 151825 600682 172529 5586 638276 793046 0 968179 165350 424715 12956 428754 376017 222454 687804 761447 104299 236370 957339 234668 263328 444275 329035 701120 199946 320733 496518 653218 757020 698976 884730 174668 721290
959605 328433 159431 597260 747592 437731 187632 30923 612602 580873 468284 282798 546217 361934 697429 971368 971566 235098 740244 855050 326641 212842 608293 664810 147679 9460 732829 98143 253105 666073 376235 485739 76777 814010 925802 829927 505081 130944 480069 833617 681197 439053 493388 29798 700659 713942 83624 108400 459623 806444 389702 261254 453002 510239 581262 146285 337208 336666 573325 904460 743782 47819 448295 171399 336083 784268 537746 88498 748964 383592 224601 745808 812218 968179 0 336364 644919 755070 552304 105616 179120 455295 759645 137859 863554 71145 520350 65373 582352 242212 977423 926454 24624 733018 505210 361205 100498 86135 5459 554737
354656 221664 16505 569842 118201 943957 173540 377033 721770 300655 376064 699981 871197 605179 23986 142262 519077 539487 365415 912403 335403 649207 674809 899376 488813 711835 258409 593164 299726 898937 855561 83220 838150 99698 563620 897243 425798 275370 570590 516444 506890 787735 221876 76731 260649 612545 986919 188766 77268 582665 820253 637760 739014 447 875226 110264 580343 109388 194083 97690 464132 850977 966372 646243 982297 598581 642006 465597 93819 39204 812461 432244 664408 165350 336364 0 340528 410974 647911 423192 808438 31752 972941 820965 858209 308318 960970 231463 949710 836534 980402 327301 122476 199783 21689 339709 293703 356864 646256 422001
620215 909410 248474 277538 21418 925087 952811 253684 259482 270346 697570 167889 51920 288732 148097 299459 207315 358116 892454 14592 440554 858453 175837 862589 711453 791010 601750 211385 718194 454972 805748 690182 349477 601253 249672 192284 453733 211200 175489 315223 137385 198046 686968 772924 667536 436942 777789 149048 442260 555398 880846 922112 459643 506471 251652 161789 819192 240222 890551 248662 502891 518987 695321 792402 12412 20301 903672 181920 648672 957718 330903 84648 836778 424715 644919 340528 0 661479 907074 421743 840136 806782 754443 768595 959548 42830 877075 784493 690099 893647 95211 136147 548941 668890 861742 576479 81751 630544 462392 350021
25605 874879 618422 113704 726865 489165 229872 336549 73316 335842 892336 727626 518577 756954 638706 762581 516967 731027 969132 373402 751691 728937 581713 300187 918525 296093 207746 29051 447329 791255 877333 68895 107514 566564 732736 48505 320806 711063 756672 846178 529104 677873 769249 330460 645175 514602 687356 222678 383737 608602 737942 549473 514297 788967 444935 472859 608605 742996 62220 5892 825808 193121 577574 46271 594136 134537 771845 801362 600341 594238 162991 364042 572046 12956 755070 410974 661479 0 368010 650024 750925 76965 806872 126683 508843 417433 861931 405798 931591 276412 959178 590368 993615 959712 631794 102794 423369 784737 129144 854058
331037 576450 21605 855492 440733 634337 44942 971862 879 193595 775297 36659 916683 678564 783747 771848 755441 796389 574795 370730 675701 242763 731964 735694 720410 580070 655679 481258 607161 880591 26959 182264 278146 247357 618965 537378 549151 267111 921290 659331 291388 482337 166881 836379 854824 854849 674315 916770 244801 620279 628876 371276 174358 280911 207229 18444 571223 734372 957998 343954 250754 266636 942647 325796 501086 630264 938448 158656 968367 842905 511065 723225 107927 428754 552304 647911 907074 368010 0 791224 564161 297791 813028 604818 252282 394629 593440 387891 900068 266729 348512 964322 985171 513196 286891 163983 491116 903314 358496 486269
713758 712893 30883 543914 392445 491679 102209 258507 172806 645669 202119 553334 289555 432795 965473 205518 745513 258533 309982 265105 173992 436171 135694 838380 496397 665696 595328 114980 743792 277267 200696 966038 397716 810131 687224 134256 395261 460691 677808 701789 788337 359061 464829 654047 59631 625780 921349 524237 283086 304910 49833 348972 532686 599681 126560 553636 338163 694519 201925 789062 58839 137299 972281 710493 661569 314959 216425 299353 967025 260451 418346 624249 325751 376017 105616 423192 421743 650024 791224 0 244965 543535 495490 880551 470048 986870 411365 966194 818849 190027 424397 651756 231653 932311 224835 73384 982623 137104 845600 378993
397156 689960 149349 231324 402443 692546 368367 529902 891436 51026 772022 737496 447760 464834 940537 374180 131065 130568 701070 154850 894943 491686 669097 816085 800585 838219 784503 143325 432951 650766 735592 356119 251712 114851 3177 968716 643406 745107 776656 10935 122995 29218 842295 877471 552807 180104 675833 67376 98500 387489 180222 243729 428000 145066 216476 304670 445147 674240 163672 357592 868593 524832 459465 280214 152369 666183 201699 130909 659845 399329 430209 985540 76570 222454 179120 808438 840136 750925 564161 244965 0 964816 980666 317444 267859 582489 949443 492845 706677 384800 803897 609847 68594 543728 397526 18925 435338 815261 261814 722143
862948 257031 62391 310858 674456 358417 868807 420284 693604 843438 177263 572382 466128 965775 762427 90442 382142 229723 927599 553116 647015 123545 714488 137942 404381 56645 30874 952760 43011 399454 485217 613166 360021 918146 224367 597739 721548 301579 670829 50743 667701 331838 233498 947684 150079 32579 22004 518417 583158 652913 226529 949617 849288 49820 833680 166248 362203 622980 410258 599456 962032 141082 193238 438711 423139 658094 377354 201649 172999 382385 952183 745748 840187 687804 455295 31752 806782 76965 297791 543535 964816 0 63191 128357 935869 709651 248360 351814 626570 509729 637168 923694 501416 449746 656724 939173 212538 998046 850337 507004
823510 78037 792848 982677 861515 440837 214253 697689 768731 370004 346037 23746 386222 61214 87316 917392 514884 796156 977433 527492 558582 541106 376319 74163 173818 174130 624224 153294 133335 105033 898825 519992 759962 541163 391067 472614 538383 452668 581518 265974 687822 240301 24485 663744 856232 215005 55270 120562 80252 478440 443078 279218 704800 725967 340142 522093 838047 488249 878731 647529 858761 305957 455588 9258 16228 245814 460521 519514 562724 963084 424437 695626 537281 761447 759645 972941 754443 806872 813028 495490 980666 63191 0 195417 293760 845106 627037 710843 657551 646360 506967 113877 978887 294401 631466 205416 294338 745662 828908 677135
633933 264673 688841 410072 158575 614925 861015 491779 938581 69990 441830 426959 911159 9820 218658 315256 610094 193548 180615 812055 243804 923912 143363 291441 785623 110116 29607 58546 937339 947200 541547 989935 318551 528611 85277 116030 616547 963874 833095 836531 10792 405622 119131 247008 33372 533288 289191 434534 695190 256911 46763 744273 200815 585796 490195 627376 380554 964672 15980 619211 581687 740424 312183 999077 795613 992848 532980 200438 491226 327322 328359 572742 724983 104299 137859 820965 768595 126683 604818 880551 317444 128357 195417 0 405660 317333 122818 914003 247042 100183 855121 490593 120675 38429 202019 816346 998820 80249 189172 943872
709512 936865 598016 785401 676771 202634 450652 186392 819219 182056 451367 716041 695621 239812 833825 342433 203456 209359 135729 516498 237623 835938 399577 892932 621588 18398 258350 898917 971229 848869 328113 476783 887014 642628 912806 557967 786811 654764 160484 872706 883953 855032 552937 959985 24298 627979 163402 60713 348653 264633 161799 284736 171378 816955 935635 534473 895896 259039 698844 195501 32587 159125 810193 528873 619236 673441 799059 428726 783193 521633 243403 617040 942405 236370 863554 858209 959548 508843 252282 470048 267859 935869 293760 405660 0 887522 10366 660039 978219 428249 430686 950023 916395 404349 908812 675369 406596 78726 231021 144739
530681 416823 993739 382517 51743 180153 142594 828662 634204 395314 435304 777358 269930 375463 809347 506207 739738 233907 753761 235455 718852 590612 250954 40459 504577 573205 601990 86769 363768 192875 553218 918145 784280 854722 288702 410759 465726 890126 102509 415060 607537 644236 114974 892776 263617 679668 480608 665771 950725 422590 698975 584371 154755 975738 460313 687844 479794 522892 884154 164759 272680 363067 79062 24457 42403 277048 966757 636529 64609 638540 205692 10310 296378 957339 71145 308318 42830 417433 394629 986870 582489 709651 845106 317333 887522 0 685209 848496 992211 234789 822575 435133 738972 820017 466843 141097 394539 586767 806174 517858
570459 72761 172588 150023 824046 956372 973921 847722 352068 513937 983019 573063 89504 112933 600754 884947 991279 563402 542826 896826 819917 95470 248188 28879 183433 285129 257048 679561 172977 804105 603999 11444 423973 979876 993046 266483 429640 268466 42353 350703 122120 468045 449478 561257 297814 178966 716185 661682 713488 392034 906007 143013 281742 51395 137640 311846 969271 306859 722802 853023 39161 111326 946658 188472 679602 341660 982218 822123 954138 116790 317752 441772 374783 234668 520350 960970 877075 861931 593440 411365 949443 248360 627037 122818 10366 685209 0 348485 993996 880131 779720 677391 605452 394155 77814 383189 452027 253470 888040 422131
563577 805574 89138 125290 184125 667482 226523 233228 840261 387916 412264 624469 280807 429087 273698 322774 918146 900772 714451 548166 702009 944521 53017 733603 960025 282625 532766 482043 558656 700064 328743 25190 751832 724196 985471 511578 486781 349669 833645 838193 733780 407131 982531 499615 552970 777970 664088 878981 484239 885947 683917 810509 312531 78781 884668 724620 783951 419754 738911 749943 666182 329765 110280 973504 212683 354471 170473 544158 530049 176010 533284 203431 165537 263328 65373 231463 784493 405798 387891 966194 492845 351814 710843 914003 660039 848496 348485 0 446887 573808 801666 743960 347914 195302 806839 305203 239707 430192 285718 652145
601301 892312 972799 415229 907912 758161 208014 988245 981714 204303 868887 817530 383254 931054 33914 462209 44572 588579 485867 731951 443186 496800 131486 806287 432190 593937 165087 417064 560138 627361 35298 741178 613808 514463 400337 556288 615665 421056 621085 998542 73916 417368 501822 532562 685870 973655 402374 106277 352754 846077 402992 986362 965301 173262 89811 785179 278178 343414 672949 942347 57311 656416 888645 378670 165370 314717 525867 443510 631628 69566 834613 565987 689734 444275 582352 949710 690099 931591 900068 818849 706677 626570 657551 247042 978219 992211 993996 446887 0 963428 274684 547564 952461 788036 139060 533309 892446 558350 345976 392612
413070 269531 878822 435039 783784 206771 463355 347294 371644 310422 639213 834976 791797 911022 699742 566490 784464 875044 236045 641789 791776 486428 131355 94606 18492 629126 344871 102610 363920 187101 589491 312201 954378 290085 51547 996544 163397 481969 963531 99789 424321 787764 755275 652797 72194 450431 749026 620173 521821 720238 692731 643205 887315 301652 90834 514567 837045 113929 968108 796978 849390 774469 915331 897650 739720 610758 441314 753137 46493 154436 113758 240970 6667 329035 242212 836534 893647 276412 266729 190027 384800 509729 646360 100183 428249 234789 880131 573808 963428 0 28277 839743 820842 934721 58920 163186 202246 861895 654931 547005
269973 462055 395517 159363 896341 490101 390508 456736 760517 635138 474525 852634 979802 245798 605314 590191 804790 427849 801426 570359 14798 287192 535229 51671 258818 453684 304204 130402 571197 610053 769022 519380 827439 29884 849983 957134 960569 686506 402959 964655 266511 520861 901794 324472 531451 135307 719929 21560 897299 460983 883961 425342 188976 443555 918966 947607 416877 171364 789663 618191 272120 385134 494004 451107 991083 749719 507936 963046 588599 832491 487989 829505 734648 701120 977423 980402 95211 959178 348512 424397 803897 637168 506967 855121 430686 822575 779720 801666 274684 28277 0 926294 915238 574287 196355 603571 660721 445502 263270 85497
756368 291372 592651 32100 151950 46556 275492 487407 351911 741008 608203 518696 550745 582295 716324 58944 664110 846805 668053 247829 479451 203899 389743 339253 542549 979259 210578 873257 584382 658580 910284 239181 957769 893534 271430 359587 407290 740348 775032 789396 909743 946443 907724 82117 217200 167651 850172 275666 538041 108278 352828 681999 510329 325669 48486 231379 441232 457731 1429 787261 680723 302520 8085 760358 838304 901264 992741 887121 317361 407114 467305 543073 619875 199946 926454 327301 136147 590368 964322 651756 609847 923694 113877 490593 950023 435133 677391 743960 547564 839743 926294 0 989515 913597 761137 308025 3632 178171 77172 884589
965192 317807 200454 117822 261614 340193 414322 785741 352707 549641 585608 135905 459308 154564 857667 236155 836016 623321 311508 206125 979893 384229 143789 24418 522491 666136 395530 90344 354119 66932 114270 532536 196530 421193 474747 69948 549962 148598 864620 697090 47321 132057 921693 236580 705563 44799 180879 222327 112575 8349 839766 315619 270651 131876 796760 686748 870575 149488 385035 618684 516025 56724 564014 969972 885351 666211 325020 451100 69053 578307 977959 395959 1404 320733 24624 122476 548941 993615 985171 231653 68594 501416 978887 120675 916395 738972 605452 347914 952461 820842 915238 989515 0 117031 13711 525632 639744 160158 406823 236409
41248 726964 898911 719903 863078 757703 173343 919276 913360 440332 647889 972235 449006 708953 233567 316019 889783 874630 763855 377257 486782 863871 385875 533678 967571 602640 938824 664464 50825 162095 871169 965985 773233 539474 393076 231125 179623 693143 505636 994729 265849 320736 990684 832179 664367 746130 230404 332741 973626 536461 155602 878172 301874 655065 19146 661859 387011 286495 760195 749194 356558 917329 691422 178667 993319 139360 716446 978053 598305 933021 52223 640946 421847 496518 733018 199783 668890 959712 513196 932311 543728 449746 294401 38429 404349 820017 394155 195302 788036 934721 574287 913597 117031 0 963104 824566 829614 699183 915197 833102
307402 510539 679647 531641 98579 792903 901819 399587 419268 813507 864992 150704 837747 580338 311892 110720 162694 899243 928606 135621 822531 213535 874538 121002 327764 792408 356534 761781 43588 389611 479241 294709 705140 495169 148733 122991 138815 949264 682523 687557 574720 734237 354921 130833 372629 155387 862211 207210 124471 380857 84275 734959 835912 322596 472251 516282 235499 588309 289613 351008 666602 527523 411502 103498 63128 839798 398917 325575 313997 57599 720273 736995 931565 653218 505210 21689 861742 631794 286891 224835 397526 656724 631466 202019 908812 466843 77814 806839 139060 58920 196355 761137 13711 963104 0 980659 621957 954124 314075 537484
407679 242402 572292 718113 556404 455363 861174 549478 31828 128003 111766 487513 590021 992917 386633 165105 298813 907850 664069 220001 37516 204783 332662 232277 901426 133744 534991 77754 513920 71023 350305 884041 526880 821908 913743 224032 8916 897728 518490 855553 51584 784840 897114 918164 951407 217093 180042 816051 51781 83139 687897 794416 859654 993698 360971 198777 626655 291130 56407 440682 117735 519618 131956 152755 956610 884964 866952 271026 35629 757092 58255 124290 445268 757020 361205 339709 576479 102794 163983 73384 18925 939173 205416 816346 675369 141097 383189 305203 533309 163186 603571 308025 525632 824566 980659 0 254181 925218 963133 418159
73542 917300 574802 502897 863707 658676 992631 624787 175274 44958 824349 81615 881479 428967 634378 10949 458914 557456 591092 210002 743759 21337 174405 35917 624621 439696 847210 983395 432649 587745 464877 255524 375145 186469 858230 231129 487752 662751 332236 132734 538816 890127 526333 751375 782258 767252 866635 32394 615615 971654 974903 192759 755998 488240 177870 639725 604385 63255 671581 761279 252311 238694 297697 917555 845153 729542 478745 386843 525109 818105 129550 578295 527344 698976 100498 293703 81751 423369 491116 982623 435338 212538 294338 998820 406596 394539 452027 239707 892446 202246 660721 3632 639744 829614 621957 254181 0 87255 133381 419140
351036 791060 386182 41622 863015 557747 267865 16127 232120 442334 346756 275250 970018 558838 365908 495354 25366 24144 923644 652441 265611 681675 521058 750540 309054 689941 491451 445884 962710 378389 86780 790477 306131 878192 853740 110518 485014 184212 36638 547188 374177 843548 572308 269576 36404 654510 797522 744323 205326 883399 163837 391261 755936 568864 44359 57141 578951 904475 639485 938764 868371 136975 496951 355473 842661 420071 890399 349160 291522 600448 976712 859923 279769 884730 86135 356864 630544 784737 903314 137104 815261 998046 745662 80249 78726 586767 253470 430192 558350 861895 445502 178171 160158 699183 954124 925218 87255 0 684039 254412
729317 535465 315723 817303 548673 936761 511048 444646 104983 738885 647098 16181 566157 67409 455641 201929 613421 707625 888976 830217 106568 686239 949625 59869 964917 595996 873944 587355 120977 621062 14130 403339 88052 932489 748479 734677 195259 558537 737405 615026 139241 960941 530397 622727 325229 76254 555806 454952 34975 879112 128551 658335 736441 238845 687785 83364 911517 235053 576864 716928 674629 13990 664713 688364 176862 440518 366330 616258 600831 231218 723895 819214 870 174668 5459 646256 462392 129144 358496 845600 261814 850337 828908 189172 231021 806174 888040 285718 345976 654931 263270 77172 406823 915197 314075 963133 133381 684039 0 910036
896226 13590 591634 964025 315852 635820 863633 613339 547879 58605 948522 827448 513660 374269 984899 729650 583355 722920 554167 139178 459951 754706 15342 564053 123495 346104 335759 142179 493299 381017 604187 988310 722836 556435 88663 431632 201582 914861 611966 364584 396974 563313 854579 563492 165601 612231 666532 709978 729851 695343 1667 643877 498231 526493 724881 725863 516799 596152 961913 756775 121552 549027 232291 197256 517186 18327 102152 105836 644187 945100 205456 902223 870233 721290 554737 422001 350021 854058 486269 378993 722143 507004 677135 943872 144739 517858 422131 652145 392612 547005 85497 884589 236409 833102 537484 418159 419140 254412 910036 0
