100
5670 5670 5670 5670 5670 5670 5670 5670 5670 5670 5670 5670 5670 5670 5670 5670 5670 5670 5670 5670 5670 5670 5670 5670 5670 5670 5670 5670 5670 5670 5670 5670 5670 5670 5670 5670 5670 5670 5670 5670 5670 5670 5670 5670 5670 5670 5670 5670 5670 5670 5670 5670 5670 5670 5670 5670 5670 5670 5670 5670 5670 5670 5670 5670 5670 5670 5670 5670 5670 5670 5670 5670 5670 5670 5670 5670 5670 5670 5670 5670 5670 5670 5670 5670 5670 5670 5670 5670 5670 5670 5670 5670 5670 5670 5670 5670 5670 5670 5670 5670
0 814106 76874 74285 357591 150749 220845 719516 836531 749897 19898 653922 765244 471078 159105 668999 185927 302104 156018 32929 154707 470573 417409 608622 240486 241905 122026 762788 231524 498843 783750 708798 185299 698464 698923 822637 744494 107898 428990 485268 725618 555936 700610 994937 244983 627618 530020 2237 229954 274889 348437 799774 766190 233122 555891 864562 927595 864366 337657 255033 664987 614558 741616 551831 260742 42937 155663 116141 484064 832432 780369 148930 207756 268910 360390 779247 850965 933979 923981 663407 609269 818512 343162 348707 539148 546521 744395 77674 247397 279030 72545 183302 423145 328098 415494 881178 702560 730594 96240 385672
814106 0 44341 955405 837411 220456 511203 499400 36799 174002 277253 73499 917579 270789 294185 719755 72508 26986 62182 254924 92397 434528 369723 549474 274961 499610 953843 488070 628605 504156 91920 976175 76463 389585 493311 231804 477370 241360 556553 900067 320829 570726 606641 861836 903004 656406 437665 784587 138740 349170 731477 520558 623767 582365 712907 451732 631954 919762 252606 948302 411556 924510 788460 138645 720260 476253 189114 230733 818519 622713 502772 920280 820963 669320 256205 873758 230488 253547 517614 635716 758826 193469 639488 237425 848652 567654 215636 234150 686900 338663 20078 769375 597045 188802 663201 25130 301059 645958 23279 877558
76874 44341 0 961475 871886 751132 915818 596836 152147 220205 624878 162192 220863 384516 108987 424421 296423 121525 299895 491237 536998 913558 25899 595716 58009 362090 138823 294447 969769 917647 932999 21585 101451 91868 733741 642861 843571 972797 446574 968544 691943 846809 781722 938993 272144 592863 302447 711555 528173 255071 907035 615405 689018 934913 804107 363887 421916 181067 138116 190477 181653 488540 713876 408996 127906 447710 354317 740432 441464 365201 585290 509140 990125 960759 918148 938664 460545 412750 612485 946159 68025 191857 815513 366669 458903 467702 261475 422500 635476 654202 145335 415371 70755 202194 251454 56490 264351 855992 372502 908443
74285 955405 961475 0 454695 267929 166611 195842 919639 334404 686847 171184 461360 417806 377677 280946 956966 729814 690391 614245 324129 271836 887321 283850 19211 756827 350987 133334 476906 723746 887107 137715 653791 162732 894314 855173 29337 229107 342106 195068 839550 323258 640642 79941 703585 376218 952384 810176 767866 130840 761367 485174 274235 752261 928223 772654 676308 621915 260548 201337 823199 966378 334590 872977 243455 625900 882748 640518 368296 480323 697616 953996 886960 930377 420674 103383 161853 535329 413397 847616 266102 576959 376355 65481 71906 99841 600939 865275 393522 267505 348344 503721 531700 558306 209790 863681 125240 315288 672393 767485
357591 837411 871886 454695 0 917591 844476 433884 497701 917679 250477 738402 64284 187055 360161 550053 482375 255803 427292 784966 164438 978617 397327 330564 203622 199744 264936 915120 403890 746286 75000 707543 28522 490032 273825 891719 964988 760918 773899 805649 475367 521911 735646 982567 443750 90546 804163 897516 493755 912264 124800 691809 1993 517114 965117 784849 737036 416469 871863 449758 588348 902396 242150 454593 516147 431266 591625 922350 870943 398502 703546 868009 17351 894531 848631 57228 587459 598368 190868 204246 635182 460576 784608 94923 804048 953197 466108 638836 995035 647778 155439 551737 722092 980763 611701 530598 510783 269856 45958 758153
150749 220456 751132 267929 917591 0 488170 2911 636795 393187 76568 857780 457982 24296 45757 58095 382648 482209 598885 929927 774100 430988 5014 518522 566047 774667 180709 403496 783808 419954 602057 962838 504225 76569 360871 26962 940775 641722 87713 838321 841418 385564 914499 588685 1982 233931 498413 236403 408850 417491 751614 362654 940629 133227 104247 374671 142308 550586 560022 195827 625205 904602 313482 800791 126566 403256 38473 795357 690636 903046 815299 31583 30367 472015 778941 431542 600040 511095 449064 858364 867188 675614 225079 541558 731392 959919 329731 360899 10353 13332 582674 742735 262575 545549 271453 318316 732996 893916 106815 629557
220845 511203 915818 166611 844476 488170 0 892453 633708 63263 763756 891917 32398 106089 70945 515551 168066 476524 382272 488377 963066 494730 107361 464247 334253 264084 747652 239256 703568 991850 638971 141541 249947 118116 877133 62742 618063 220534 178888 601932 945964 209811 752432 461382 462316 558333 583523 147636 782195 38231 317263 30920 253131 23942 879491 465860 715004 545666 150364 442391 568983 927758 415174 422087 937338 304168 635860 138050 905550 746896 991290 712191 497989 230872 452446 523621 67279 342990 796674 490120 303500 136952 967948 580778 293707 894655 713153 385063 144531 286007 32462 895087 199624 352612 389305 120439 825590 855581 95380 479685
719516 499400 596836 195842 433884 2911 892453 0 684917 956239 414663 372459 955603 1294 79727 146520 873204 516302 490490 880865 182557 469607 169545 654587 52100 356188 428034 624351 765871 734525 897564 454901 262954 582260 72371 738934 210268 388123 9797 393671 288262 793714 216195 794719 807550 798752 396311 678698 936295 918927 403703 525508 845020 817311 127173 770370 731107 230546 541857 174729 740155 697046 656325 419401 811298 599095 777798 349735 644706 873741 711372 178689 868725 388566 208818 845834 619404 547980 108429 281632 92142 221899 795121 725371 961989 273479 579404 737214 670471 504867 561436 930092 523090 14709 2886 114301 895839 611206 888605 2021
836531 36799 152147 919639 497701 636795 633708 684917 0 366788 766203 186311 73580 875719 323279 98476 918240 660098 559988 236852 947611 491084 385722 144516 841353 166529 875764 354318 386177 497839 456823 732152 51011 660113 447702 135109 317326 405448 795197 624684 319777 712487 960675 531824 765028 576001 162077 923423 729400 440983 362193 57705 606270 694890 370202 878427 293083 771282 174584 190182 488777 283113 716452 99403 662194 598375 623884 540793 28457 818094 612405 148653 78122 84274 490426 247195 4813 630284 644750 584935 988137 516644 17310 239978 221093 876599 7011 623956 603004 49775 622081 813578 858102 510813 325399 564255 678092 453503 122093 274169
749897 174002 220205 334404 917679 393187 63263 956239 366788 0 746898 496871 576400 418736 722932 476455 208356 517374 638639 428146 87904 621637 866343 705857 252592 511084 770281 759086 138650 408314 393718 902914 172436 630388 723872 508720 184380 918561 819591 250764 238203 174091 140582 959666 867594 682165 179349 727265 444353 313646 143759 234872 528579 8147 124515 786400 413766 7508 102973 860189 900329 528298 623098 89835 672557 607994 421336 978322 980954 339325 193689 484187 150668 248144 819141 915447 619467 14357 234880 592293 491607 958985 463768 17700 429761 938945 6252 857248 680600 637863 135275 969586 476014 482299 167821 365752 151701 603840 721735 696868
19898 277253 624878 686847 250477 76568 763756 414663 766203 746898 0 141296 205809 849289 652670 47022 704984 678413 182076 634049 724719 26296 346893 459790 652713 874535 968913 488720 609931 282736 294366 476322 807616 659814 730337 399003 606792 372233 381902 711713 188475 300913 749002 536256 505963 176274 836168 582094 110061 493944 640509 667086 934880 703191 361538 54561 803213 5012 996278 143296 562050 463876 307370 319756 496536 645206 762219 129287 296565 49084 911227 220082 8756 326811 555887 509269 48098 103168 756279 744647 452703 685702 949150 991507 412390 638576 511616 493529 934850 480035 124759 978188 778493 294331 821019 794908 659544 114358 4334 181054
653922 73499 162192 171184 738402 857780 891917 372459 186311 496871 141296 0 203909 982572 13119 556514 361387 281307 295443 953665 162010 159880 44096 447270 640523 82572 905212 57934 227378 425834 442832 867488 930093 486734 117280 124783 915389 536971 611982 378289 17685 40096 353697 448186 850687 391438 181345 419363 867321 430735 827481 117074 462534 151711 939476 276999 197214 370180 306358 456014 134119 621774 652262 145193 78404 633274 207338 613904 608649 756652 454519 629634 183938 665014 814171 852605 866893 447295 761763 92350 157142 235211 721778 11283 705960 953133 50482 37624 933280 861957 294823 288688 148948 421010 112782 321719 121124 148432 320989 529209
765244 917579 220863 461360 64284 457982 32398 955603 73580 576400 205809 203909 0 231365 471597 287796 229741 387478 800016 346601 483754 128121 172509 709729 726565 521441 60726 442461 796489 468175 881542 840829 944454 324892 26677 235627 500747 929351 816854 742645 122424 521529 457108 389229 424702 493850 238482 596140 517679 186299 986714 234229 237554 897747 443235 423843 678332 886022 735707 609193 736606 260423 999034 339593 267939 341240 751 816833 84796 755435 183435 685991 392431 369078 184674 606525 676307 558273 902254 45756 732701 562523 999834 611389 116370 757941 265470 268308 109256 42427 729876 335268 499223 729176 446622 985509 562232 858471 171833 657414
471078 270789 384516 417806 187055 24296 106089 1294 875719 418736 849289 982572 231365 0 65626 618222 570413 135189 364902 136169 319214 193433 381388 472908 705381 16309 259195 515168 122520 870730 513529 832648 976316 911395 110845 42677 888125 317883 31670 815485 961047 968337 146797 723564 763386 527490 213464 492556 113250 887953 369813 666842 28259 838328 739550 977275 511981 158102 653691 300249 537563 251414 553839 619302 165764 343133 293111 280191 8591 479833 771758 48565 324944 136651 856388 471542 215863 695391 18042 971679 816997 399542 938500 575317 514004 993505 81247 616465 323007 507665 470719 99745 968143 804410 683951 690541 166064 31690 405231 415493
159105 294185 108987 377677 360161 45757 70945 79727 323279 722932 652670 13119 471597 65626 0 192848 510590 781995 971802 613110 96938 101802 351895 455777 698004 785610 579265 699060 461425 102541 262426 273557 123346 61376 709066 284801 223531 86103 844183 197181 312848 285450 632617 976965 402965 881962 714374 213121 850519 38325 418562 35768 375092 655346 381150 926845 294164 256040 90598 224027 410588 485283 560304 354728 984619 192239 576826 428956 619743 251440 497199 892715 332995 422896 77386 426966 110500 609340 628882 83190 659072 543732 750846 995801 902646 292957 10098 728865 81583 978169 810081 735256 401581 324220 22088 836152 712793 722064 52017 858451
668999 719755 424421 280946 550053 58095 515551 146520 98476 476455 47022 556514 287796 618222 192848 0 361488 608433 252059 653905 772640 338167 368956 874881 544966 111504 540304 516764 284545 803518 881824 787604 186069 127882 388157 529464 69538 852117 981831 443389 847670 116176 132136 655971 616615 911616 384386 713992 219706 200344 692343 300526 122113 994474 226391 109037 752190 215296 341134 127419 32136 859446 213518 843668 101749 165114 948948 395901 64506 312381 77848 173121 119727 710133 512487 878864 985638 605261 100917 739001 320995 623607 838160 50407 496075 852073 760895 945723 74349 399329 461834 262587 272247 624238 317542 385738 130584 149114 834416 104407
185927 72508 296423 956966 482375 382648 168066 873204 918240 208356 704984 361387 229741 570413 510590 361488 0 53811 285031 416124 267375 881483 309323 682554 931688 495364 101866 181783 961635 925082 289485 892909 809618 514246 850941 939089 968566 242347 214944 994283 824941 391157 827548 470981 368662 481293 814934 807976 804705 584063 662989 983871 873239 253580 260669 187947 904462 193480 934950 303372 188493 507979 953050 613878 794690 200218 169951 977385 428582 525379 865291 291390 45590 663619 78834 510394 655540 89637 581425 956396 816849 331332 500586 706087 648740 298264 185912 931809 769199 602314 90659 475997 617282 28340 722434 44510 668415 323034 46087 703324
302104 26986 121525 729814 255803 482209 476524 516302 660098 517374 678413 281307 387478 135189 781995 608433 53811 0 823771 577929 422667 131510 461123 688957 955608 789955 787455 723981 917915 34549 777265 139717 597868 818555 404113 787230 959685 564673 627293 311801 232268 520840 260902 410336 985056 21910 62919 953286 782566 411789 675859 577591 74200 234457 390028 279499 550453 286345 670819 508957 901137 453929 451920 711163 211781 118291 651693 80991 259364 523084 723572 23740 202084 911096 562166 139383 298438 933028 398893 183718 657880 123791 722788 973639 726499 286190 625647 574587 246668 427620 179497 675211 950450 643196 656515 494714 694787 58476 391301 78279
156018 62182 299895 690391 427292 598885 382272 490490 559988 638639 182076 295443 800016 364902 971802 252059 285031 823771 0 259919 610077 758638 180400 831375 895897 627703 607251 667495 825466 204451 554730 50108 434881 663250 131933 345018 431105 983354 370274 316011 49387 346592 565355 664394 621520 138386 737079 21039 217185 830070 643520 561888 805196 763231 869038 794069 813016 229676 323797 305909 300525 566752 195057 250300 641834 545369 501902 224068 466501 881715 519619 829759 286482 913873 641897 654890 524746 77958 398422 298782 101219 787488 187841 442549 684942 285495 451831 310614 659603 648112 796726 693524 506485 586199 527755 366772 856565 808721 651618 385065
32929 254924 491237 614245 784966 929927 488377 880865 236852 428146 634049 953665 346601 136169 613110 653905 416124 577929 259919 0 828122 856432 572013 47621 550867 81391 968509 451272 607484 612317 212906 902506 881082 531527 85726 357654 937336 611594 532500 630887 4464 539326 24729 228171 809195 34197 855837 766340 535441 422229 311198 808762 195622 894891 868117 549336 674138 730506 72817 201486 832621 250716 303487 434602 240570 284131 923277 231451 353682 332387 660255 820153 245874 225195 537497 238729 396988 738677 377745 319375 898615 7945 599709 211789 924405 562628 823412 813287 810410 788191 450769 436745 26790 419026 315553 431320 786258 991299 276535 902432
154707 92397 536998 324129 164438 774100 963066 182557 947611 87904 724719 162010 483754 319214 96938 772640 267375 422667 610077 828122 0 504604 899383 701054 613264 935082 77266 484097 246899 916653 40843 683708 371463 662810 223054 473611 681920 784324 800738 701220 568147 715711 533733 11261 545462 498727 215832 492353 738442 943339 327180 354867 458968 256261 842483 796076 317347 646572 342148 368503 662426 744197 327806 76236 733241 494368 268732 459417 191168 239802 953692 833650 66070 267609 114150 410694 533122 826326 427021 690225 354870 516435 873212 631712 192399 622558 431392 989042 993191 31151 684042 255501 842635 497343 487602 682107 484081 92511 20164 749045
470573 434528 913558 271836 978617 430988 494730 469607 491084 621637 26296 159880 128121 193433 101802 338167 881483 131510 758638 856432 504604 0 650094 462699 811593 753967 666089 394472 820179 728227 51737 600113 812836 828799 814277 164679 854510 911889 607035 247349 685426 63666 319190 586668 640894 518615 833 606037 882603 490367 739659 272690 869643 572378 617144 148156 358885 107421 769003 118783 705644 487121 612798 907498 902526 772177 159937 528436 569406 805386 422327 33860 96614 880523 577781 492404 667203 668310 141746 941081 405435 198046 56278 731726 983962 466505 111866 262046 267552 468876 207377 814882 493873 316601 541415 740120 362343 604431 145555 150665
417409 369723 25899 887321 397327 5014 107361 169545 385722 866343 346893 44096 172509 381388 351895 368956 309323 461123 180400 572013 899383 650094 0 508189 93692 974011 486072 16731 693564 4277 2382 687328 637748 252970 434535 115672 77262 463887 112924 113611 125546 275532 984574 233051 728160 401870 376912 142331 743644 37462 134595 394988 922262 977470 223139 247750 663512 606282 565023 67238 289285 584608 10278 385519 793261 97671 332788 483669 660457 394376 157820 599698 817985 267023 462576 8218 341028 717962 401561 55563 550690 70790 894028 269778 231224 36343 201101 147282 653940 378146 385954 150673 327232 604088 664761 22241 86261 110652 373810 334185
608622 549474 595716 283850 330564 518522 464247 654587 144516 705857 459790 447270 709729 472908 455777 874881 682554 688957 831375 47621 701054 462699 508189 0 680468 727359 566773 808614 60200 939264 636231 89391 654157 739625 358215 84936 663894 170384 599109 475618 481996 853233 423565 908090 462009 193300 194645 358303 921192 107890 699062 446279 863796 164187 961402 396864 431188 810420 819580 448061 758219 354146 890409 718318 515619 591555 458508 955694 909451 853911 277643 906004 170269 713292 24569 535173 870683 144153 34238 417358 767205 987577 668860 756273 388067 81476 11851 10007 580894 828825 410898 753901 301989 559728 374750 875284 477877 78722 903744 420588
240486 274961 58009 19211 203622 566047 334253 52100 841353 252592 652713 640523 726565 705381 698004 544966 931688 955608 895897 550867 613264 811593 93692 680468 0 1724 225099 716370 265673 321666 803893 922025 267764 520362 486076 938555 978038 134814 799363 539346 477253 101056 681309 442369 457632 450975 337259 200253 978495 474275 729554 173241 90104 938089 392567 749722 904600 652441 948174 720362 269323 935082 26393 917159 907937 515262 855814 911779 672820 526603 764935 344572 990314 690807 937789 259911 147383 766259 783890 717010 517531 403240 137162 793469 758723 677393 770782 123098 485286 766088 883586 71739 202461 454328 515719 627226 748782 961528 620040 932719
241905 499610 362090 756827 199744 774667 264084 356188 166529 511084 874535 82572 521441 16309 785610 111504 495364 789955 627703 81391 935082 753967 974011 727359 1724 0 54873 448748 249801 786594 104169 759850 399437 98518 349893 135447 431513 529240 67854 984562 230287 902799 662222 746835 127767 484500 405311 944138 951618 454302 306604 778552 77846 858348 283813 759618 973479 323947 825043 359929 648312 582962 211231 516041 313104 220333 319442 655091 567426 554978 640078 352501 786120 306196 615412 222719 349016 842055 377964 462995 232238 888609 562967 820742 730352 735686 838162 807312 128643 277157 201969 775921 99848 644558 687322 121563 659852 166188 905281 198965
122026 953843 138823 350987 264936 180709 747652 428034 875764 770281 968913 905212 60726 259195 579265 540304 101866 787455 607251 968509 77266 666089 486072 566773 225099 54873 0 824637 100275 844423 57920 747067 677258 858476 61907 213716 777679 4366 168295 389657 769555 856857 530673 14704 250854 707329 944966 824264 409773 147698 891125 661502 951995 223584 511838 974888 885669 616724 598539 696898 224340 423088 505621 252084 363059 341211 260510 362560 783386 133225 36314 517392 665959 157604 419281 347661 506191 934178 221651 343279 698785 668615 650531 265985 29814 743282 608295 500327 622763 666051 675470 927768 95991 209889 606678 986151 532773 589062 405265 964007
762788 488070 294447 133334 915120 403496 239256 624351 354318 759086 488720 57934 442461 515168 699060 516764 181783 723981 667495 451272 484097 394472 16731 808614 716370 448748 824637 0 376240 946402 299545 274438 252674 209524 565582 677079 718753 510198 772731 478241 543164 921886 516790 112098 827962 699586 389085 669686 586974 493707 65595 453275 821886 189902 220787 764969 727679 179094 588591 893088 304075 453570 274780 349233 788396 926194 491078 931293 753455 570690 520362 321599 59175 727888 952215 919960 433342 568724 483519 505351 324625 698792 557369 427927 313477 113863 768462 682631 743765 768983 38720 967746 670778 250193 30217 636740 850973 424539 326711 245318
231524 628605 969769 476906 403890 783808 703568 765871 386177 138650 609931 227378 796489 122520 461425 284545 961635 917915 825466 607484 246899 820179 693564 60200 265673 249801 100275 376240 0 799968 493139 765021 950544 179197 840725 820529 199430 583475 71462 459981 705389 564560 607972 941616 587682 635505 372442 35891 8409 689142 798079 100931 239584 709791 145100 952258 479099 530493 779404 788975 240358 157416 168094 629245 236129 653859 326592 112034 563124 547157 133783 779078 423560 140731 102590 486420 933238 952981 529018 559918 483654 73429 555166 332041 402578 789910 172532 931732 222744 92283 669857 206062 369018 646854 51592 196116 234856 439954 210485 190847
498843 504156 917647 723746 746286 419954 991850 734525 497839 408314 282736 425834 468175 870730 102541 803518 925082 34549 204451 612317 916653 728227 4277 939264 321666 786594 844423 946402 799968 0 746040 203423 892027 736467 83345 191688 616058 849891 537326 756003 968886 239006 339675 177696 462082 72993 297069 263376 970577 218020 663238 985159 376024 844553 372175 156398 954598 128430 407484 34698 229163 927914 243050 813647 235383 452270 226703 57607 111479 210234 32338 818537 988736 351154 834221 578466 69683 417271 740776 122575 529892 520250 6567 93466 40464 673638 386068 976923 187336 544770 615639 211423 568562 328099 781763 672109 526330 303370 786817 51143
783750 91920 932999 887107 75000 602057 638971 897564 456823 393718 294366 442832 881542 513529 262426 881824 289485 777265 554730 212906 40843 51737 2382 636231 803893 104169 57920 299545 493139 746040 0 453090 107583 877656 18460 512874 625932 89679 367512 764418 366789 643968 478008 548310 296949 887089 502082 712295 152441 115840 132722 393891 512938 264691 73201 632417 509230 539084 721841 14416 185238 352256 507925 643088 453233 336661 161235 163878 119347 859910 340534 986039 96259 21865 114913 296492 755624 75484 311577 473902 417123 365052 879553 312328 295064 591022 521274 716450 592055 549438 865008 435071 840682 596500 239657 597326 346402 882359 917509 188520
708798 976175 21585 137715 707543 962838 141541 454901 732152 902914 476322 867488 840829 832648 273557 787604 892909 139717 50108 902506 683708 600113 687328 89391 922025 759850 747067 274438 765021 203423 453090 0 703349 368177 771436 730812 987888 894336 227105 986713 258077 376232 562578 502053 787510 788882 996957 257011 993327 277824 145898 178275 880461 539040 355792 715440 217197 135103 548320 339534 881925 98249 458461 964135 627855 904587 150479 835127 388219 954276 280091 649169 387736 783361 648305 282366 772886 279240 995710 881994 832587 120063 243908 371003 14533 755970 864494 993229 408272 207257 401117 322516 132967 604300 831793 537817 106963 511780 84632 470006
185299 76463 101451 653791 28522 504225 249947 262954 51011 172436 807616 930093 944454 976316 123346 186069 809618 597868 434881 881082 371463 812836 637748 654157 267764 399437 677258 252674 950544 892027 107583 703349 0 183186 759593 977798 915815 557905 122674 349517 803536 820130 241298 180701 673128 691238 415164 200486 836050 433830 537165 21944 573366 340628 935263 222577 489184 139654 551148 697603 837050 986350 459048 69744 232147 44675 609674 761933 769065 854123 265027 52203 58197 149214 511302 674129 830099 1982 216659 58848 42534 577186 662567 949575 92384 259308 688059 383635 734991 643893 871154 602103 188101 113270 759881 237452 626981 13851 421196 848311
698464 389585 91868 162732 490032 76569 118116 582260 660113 630388 659814 486734 324892 911395 61376 127882 514246 818555 663250 531527 662810 828799 252970 739625 520362 98518 858476 209524 179197 736467 877656 368177 183186 0 661722 186049 538308 991830 206929 264737 262556 334782 845152 747669 975456 437073 518863 864159 694350 809290 408257 720259 22837 686521 537535 462394 62536 112672 608776 78249 690537 712230 936061 897474 779392 783209 97852 357023 112570 177213 4786 228177 331335 804304 547486 676209 694403 268248 416585 679688 490127 556823 869170 68661 698276 760367 689625 287921 81722 963655 475 370845 397615 961005 257292 773159 925198 31477 815182 720468
698923 493311 733741 894314 273825 360871 877133 72371 447702 723872 730337 117280 26677 110845 709066 388157 850941 404113 131933 85726 223054 814277 434535 358215 486076 349893 61907 565582 840725 83345 18460 771436 759593 661722 0 244518 758032 610431 641329 77318 211538 321228 897970 523769 236349 505330 74048 640499 532636 578079 934458 875810 765149 21737 900818 258193 34664 517932 330273 303499 895552 219788 213448 989568 841145 155854 724200 36553 864779 285404 998169 950377 521803 680593 908095 518958 302313 988978 556690 518225 910645 871277 253886 239403 425256 412339 744703 256570 895807 824821 215049 548454 709902 697122 489671 13306 248763 108710 87846 888146
822637 231804 642861 855173 891719 26962 62742 738934 135109 508720 399003 124783 235627 42677 284801 529464 939089 787230 345018 357654 473611 164679 115672 84936 938555 135447 213716 677079 820529 191688 512874 730812 977798 186049 244518 0 479334 407730 812235 324910 72324 607758 378314 592074 272561 454040 732124 147726 385589 188653 219937 503486 253780 683290 306844 895054 120407 604068 414408 144914 705836 161437 898470 764909 907836 967652 659794 710474 934775 614391 70008 211832 494538 911333 456438 327002 37463 444571 352207 212303 311051 472064 948998 955103 507729 760809 855983 688073 122804 531389 315527 464882 170291 511097 811851 255301 787266 226837 294518 936330
744494 477370 843571 29337 964988 940775 618063 210268 317326 184380 606792 915389 500747 888125 223531 69538 968566 959685 431105 937336 681920 854510 77262 663894 978038 431513 777679 718753 199430 616058 625932 987888 915815 538308 758032 479334 0 261485 848032 849416 473772 33435 978076 804032 805494 187764 648796 212313 442580 492478 135425 131799 18760 269852 116454 599643 181496 420262 608101 389848 191943 147260 960417 499536 681588 645555 969290 781893 641245 315387 44875 226018 459110 408424 475137 298003 648966 970805 915349 629304 371284 341165 154715 654252 238240 616924 497801 905809 697659 610071 274580 129578 751685 563888 15522 884917 853491 733449 353700 106451
107898 241360 972797 229107 760918 641722 220534 388123 405448 918561 372233 536971 929351 317883 86103 852117 242347 564673 983354 611594 784324 911889 463887 170384 134814 529240 4366 510198 583475 849891 89679 894336 557905 991830 610431 407730 261485 0 658805 828235 812576 850792 35483 595788 329205 979712 749143 291259 189581 657366 964309 676404 141295 585060 652 488318 41034 201301 559757 764493 989421 851718 671890 4982 593104 719765 426351 344032 806156 367238 150313 922494 519310 707251 347836 246731 875813 953575 662675 724719 510678 174522 361554 12106 682907 301530 764605 133478 318958 669990 848171 701433 449198 839796 103287 726740 944929 170338 660700 204381
428990 556553 446574 342106 773899 87713 178888 9797 795197 819591 381902 611982 816854 31670 844183 981831 214944 627293 370274 532500 800738 607035 112924 599109 799363 67854 168295 772731 71462 537326 367512 227105 122674 206929 641329 812235 848032 658805 0 325897 640293 669596 920291 643654 560181 922547 206401 385528 31948 253997 811209 362551 562587 744480 951032 812217 765190 534210 676560 7033 409823 181872 508239 164483 714009 552043 397444 307977 948791 150800 946932 484124 946699 718332 978535 66021 519234 938478 218612 859873 233984 964162 277228 887577 583407 528374 576538 781743 530038 439510 290206 7754 615671 357762 417171 944235 977794 559342 223975 475532
485268 900067 968544 195068 805649 838321 601932 393671 624684 250764 711713 378289 742645 815485 197181 443389 994283 311801 316011 630887 701220 247349 113611 475618 539346 984562 389657 478241 459981 756003 764418 986713 349517 264737 77318 324910 849416 828235 325897 0 609433 288500 399239 258497 828673 317502 969723 702411 279803 869592 427516 11387 85321 39055 173663 339240 752326 906373 562655 892774 80693 91232 581566 58894 869820 6860 187732 645811 112081 401201 654040 984349 757968 19743 673532 56035 883524 162413 329878 867719 456656 318534 595900 496853 955963 263486 735931 383832 432896 150326 796792 257328 556456 717961 753587 381769 55278 969075 959242 975904
725618 320829 691943 839550 475367 841418 945964 288262 319777 238203 188475 17685 122424 961047 312848 847670 824941 232268 49387 4464 568147 685426 125546 481996 477253 230287 769555 543164 705389 968886 366789 258077 803536 262556 211538 72324 473772 812576 640293 609433 0 726694 679267 74336 133594 438039 382267 950759 687725 93438 182928 114191 835372 144805 756309 365198 959483 31098 981714 122738 426993 833856 835733 445896 43729 434807 674612 814493 261865 821125 324440 928646 286120 329637 35332 537109 104394 362837 935304 148551 98901 398497 869321 269946 333283 925439 25230 830384 538477 507928 549844 884918 190344 453307 707999 413567 704694 864650 593118 332251
555936 570726 846809 323258 521911 385564 209811 793714 712487 174091 300913 40096 521529 968337 285450 116176 391157 520840 346592 539326 715711 63666 275532 853233 101056 902799 856857 921886 564560 239006 643968 376232 820130 334782 321228 607758 33435 850792 669596 288500 726694 0 60596 806747 67810 806914 923551 480901 91729 880755 348819 160152 739199 108097 773691 556739 141279 985596 360373 509147 739286 416425 747772 784339 295327 519273 752781 702257 710154 290878 671894 473083 948882 293393 706741 354168 144986 202329 266088 898024 62956 724034 874725 801582 429412 124719 420279 372943 804785 870261 638041 141907 182807 646138 165155 122831 208558 51534 558931 804650
700610 606641 781722 640642 735646 914499 752432 216195 960675 140582 749002 353697 457108 146797 632617 132136 827548 260902 565355 24729 533733 319190 984574 423565 681309 662222 530673 516790 607972 339675 478008 562578 241298 845152 897970 378314 978076 35483 920291 399239 679267 60596 0 105390 558973 911821 457533 363618 23834 868300 418337 296068 901674 598922 959164 438482 200970 385836 875936 701163 796607 714180 926364 166486 879051 801535 106221 741618 681572 374151 81860 955150 115343 860733 783388 510615 341903 788717 890026 592520 505531 782009 904843 735469 835379 68813 161292 844631 617996 947952 635986 895731 139468 47944 639996 885915 143749 107246 243426 776984
994937 861836 938993 79941 982567 588685 461382 794719 531824 959666 536256 448186 389229 723564 976965 655971 470981 410336 664394 228171 11261 586668 233051 908090 442369 746835 14704 112098 941616 177696 548310 502053 180701 747669 523769 592074 804032 595788 643654 258497 74336 806747 105390 0 67960 793087 209684 617824 247557 40845 889994 788426 935322 406375 213536 954632 176155 696386 855038 143475 654078 823121 825727 864550 247406 222885 840303 915848 361869 709330 90537 525640 484878 635225 32291 937411 589483 601195 621147 289795 26880 455956 575064 357125 450004 58542 966264 974077 750937 896297 46679 765854 428993 645519 431973 930048 52977 379742 929735 434921
244983 903004 272144 703585 443750 1982 462316 807550 765028 867594 505963 850687 424702 763386 402965 616615 368662 985056 621520 809195 545462 640894 728160 462009 457632 127767 250854 827962 587682 462082 296949 787510 673128 975456 236349 272561 805494 329205 560181 828673 133594 67810 558973 67960 0 35556 400559 210611 634227 917109 722356 882360 628288 532944 255702 46016 750344 837408 652644 366417 267187 934284 878003 527313 187806 550355 687160 31771 556283 715440 98993 332223 586408 858737 398883 988115 941611 674905 420881 825273 144388 714067 548722 625239 122638 424356 522622 773804 319322 999004 247489 709905 604268 145043 521820 24224 438348 961588 561826 158458
627618 656406 592863 376218 90546 233931 558333 798752 576001 682165 176274 391438 493850 527490 881962 911616 481293 21910 138386 34197 498727 518615 401870 193300 450975 484500 707329 699586 635505 72993 887089 788882 691238 437073 505330 454040 187764 979712 922547 317502 438039 806914 911821 793087 35556 0 573565 344015 641894 353586 605083 359722 48343 939282 114071 60259 901614 417804 653116 48439 991611 164464 658108 1721 372496 943277 852716 242497 561345 45485 200262 847781 660336 375556 538874 528585 513660 158321 929725 343045 68742 205848 80075 115960 630714 852825 716659 640630 215088 886434 112003 967899 801909 862931 460485 652298 914018 769387 961175 696090
530020 437665 302447 952384 804163 498413 583523 396311 162077 179349 836168 181345 238482 213464 714374 384386 814934 62919 737079 855837 215832 833 376912 194645 337259 405311 944966 389085 372442 297069 502082 996957 415164 518863 74048 732124 648796 749143 206401 969723 382267 923551 457533 209684 400559 573565 0 445576 767297 9786 442278 558985 508845 79734 902763 987527 810428 376722 599509 828650 980617 782164 728341 429698 291938 420402 373096 54795 54244 840023 379123 989798 539070 754334 315987 181816 501032 684020 646843 407359 44819 699694 92450 901411 633956 786237 145227 215119 512281 837754 506956 809266 941 278582 531056 99938 895861 523186 885991 879548
2237 784587 711555 810176 897516 236403 147636 678698 923423 727265 582094 419363 596140 492556 213121 713992 807976 953286 21039 766340 492353 606037 142331 358303 200253 944138 824264 669686 35891 263376 712295 257011 200486 864159 640499 147726 212313 291259 385528 702411 950759 480901 363618 617824 210611 344015 445576 0 716907 592635 94603 195728 541547 570489 459129 624827 777794 423044 22825 669889 734876 459709 954607 36858 855244 749327 50950 524608 568329 484450 891614 556733 493910 352709 756384 71532 775909 58100 189561 129439 641908 110786 834497 479470 831522 672888 845544 650380 166288 424532 669271 131325 506347 884886 901781 536139 781182 206500 427873 196391
229954 138740 528173 767866 493755 408850 782195 936295 729400 444353 110061 867321 517679 113250 850519 219706 804705 782566 217185 535441 738442 882603 743644 921192 978495 951618 409773 586974 8409 970577 152441 993327 836050 694350 532636 385589 442580 189581 31948 279803 687725 91729 23834 247557 634227 641894 767297 716907 0 73200 927003 411198 161868 767415 447504 643095 553170 224388 626746 719865 900497 52053 303803 60540 721302 414337 864578 259540 274539 537294 308541 39886 999499 405894 655890 530213 3959 683203 105594 245801 525518 876590 735988 663625 240860 286718 767770 871309 618782 521520 104265 850147 383125 989689 301708 482512 875715 24815 476122 344073
274889 349170 255071 130840 912264 417491 38231 918927 440983 313646 493944 430735 186299 887953 38325 200344 584063 411789 830070 422229 943339 490367 37462 107890 474275 454302 147698 493707 689142 218020 115840 277824 433830 809290 578079 188653 492478 657366 253997 869592 93438 880755 868300 40845 917109 353586 9786 592635 73200 0 142515 787680 799836 380208 241226 850850 486701 448811 648554 481805 166736 204968 549424 597895 621321 828206 609087 593533 351369 686019 59215 967535 923703 896683 884903 941263 294839 451996 504276 149741 702540 577866 311725 92048 468402 223913 176721 204535 636898 726498 630786 839667 305907 803622 700249 84788 501660 480442 407771 406605
348437 731477 907035 761367 124800 751614 317263 403703 362193 143759 640509 827481 986714 369813 418562 692343 662989 675859 643520 311198 327180 739659 134595 699062 729554 306604 891125 65595 798079 663238 132722 145898 537165 408257 934458 219937 135425 964309 811209 427516 182928 348819 418337 889994 722356 605083 442278 94603 927003 142515 0 68984 622510 724621 142538 655928 641391 521161 397695 657965 375804 999928 138324 662832 274513 788079 19055 749315 493555 319824 942942 439389 658520 188152 592777 99816 371508 440142 318289 622663 382745 200864 4838 461677 17651 999306 416414 551134 463268 566730 425599 772684 683832 881517 476258 562636 987324 264850 769137 531380
799774 520558 615405 485174 691809 362654 30920 525508 57705 234872 667086 117074 234229 666842 35768 300526 983871 577591 561888 808762 354867 272690 394988 446279 173241 778552 661502 453275 100931 985159 393891 178275 21944 720259 875810 503486 131799 676404 362551 11387 114191 160152 296068 788426 882360 359722 558985 195728 411198 787680 68984 0 342797 359851 915087 484033 409319 226223 792172 182146 94932 669369 136408 181458 529683 678151 586322 77285 213351 747897 119289 887818 600049 416927 976894 771209 640936 451484 669384 283533 606444 876827 367405 148338 452133 774412 857047 76890 382166 104661 835300 190048 709702 340104 289231 823143 434304 769811 543020 502860
766190 623767 689018 274235 1993 940629 253131 845020 606270 528579 934880 462534 237554 28259 375092 122113 873239 74200 805196 195622 458968 869643 922262 863796 90104 77846 951995 821886 239584 376024 512938 880461 573366 22837 765149 253780 18760 141295 562587 85321 835372 739199 901674 935322 628288 48343 508845 541547 161868 799836 622510 342797 0 917687 458188 759347 157938 37675 342170 247637 414538 29287 110241 116949 500443 921870 243031 172972 996801 671702 647756 197888 307904 904575 509827 254473 609963 300222 555314 851145 238793 19039 161547 195278 555702 12415 832101 651484 707597 740505 151124 812738 218100 882922 97282 498966 365311 455753 764935 436208
233122 582365 934913 752261 517114 133227 23942 817311 694890 8147 703191 151711 897747 838328 655346 994474 253580 234457 763231 894891 256261 572378 977470 164187 938089 858348 223584 189902 709791 844553 264691 539040 340628 686521 21737 683290 269852 585060 744480 39055 144805 108097 598922 406375 532944 939282 79734 570489 767415 380208 724621 359851 917687 0 546133 420864 324895 934468 690818 347212 165527 149163 331269 534328 616959 888258 544852 283420 288377 220246 845008 118083 945664 653845 99081 961486 772142 280983 980673 877806 662133 818051 686899 544317 42599 466008 278605 296910 743476 847990 400228 586658 389295 901096 298994 746430 764957 900977 440210 792069
555891 712907 804107 928223 965117 104247 879491 127173 370202 124515 361538 939476 443235 739550 381150 226391 260669 390028 869038 868117 842483 617144 223139 961402 392567 283813 511838 220787 145100 372175 73201 355792 935263 537535 900818 306844 116454 652 951032 173663 756309 773691 959164 213536 255702 114071 902763 459129 447504 241226 142538 915087 458188 546133 0 112453 947709 550717 759969 523857 935474 746270 642129 777056 204067 299944 326099 666149 246581 801668 828 865129 199111 372523 753330 701875 623063 470097 828794 589694 547221 546652 523805 965462 152946 161789 14450 951465 543023 513711 23771 735609 979746 985734 302271 49937 114739 473163 137113 992793
864562 451732 363887 772654 784849 374671 465860 770370 878427 786400 54561 276999 423843 977275 926845 109037 187947 279499 794069 549336 796076 148156 247750 396864 749722 759618 974888 764969 952258 156398 632417 715440 222577 462394 258193 895054 599643 488318 812217 339240 365198 556739 438482 954632 46016 60259 987527 624827 643095 850850 655928 484033 759347 420864 112453 0 636173 48270 659032 435479 376110 449636 471363 284096 27860 662352 800320 46728 459328 191459 436249 786935 717035 400553 517291 13321 329040 179680 48662 435364 322764 641919 919689 988641 124637 81150 46770 616181 17663 623074 395288 987746 880430 498745 883013 762599 746422 908451 211797 300497
927595 631954 421916 676308 737036 142308 715004 731107 293083 413766 803213 197214 678332 511981 294164 752190 904462 550453 813016 674138 317347 358885 663512 431188 904600 973479 885669 727679 479099 954598 509230 217197 489184 62536 34664 120407 181496 41034 765190 752326 959483 141279 200970 176155 750344 901614 810428 777794 553170 486701 641391 409319 157938 324895 947709 636173 0 57313 829775 632914 105501 352135 473578 965780 633835 850574 426594 802882 221918 560065 753320 194098 185050 970544 167222 46465 258744 79699 89966 92202 21953 188391 710796 123067 388587 924452 74628 164992 915693 296987 981266 189798 652333 239889 565048 581054 933053 188296 495313 263591
864366 919762 181067 621915 416469 550586 545666 230546 771282 7508 5012 370180 886022 158102 256040 215296 193480 286345 229676 730506 646572 107421 606282 810420 652441 323947 616724 179094 530493 128430 539084 135103 139654 112672 517932 604068 420262 201301 534210 906373 31098 985596 385836 696386 837408 417804 376722 423044 224388 448811 521161 226223 37675 934468 550717 48270 57313 0 826913 152956 32541 485006 424660 200507 738333 831771 202458 428003 170180 637277 639562 870288 205289 962930 565717 137023 549129 881537 768339 237909 250858 478121 828221 166899 878340 57746 52873 151093 531978 10443 439432 118579 262242 630798 939267 209462 166867 165247 695984 795541
337657 252606 138116 260548 871863 560022 150364 541857 174584 102973 996278 306358 735707 653691 90598 341134 934950 670819 323797 72817 342148 769003 565023 819580 948174 825043 598539 588591 779404 407484 721841 548320 551148 608776 330273 414408 608101 559757 676560 562655 981714 360373 875936 855038 652644 653116 599509 22825 626746 648554 397695 792172 342170 690818 759969 659032 829775 826913 0 769321 63061 820504 647806 940393 327136 99347 970866 317235 374980 671551 48529 235415 953997 994753 366162 272259 565616 858272 803274 820505 735352 19269 827738 270667 729451 399473 355303 215312 474821 272341 619267 181214 664746 218853 906197 80726 88840 9015 768518 157171
255033 948302 190477 201337 449758 195827 442391 174729 190182 860189 143296 456014 609193 300249 224027 127419 303372 508957 305909 201486 368503 118783 67238 448061 720362 359929 696898 893088 788975 34698 14416 339534 697603 78249 303499 144914 389848 764493 7033 892774 122738 509147 701163 143475 366417 48439 828650 669889 719865 481805 657965 182146 247637 347212 523857 435479 632914 152956 769321 0 58267 72603 994345 760859 637421 834359 694937 294159 345463 163479 160898 352130 322329 764414 675437 712756 383363 995894 682923 816636 420185 351783 482523 80063 11662 434709 45726 399212 243262 223712 631532 630274 524685 860684 113209 281890 712020 59703 248883 122858
664987 411556 181653 823199 588348 625205 568983 740155 488777 900329 562050 134119 736606 537563 410588 32136 188493 901137 300525 832621 662426 705644 289285 758219 269323 648312 224340 304075 240358 229163 185238 881925 837050 690537 895552 705836 191943 989421 409823 80693 426993 739286 796607 654078 267187 991611 980617 734876 900497 166736 375804 94932 414538 165527 935474 376110 105501 32541 63061 58267 0 363722 957630 813539 436772 682916 63484 715360 808474 100930 857190 49295 335006 783470 465286 77920 447415 201751 304249 103586 98421 985487 143430 987056 193682 590481 925830 144055 430116 107039 122267 406407 463932 456704 394593 699000 314856 373008 635088 350205
614558 924510 488540 966378 902396 904602 927758 697046 283113 528298 463876 621774 260423 251414 485283 859446 507979 453929 566752 250716 744197 487121 584608 354146 935082 582962 423088 453570 157416 927914 352256 98249 986350 712230 219788 161437 147260 851718 181872 91232 833856 416425 714180 823121 934284 164464 782164 459709 52053 204968 999928 669369 29287 149163 746270 449636 352135 485006 820504 72603 363722 0 286135 190724 576842 664559 471258 958987 425944 90123 501161 701563 397431 661867 185927 646400 822781 175266 360736 546444 907497 590112 313100 903855 954606 887864 944816 268646 866415 233401 438602 656730 311639 457629 932452 493361 408771 104904 488828 242775
741616 788460 713876 334590 242150 313482 415174 656325 716452 623098 307370 652262 999034 553839 560304 213518 953050 451920 195057 303487 327806 612798 10278 890409 26393 211231 505621 274780 168094 243050 507925 458461 459048 936061 213448 898470 960417 671890 508239 581566 835733 747772 926364 825727 878003 658108 728341 954607 303803 549424 138324 136408 110241 331269 642129 471363 473578 424660 647806 994345 957630 286135 0 826870 27997 280930 125162 831706 867583 335741 515857 807268 948782 964090 210999 829440 384407 210505 916071 361921 42087 760822 753341 937547 691982 128137 638061 313122 515042 422879 846941 507966 230436 501741 181642 306162 811864 276247 620289 990307
551831 138645 408996 872977 454593 800791 422087 419401 99403 89835 319756 145193 339593 619302 354728 843668 613878 711163 250300 434602 76236 907498 385519 718318 917159 516041 252084 349233 629245 813647 643088 964135 69744 897474 989568 764909 499536 4982 164483 58894 445896 784339 166486 864550 527313 1721 429698 36858 60540 597895 662832 181458 116949 534328 777056 284096 965780 200507 940393 760859 813539 190724 826870 0 184413 243702 367286 843395 324541 255344 375962 560390 513779 519431 816990 69611 493158 212070 458314 444490 464258 280978 921953 112154 662796 376842 453460 376084 89539 548941 149438 759516 58169 528739 432526 175136 802633 750275 629409 962544
260742 720260 127906 243455 516147 126566 937338 811298 662194 672557 496536 78404 267939 165764 984619 101749 794690 211781 641834 240570 733241 902526 793261 515619 907937 313104 363059 788396 236129 235383 453233 627855 232147 779392 841145 907836 681588 593104 714009 869820 43729 295327 879051 247406 187806 372496 291938 855244 721302 621321 274513 529683 500443 616959 204067 27860 633835 738333 327136 637421 436772 576842 27997 184413 0 819513 508933 362209 118415 11347 491362 373971 782796 678867 447618 729268 123818 71444 313096 572892 756641 940332 247694 209891 95637 444903 767683 982594 988207 407480 898423 326327 234991 257785 782197 823798 340892 181867 481254 151649
42937 476253 447710 625900 431266 403256 304168 599095 598375 607994 645206 633274 341240 343133 192239 165114 200218 118291 545369 284131 494368 772177 97671 591555 515262 220333 341211 926194 653859 452270 336661 904587 44675 783209 155854 967652 645555 719765 552043 6860 434807 519273 801535 222885 550355 943277 420402 749327 414337 828206 788079 678151 921870 888258 299944 662352 850574 831771 99347 834359 682916 664559 280930 243702 819513 0 271661 719857 276169 654953 958091 966027 325947 870821 259497 455199 802195 215106 902680 148675 841475 114623 37148 220301 189052 3715 18859 126093 338418 219013 803581 340816 504451 951546 654457 103274 188522 732970 771733 815108
155663 189114 354317 882748 591625 38473 635860 777798 623884 421336 762219 207338 751 293111 576826 948948 169951 651693 501902 923277 268732 159937 332788 458508 855814 319442 260510 491078 326592 226703 161235 150479 609674 97852 724200 659794 969290 426351 397444 187732 674612 752781 106221 840303 687160 852716 373096 50950 864578 609087 19055 586322 243031 544852 326099 800320 426594 202458 970866 694937 63484 471258 125162 367286 508933 271661 0 889157 427825 579057 325269 924237 429244 845318 445261 959731 186893 469767 337373 206735 275274 714502 509648 227765 402873 48760 514039 182511 357061 790367 730356 350984 509051 420036 361530 624704 749622 615410 943260 961482
116141 230733 740432 640518 922350 795357 138050 349735 540793 978322 129287 613904 816833 280191 428956 395901 977385 80991 224068 231451 459417 528436 483669 955694 911779 655091 362560 931293 112034 57607 163878 835127 761933 357023 36553 710474 781893 344032 307977 645811 814493 702257 741618 915848 31771 242497 54795 524608 259540 593533 749315 77285 172972 283420 666149 46728 802882 428003 317235 294159 715360 958987 831706 843395 362209 719857 889157 0 8916 615213 877126 212510 121142 230966 463906 858718 565012 793658 742105 777840 871974 511712 529654 246861 701885 639356 133577 338483 714732 29870 364978 19549 918485 653976 283032 537005 15801 730221 20314 910978
484064 818519 441464 368296 870943 690636 905550 644706 28457 980954 296565 608649 84796 8591 619743 64506 428582 259364 466501 353682 191168 569406 660457 909451 672820 567426 783386 753455 563124 111479 119347 388219 769065 112570 864779 934775 641245 806156 948791 112081 261865 710154 681572 361869 556283 561345 54244 568329 274539 351369 493555 213351 996801 288377 246581 459328 221918 170180 374980 345463 808474 425944 867583 324541 118415 276169 427825 8916 0 981654 290076 467091 379017 83862 513752 965109 59958 856867 373763 665614 709168 650845 958020 262016 406352 343850 685043 265113 726904 622115 539383 946636 599756 51902 56392 936277 777168 762167 739476 450773
832432 622713 365201 480323 398502 903046 746896 873741 818094 339325 49084 756652 755435 479833 251440 312381 525379 523084 881715 332387 239802 805386 394376 853911 526603 554978 133225 570690 547157 210234 859910 954276 854123 177213 285404 614391 315387 367238 150800 401201 821125 290878 374151 709330 715440 45485 840023 484450 537294 686019 319824 747897 671702 220246 801668 191459 560065 637277 671551 163479 100930 90123 335741 255344 11347 654953 579057 615213 981654 0 334981 746635 304879 776114 886679 118578 924922 552919 165435 618386 256625 440112 295458 515488 554997 526296 953529 10882 73949 222570 230522 637246 404483 619848 857612 230419 120438 820045 28891 802521
780369 502772 585290 697616 703546 815299 991290 711372 612405 193689 911227 454519 183435 771758 497199 77848 865291 723572 519619 660255 953692 422327 157820 277643 764935 640078 36314 520362 133783 32338 340534 280091 265027 4786 998169 70008 44875 150313 946932 654040 324440 671894 81860 90537 98993 200262 379123 891614 308541 59215 942942 119289 647756 845008 828 436249 753320 639562 48529 160898 857190 501161 515857 375962 491362 958091 325269 877126 290076 334981 0 772877 530983 912794 73236 176427 302945 943517 171361 490502 686059 494173 214205 722089 479107 745036 487504 560535 479257 713602 11341 72598 408584 107490 797459 782353 2031 579316 140793 69646
148930 920280 509140 953996 868009 31583 712191 178689 148653 484187 220082 629634 685991 48565 892715 173121 291390 23740 829759 820153 833650 33860 599698 906004 344572 352501 517392 321599 779078 818537 986039 649169 52203 228177 950377 211832 226018 922494 484124 984349 928646 473083 955150 525640 332223 847781 989798 556733 39886 967535 439389 887818 197888 118083 865129 786935 194098 870288 235415 352130 49295 701563 807268 560390 373971 966027 924237 212510 467091 746635 772877 0 858870 284703 700526 409689 980875 484977 250476 559966 780034 749924 606671 427541 880380 438943 881154 138352 110304 30624 941368 695238 444635 982071 122036 403780 565648 473698 343630 729095
207756 820963 990125 886960 17351 30367 497989 868725 78122 150668 8756 183938 392431 324944 332995 119727 45590 202084 286482 245874 66070 96614 817985 170269 990314 786120 665959 59175 423560 988736 96259 387736 58197 331335 521803 494538 459110 519310 946699 757968 286120 948882 115343 484878 586408 660336 539070 493910 999499 923703 658520 600049 307904 945664 199111 717035 185050 205289 953997 322329 335006 397431 948782 513779 782796 325947 429244 121142 379017 304879 530983 858870 0 82247 349523 769731 164419 289396 774588 845783 91148 346065 742592 571048 748605 238671 659099 102499 623600 62373 225589 209239 544984 200236 382086 325073 972734 959191 925194 237180
268910 669320 960759 930377 894531 472015 230872 388566 84274 248144 326811 665014 369078 136651 422896 710133 663619 911096 913873 225195 267609 880523 267023 713292 690807 306196 157604 727888 140731 351154 21865 783361 149214 804304 680593 911333 408424 707251 718332 19743 329637 293393 860733 635225 858737 375556 754334 352709 405894 896683 188152 416927 904575 653845 372523 400553 970544 962930 994753 764414 783470 661867 964090 519431 678867 870821 845318 230966 83862 776114 912794 284703 82247 0 965653 893507 750895 387223 976268 986602 985192 343121 78469 73695 149615 91794 519149 346701 329683 122909 226972 931431 534517 427525 357596 681387 884485 563309 265165 201018
360390 256205 918148 420674 848631 778941 452446 208818 490426 819141 555887 814171 184674 856388 77386 512487 78834 562166 641897 537497 114150 577781 462576 24569 937789 615412 419281 952215 102590 834221 114913 648305 511302 547486 908095 456438 475137 347836 978535 673532 35332 706741 783388 32291 398883 538874 315987 756384 655890 884903 592777 976894 509827 99081 753330 517291 167222 565717 366162 675437 465286 185927 210999 816990 447618 259497 445261 463906 513752 886679 73236 700526 349523 965653 0 686977 200852 857396 289890 18806 330312 796186 749843 810234 818740 582362 687856 401715 784917 586664 203041 304125 45114 33489 28333 308297 504746 91119 398609 843932
779247 873758 938664 103383 57228 431542 523621 845834 247195 915447 509269 852605 606525 471542 426966 878864 510394 139383 654890 238729 410694 492404 8218 535173 259911 222719 347661 919960 486420 578466 296492 282366 674129 676209 518958 327002 298003 246731 66021 56035 537109 354168 510615 937411 988115 528585 181816 71532 530213 941263 99816 771209 254473 961486 701875 13321 46465 137023 272259 712756 77920 646400 829440 69611 729268 455199 959731 858718 965109 118578 176427 409689 769731 893507 686977 0 642428 197692 409786 794641 764610 855483 433622 274990 145464 353552 122570 167196 429351 223220 610336 38053 616337 466062 654870 158307 64780 272304 120427 901075
850965 230488 460545 161853 587459 600040 67279 619404 4813 619467 48098 866893 676307 215863 110500 985638 655540 298438 524746 396988 533122 667203 341028 870683 147383 349016 506191 433342 933238 69683 755624 772886 830099 694403 302313 37463 648966 875813 519234 883524 104394 144986 341903 589483 941611 513660 501032 775909 3959 294839 371508 640936 609963 772142 623063 329040 258744 549129 565616 383363 447415 822781 384407 493158 123818 802195 186893 565012 59958 924922 302945 980875 164419 750895 200852 642428 0 903661 64954 907155 648611 354487 290818 5434 503229 458539 430370 401188 369511 511382 403193 472971 384386 807825 860168 965846 388072 888 262447 782596
933979 253547 412750 535329 598368 511095 342990 547980 630284 14357 103168 447295 558273 695391 609340 605261 89637 933028 77958 738677 826326 668310 717962 144153 766259 842055 934178 568724 952981 417271 75484 279240 1982 268248 988978 444571 970805 953575 938478 162413 362837 202329 788717 601195 674905 158321 684020 58100 683203 451996 440142 451484 300222 280983 470097 179680 79699 881537 858272 995894 201751 175266 210505 212070 71444 215106 469767 793658 856867 552919 943517 484977 289396 387223 857396 197692 903661 0 894647 532135 323334 46634 276944 672686 350582 45058 824891 498159 256314 628649 500973 551286 648419 322296 142010 457857 767027 816153 972725 896746
923981 517614 612485 413397 190868 449064 796674 108429 644750 234880 756279 761763 902254 18042 628882 100917 581425 398893 398422 377745 427021 141746 401561 34238 783890 377964 221651 483519 529018 740776 311577 995710 216659 416585 556690 352207 915349 662675 218612 329878 935304 266088 890026 621147 420881 929725 646843 189561 105594 504276 318289 669384 555314 980673 828794 48662 89966 768339 803274 682923 304249 360736 916071 458314 313096 902680 337373 742105 373763 165435 171361 250476 774588 976268 289890 409786 64954 894647 0 886582 849485 369176 973420 271801 762991 719697 414132 30895 370401 969498 250281 646271 109973 764757 47365 342051 535809 419459 81789 569451
663407 635716 946159 847616 204246 858364 490120 281632 584935 592293 744647 92350 45756 971679 83190 739001 956396 183718 298782 319375 690225 941081 55563 417358 717010 462995 343279 505351 559918 122575 473902 881994 58848 679688 518225 212303 629304 724719 859873 867719 148551 898024 592520 289795 825273 343045 407359 129439 245801 149741 622663 283533 851145 877806 589694 435364 92202 237909 820505 816636 103586 546444 361921 444490 572892 148675 206735 777840 665614 618386 490502 559966 845783 986602 18806 794641 907155 532135 886582 0 664989 512982 857709 613621 250021 578849 30701 271343 490815 928178 544200 997600 977375 1335 175550 541015 739338 660787 809934 249065
609269 758826 68025 266102 635182 867188 303500 92142 988137 491607 452703 157142 732701 816997 659072 320995 816849 657880 101219 898615 354870 405435 550690 767205 517531 232238 698785 324625 483654 529892 417123 832587 42534 490127 910645 311051 371284 510678 233984 456656 98901 62956 505531 26880 144388 68742 44819 641908 525518 702540 382745 606444 238793 662133 547221 322764 21953 250858 735352 420185 98421 907497 42087 464258 756641 841475 275274 871974 709168 256625 686059 780034 91148 985192 330312 764610 648611 323334 849485 664989 0 683240 57272 221041 569990 211601 124824 708313 970029 294488 287743 478881 716621 573190 846342 491657 147538 407026 430902 560623
818512 193469 191857 576959 460576 675614 136952 221899 516644 958985 685702 235211 562523 399542 543732 623607 331332 123791 787488 7945 516435 198046 70790 987577 403240 888609 668615 698792 73429 520250 365052 120063 577186 556823 871277 472064 341165 174522 964162 318534 398497 724034 782009 455956 714067 205848 699694 110786 876590 577866 200864 876827 19039 818051 546652 641919 188391 478121 19269 351783 985487 590112 760822 280978 940332 114623 714502 511712 650845 440112 494173 749924 346065 343121 796186 855483 354487 46634 369176 512982 683240 0 499196 274486 396904 133615 816566 806122 5944 210789 883437 999326 122049 305057 586736 117569 791662 985312 936724 25336
343162 639488 815513 376355 784608 225079 967948 795121 17310 463768 949150 721778 999834 938500 750846 838160 500586 722788 187841 599709 873212 56278 894028 668860 137162 562967 650531 557369 555166 6567 879553 243908 662567 869170 253886 948998 154715 361554 277228 595900 869321 874725 904843 575064 548722 80075 92450 834497 735988 311725 4838 367405 161547 686899 523805 919689 710796 828221 827738 482523 143430 313100 753341 921953 247694 37148 509648 529654 958020 295458 214205 606671 742592 78469 749843 433622 290818 276944 973420 857709 57272 499196 0 483427 34108 57191 639396 216407 483802 146842 354309 485784 852157 26076 736259 6605 989470 378833 879728 729599
348707 237425 366669 65481 94923 541558 580778 725371 239978 17700 991507 11283 611389 575317 995801 50407 706087 973639 442549 211789 631712 731726 269778 756273 793469 820742 265985 427927 332041 93466 312328 371003 949575 68661 239403 955103 654252 12106 887577 496853 269946 801582 735469 357125 625239 115960 901411 479470 663625 92048 461677 148338 195278 544317 965462 988641 123067 166899 270667 80063 987056 903855 937547 112154 209891 220301 227765 246861 262016 515488 722089 427541 571048 73695 810234 274990 5434 672686 271801 613621 221041 274486 483427 0 176725 150169 855896 220707 800544 281746 902692 594215 563789 621684 462724 950748 835064 52133 142718 859430
539148 848652 458903 71906 804048 731392 293707 961989 221093 429761 412390 705960 116370 514004 902646 496075 648740 726499 684942 924405 192399 983962 231224 388067 758723 730352 29814 313477 402578 40464 295064 14533 92384 698276 425256 507729 238240 682907 583407 955963 333283 429412 835379 450004 122638 630714 633956 831522 240860 468402 17651 452133 555702 42599 152946 124637 388587 878340 729451 11662 193682 954606 691982 662796 95637 189052 402873 701885 406352 554997 479107 880380 748605 149615 818740 145464 503229 350582 762991 250021 569990 396904 34108 176725 0 528180 185056 847991 262315 384407 171876 768590 705367 309717 740801 691598 856039 617703 877619 314431
546521 567654 467702 99841 953197 959919 894655 273479 876599 938945 638576 953133 757941 993505 292957 852073 298264 286190 285495 562628 622558 466505 36343 81476 677393 735686 743282 113863 789910 673638 591022 755970 259308 760367 412339 760809 616924 301530 528374 263486 925439 124719 68813 58542 424356 852825 786237 672888 286718 223913 999306 774412 12415 466008 161789 81150 924452 57746 399473 434709 590481 887864 128137 376842 444903 3715 48760 639356 343850 526296 745036 438943 238671 91794 582362 353552 458539 45058 719697 578849 211601 133615 57191 150169 528180 0 458673 804168 512205 342142 40426 588942 706824 52008 155904 218837 209347 793966 14084 525625
744395 215636 261475 600939 466108 329731 713153 579404 7011 6252 511616 50482 265470 81247 10098 760895 185912 625647 451831 823412 431392 111866 201101 11851 770782 838162 608295 768462 172532 386068 521274 864494 688059 689625 744703 855983 497801 764605 576538 735931 25230 420279 161292 966264 522622 716659 145227 845544 767770 176721 416414 857047 832101 278605 14450 46770 74628 52873 355303 45726 925830 944816 638061 453460 767683 18859 514039 133577 685043 953529 487504 881154 659099 519149 687856 122570 430370 824891 414132 30701 124824 816566 639396 855896 185056 458673 0 734829 634836 186318 130119 245691 801476 631836 565670 304514 76469 642284 3702 393461
77674 234150 422500 865275 638836 360899 385063 737214 623956 857248 493529 37624 268308 616465 728865 945723 931809 574587 310614 813287 989042 262046 147282 10007 123098 807312 500327 682631 931732 976923 716450 993229 383635 287921 256570 688073 905809 133478 781743 383832 830384 372943 844631 974077 773804 640630 215119 650380 871309 204535 551134 76890 651484 296910 951465 616181 164992 151093 215312 399212 144055 268646 313122 376084 982594 126093 182511 338483 265113 10882 560535 138352 102499 346701 401715 167196 401188 498159 30895 271343 708313 806122 216407 220707 847991 804168 734829 0 535488 577935 321861 451064 560254 428870 920783 354495 918964 881650 101380 236985
247397 686900 635476 393522 995035 10353 144531 670471 603004 680600 934850 933280 109256 323007 81583 74349 769199 246668 659603 810410 993191 267552 653940 580894 485286 128643 622763 743765 222744 187336 592055 408272 734991 81722 895807 122804 697659 318958 530038 432896 538477 804785 617996 750937 319322 215088 512281 166288 618782 636898 463268 382166 707597 743476 543023 17663 915693 531978 474821 243262 430116 866415 515042 89539 988207 338418 357061 714732 726904 73949 479257 110304 623600 329683 784917 429351 369511 256314 370401 490815 970029 5944 483802 800544 262315 512205 634836 535488 0 251241 633597 493191 85196 162113 433407 933420 378696 669034 976552 665025
279030 338663 654202 267505 647778 13332 286007 504867 49775 637863 480035 861957 42427 507665 978169 399329 602314 427620 648112 788191 31151 468876 378146 828825 766088 277157 666051 768983 92283 544770 549438 207257 643893 963655 824821 531389 610071 669990 439510 150326 507928 870261 947952 896297 999004 886434 837754 424532 521520 726498 566730 104661 740505 847990 513711 623074 296987 10443 272341 223712 107039 233401 422879 548941 407480 219013 790367 29870 622115 222570 713602 30624 62373 122909 586664 223220 511382 628649 969498 928178 294488 210789 146842 281746 384407 342142 186318 577935 251241 0 355771 573127 650218 547042 444232 203514 477372 438348 492281 789508
72545 20078 145335 348344 155439 582674 32462 561436 622081 135275 124759 294823 729876 470719 810081 461834 90659 179497 796726 450769 684042 207377 385954 410898 883586 201969 675470 38720 669857 615639 865008 401117 871154 475 215049 315527 274580 848171 290206 796792 549844 638041 635986 46679 247489 112003 506956 669271 104265 630786 425599 835300 151124 400228 23771 395288 981266 439432 619267 631532 122267 438602 846941 149438 898423 803581 730356 364978 539383 230522 11341 941368 225589 226972 203041 610336 403193 500973 250281 544200 287743 883437 354309 902692 171876 40426 130119 321861 633597 355771 0 207830 853719 817181 51991 385192 156559 539469 518114 51097
183302 769375 415371 503721 551737 742735 895087 930092 813578 969586 978188 288688 335268 99745 735256 262587 475997 675211 693524 436745 255501 814882 150673 753901 71739 775921 927768 967746 206062 211423 435071 322516 602103 370845 548454 464882 129578 701433 7754 257328 884918 141907 895731 765854 709905 967899 809266 131325 850147 839667 772684 190048 812738 586658 735609 987746 189798 118579 181214 630274 406407 656730 507966 759516 326327 340816 350984 19549 946636 637246 72598 695238 209239 931431 304125 38053 472971 551286 646271 997600 478881 999326 485784 594215 768590 588942 245691 451064 493191 573127 207830 0 143182 664585 67126 153930 328 664927 505702 85620
423145 597045 70755 531700 722092 262575 199624 523090 858102 476014 778493 148948 499223 968143 401581 272247 617282 950450 506485 26790 842635 493873 327232 301989 202461 99848 95991 670778 369018 568562 840682 132967 188101 397615 709902 170291 751685 449198 615671 556456 190344 182807 139468 428993 604268 801909 941 506347 383125 305907 683832 709702 218100 389295 979746 880430 652333 262242 664746 524685 463932 311639 230436 58169 234991 504451 509051 918485 599756 404483 408584 444635 544984 534517 45114 616337 384386 648419 109973 977375 716621 122049 852157 563789 705367 706824 801476 560254 85196 650218 853719 143182 0 464029 290039 45331 771646 190239 600375 820920
328098 188802 202194 558306 980763 545549 352612 14709 510813 482299 294331 421010 729176 804410 324220 624238 28340 643196 586199 419026 497343 316601 604088 559728 454328 644558 209889 250193 646854 328099 596500 604300 113270 961005 697122 511097 563888 839796 357762 717961 453307 646138 47944 645519 145043 862931 278582 884886 989689 803622 881517 340104 882922 901096 985734 498745 239889 630798 218853 860684 456704 457629 501741 528739 257785 951546 420036 653976 51902 619848 107490 982071 200236 427525 33489 466062 807825 322296 764757 1335 573190 305057 26076 621684 309717 52008 631836 428870 162113 547042 817181 664585 464029 0 68758 755625 832811 366912 721276 567423
415494 663201 251454 209790 611701 271453 389305 2886 325399 167821 821019 112782 446622 683951 22088 317542 722434 656515 527755 315553 487602 541415 664761 374750 515719 687322 606678 30217 51592 781763 239657 831793 759881 257292 489671 811851 15522 103287 417171 753587 707999 165155 639996 431973 521820 460485 531056 901781 301708 700249 476258 289231 97282 298994 302271 883013 565048 939267 906197 113209 394593 932452 181642 432526 782197 654457 361530 283032 56392 857612 797459 122036 382086 357596 28333 654870 860168 142010 47365 175550 846342 586736 736259 462724 740801 155904 565670 920783 433407 444232 51991 67126 290039 68758 0 370438 411218 80035 548912 931583
881178 25130 56490 863681 530598 318316 120439 114301 564255 365752 794908 321719 985509 690541 836152 385738 44510 494714 366772 431320 682107 740120 22241 875284 627226 121563 986151 636740 196116 672109 597326 537817 237452 773159 13306 255301 884917 726740 944235 381769 413567 122831 885915 930048 24224 652298 99938 536139 482512 84788 562636 823143 498966 746430 49937 762599 581054 209462 80726 281890 699000 493361 306162 175136 823798 103274 624704 537005 936277 230419 782353 403780 325073 681387 308297 158307 965846 457857 342051 541015 491657 117569 6605 950748 691598 218837 304514 354495 933420 203514 385192 153930 45331 755625 370438 0 849201 635646 543169 69124
702560 301059 264351 125240 510783 732996 825590 895839 678092 151701 659544 121124 562232 166064 712793 130584 668415 694787 856565 786258 484081 362343 86261 477877 748782 659852 532773 850973 234856 526330 346402 106963 626981 925198 248763 787266 853491 944929 977794 55278 704694 208558 143749 52977 438348 914018 895861 781182 875715 501660 987324 434304 365311 764957 114739 746422 933053 166867 88840 712020 314856 408771 811864 802633 340892 188522 749622 15801 777168 120438 2031 565648 972734 884485 504746 64780 388072 767027 535809 739338 147538 791662 989470 835064 856039 209347 76469 918964 378696 477372 156559 328 771646 832811 411218 849201 0 518206 694608 123915
730594 645958 855992 315288 269856 893916 855581 611206 453503 603840 114358 148432 858471 31690 722064 149114 323034 58476 808721 991299 92511 604431 110652 78722 961528 166188 589062 424539 439954 303370 882359 511780 13851 31477 108710 226837 733449 170338 559342 969075 864650 51534 107246 379742 961588 769387 523186 206500 24815 480442 264850 769811 455753 900977 473163 908451 188296 165247 9015 59703 373008 104904 276247 750275 181867 732970 615410 730221 762167 820045 579316 473698 959191 563309 91119 272304 888 816153 419459 660787 407026 985312 378833 52133 617703 793966 642284 881650 669034 438348 539469 664927 190239 366912 80035 635646 518206 0 789704 180320
96240 23279 372502 672393 45958 106815 95380 888605 122093 721735 4334 320989 171833 405231 52017 834416 46087 391301 651618 276535 20164 145555 373810 903744 620040 905281 405265 326711 210485 786817 917509 84632 421196 815182 87846 294518 353700 660700 223975 959242 593118 558931 243426 929735 561826 961175 885991 427873 476122 407771 769137 543020 764935 440210 137113 211797 495313 695984 768518 248883 635088 488828 620289 629409 481254 771733 943260 20314 739476 28891 140793 343630 925194 265165 398609 120427 262447 972725 81789 809934 430902 936724 879728 142718 877619 14084 3702 101380 976552 492281 518114 505702 600375 721276 548912 543169 694608 789704 0 92831
385672 877558 908443 767485 758153 629557 479685 2021 274169 696868 181054 529209 657414 415493 858451 104407 703324 78279 385065 902432 749045 150665 334185 420588 932719 198965 964007 245318 190847 51143 188520 470006 848311 720468 888146 936330 106451 204381 475532 975904 332251 804650 776984 434921 158458 696090 879548 196391 344073 406605 531380 502860 436208 792069 992793 300497 263591 795541 157171 122858 350205 242775 990307 962544 151649 815108 961482 910978 450773 802521 69646 729095 237180 201018 843932 901075 782596 896746 569451 249065 560623 25336 729599 859430 314431 525625 393461 236985 665025 789508 51097 85620 820920 567423 931583 69124 123915 180320 92831 0
