100
962 962 962 962 962 962 962 962 962 962 962 962 962 962 962 962 962 962 962 962 962 962 962 962 962 962 962 962 962 962 962 962 962 962 962 962 962 962 962 962 962 962 962 962 962 962 962 962 962 962 962 962 962 962 962 962 962 962 962 962 962 962 962 962 962 962 962 962 962 962 962 962 962 962 962 962 962 962 962 962 962 962 962 962 962 962 962 962 962 962 962 962 962 962 962 962 962 962 962 962
0 744575 951538 967899 505357 565438 168389 690483 66790 16259 346959 753552 874237 265002 182550 76663 288864 218441 407275 302522 428574 904954 331180 120275 677933 568153 487019 395317 58499 470560 719068 425851 326373 103070 445666 783991 396765 816325 354596 836742 864436 814094 222451 829992 551356 460762 492150 578764 577574 741670 313442 794503 203507 697475 58575 244804 320272 612741 145124 768327 885889 681425 346287 120770 245518 445247 510853 842494 71589 858802 10555 555352 366821 53013 102848 270435 813510 129773 931306 138523 878113 74670 411572 416131 741218 435523 111060 460313 769979 621994 451133 784570 592825 360120 718074 906252 339777 864953 373544 474110
744575 0 609793 889693 532156 532439 284331 41821 944348 589712 637438 980913 897892 306890 504789 14763 903608 574660 311506 318768 492537 272792 634079 423966 726204 494871 113821 874378 450867 658799 658106 731625 448211 767276 238725 767070 130762 211677 337268 600088 693152 931942 781249 193571 590540 134889 239224 593786 702826 777428 871056 264799 829249 60627 725285 138021 521647 729911 668965 46991 316729 798228 953008 981214 96764 216973 911210 673558 68090 597609 452241 993367 540876 832872 687990 681174 76314 283777 160725 117050 216282 600357 317810 568132 877665 250650 293094 328941 393119 444817 992102 778463 541227 117052 712758 656550 382214 936127 556124 387680
951538 609793 0 223602 922536 320818 152365 317259 589768 209685 406665 948389 378103 549699 399375 787256 95330 535265 835196 156460 446349 748362 731468 143573 588114 637037 786409 472420 713830 278558 618966 884112 658987 895737 548679 186174 455532 812653 138558 778827 631691 544163 48307 389836 220169 410637 896474 820832 704343 363580 409595 117688 652393 172129 745095 34199 851201 51132 272473 644739 422893 969640 395268 909274 684513 837562 801359 102995 865797 220544 172901 269754 129373 990836 501084 355262 832681 896146 62384 126966 876251 96286 79356 978618 665853 738890 415829 849790 17138 757519 700154 565519 675940 190124 448803 213163 287309 275174 395617 21673
967899 889693 223602 0 433889 949223 797197 146791 198549 164967 130002 241405 3632 71566 34670 787303 349964 931232 380343 452555 678246 207101 649112 964084 237381 386407 625524 774281 700150 437279 833383 45344 804387 708875 425407 996446 178661 699233 160902 580094 543522 335219 407440 795390 486730 414139 337043 410850 110597 966721 91540 766569 623382 532843 503913 7564 223594 5811 884618 470802 617558 926186 72649 299253 539286 794974 150128 193037 51549 405027 553889 84108 680324 259465 256887 301678 492784 566688 417116 897188 305014 152620 622866 91871 251471 94301 61795 315469 81359 542166 695667 917367 6278 114905 486349 720888 538871 534184 625304 613478
505357 532156 922536 433889 0 379140 94554 340055 401886 670021 221139 737362 627823 243904 50544 572047 964214 169044 802593 609260 357134 711175 681026 828250 425577 338588 134974 962391 457840 948169 461291 90581 713810 560242 960462 675927 202304 449030 666186 726225 168056 952504 986605 737075 489013 152519 455907 258586 687775 837164 940208 378816 605776 512934 199963 305600 60714 30636 68758 70811 26862 567391 639160 993561 138103 836004 211669 612309 748371 297663 522876 293116 738970 309133 40316 224594 853707 993055 973186 513579 58287 97179 159246 837781 746062 71085 519006 964099 185392 372145 529236 465253 147030 953560 182336 296461 540159 924454 970267 771340
565438 532439 320818 949223 379140 0 637415 327158 884527 318186 793029 617150 434731 948503 823493 560788 913010 297465 607204 213155 282526 712411 601379 628330 418728 639128 934682 197827 588591 444064 941031 56051 176932 396035 873530 503084 570463 545680 284138 550513 78804 513953 1740 661331 793102 317006 520771 977724 570265 122129 809102 845103 343524 446372 744957 25578 560976 479079 277519 35607 84907 740671 444497 284611 815673 469934 287831 977461 408229 492552 353926 321305 945215 102338 497545 177212 160020 299338 954181 64647 926071 259422 538173 390578 392266 118257 780145 198667 166845 273466 300716 851187 929582 753981 408422 12562 70819 263496 440120 169541
168389 284331 152365 797197 94554 637415 0 450906 949048 743776 756431 588337 575515 606545 511536 135233 310804 299405 739792 529206 134412 740475 496244 554233 84242 404130 453708 709390 349856 30030 283329 747009 672582 695144 734532 664 579214 815570 104814 860395 219905 357862 400860 201993 196778 635709 920301 333534 349305 611979 72845 502949 954747 107265 649592 695607 560255 484956 586840 492048 28107 354910 727304 837301 364965 770693 467639 640324 726070 602556 500001 492610 393760 728221 672610 262529 253372 753237 580158 430750 555741 474870 459092 624017 377614 516930 278735 816217 572455 272565 566518 618280 134276 911815 383606 209850 221253 931823 958815 294678
690483 41821 317259 146791 340055 327158 450906 0 714612 80860 236971 277168 187998 222560 566139 376900 372485 588152 870277 92751 189626 324934 556123 986977 362323 134645 139530 619070 724765 843143 854897 785037 326887 771450 161699 881601 487259 737192 837077 744484 482484 771319 91180 240506 937794 39142 392117 1975 430724 658899 516213 633855 432573 888459 512402 149634 634948 96175 360113 920530 446888 597475 78386 701517 940591 955628 724992 423416 473797 809832 774352 874122 147363 16167 900822 956008 797529 773021 401706 570344 868724 78740 619663 130387 277840 220708 404926 603315 767443 116861 139583 487949 57242 478229 502139 234432 401366 863722 487898 151454
66790 944348 589768 198549 401886 884527 949048 714612 0 895890 181293 82404 393703 211641 760421 457424 231417 797556 287140 182784 601157 314658 919244 42806 953008 77179 13685 7190 839640 341850 26984 60358 409070 346053 628775 36943 927997 923466 707741 759948 656611 835786 340969 580790 432866 649682 268153 575005 690448 400428 987106 42778 705133 143785 828016 789464 520777 475728 328387 808446 795443 787180 887997 99164 178197 903923 513287 250671 271382 861237 821474 582355 45924 874222 800150 319492 570739 910808 467804 403796 779429 766214 839677 467380 841023 850140 146124 456074 165301 250199 408637 552891 290728 19218 474334 965884 909971 783640 429988 811044
16259 589712 209685 164967 670021 318186 743776 80860 895890 0 373143 145025 652121 785598 760488 490060 316552 323545 226176 441509 787062 528939 389554 718979 337432 773226 752892 952647 782245 266746 950203 400539 913611 725282 387005 899612 579455 309134 668725 489448 677189 714958 470374 875056 557769 241046 685335 126689 912703 588947 139965 429942 681645 695866 224509 405196 17957 985421 152140 447362 398820 785114 819554 55405 469608 223471 556057 416242 165430 907146 477273 643953 298754 925818 857693 122404 780841 660504 900916 988791 895353 757702 601119 768183 967547 279248 770680 461059 247770 498722 503810 51265 452554 907246 218314 107290 544056 501467 194908 241939
346959 637438 406665 130002 221139 793029 756431 236971 181293 373143 0 774549 818166 630720 132082 648741 838767 843087 14857 319754 713950 173329 237615 987636 401927 222122 155886 889658 184876 990940 126172 973237 296700 536527 353540 91469 107612 313575 551491 842173 746302 298792 248883 787553 331433 818884 26752 442071 800709 809366 852564 842092 55075 104233 958676 972532 543636 825910 815756 277544 391501 455152 909875 639240 237149 18610 207150 977985 773045 618624 551365 671588 28627 404855 789642 792505 805275 401473 321838 617993 203961 274244 635377 94218 866942 767298 6425 108909 799619 504663 774687 263736 227525 787310 324011 64944 685862 45047 339668 735704
753552 980913 948389 241405 737362 617150 588337 277168 82404 145025 774549 0 195167 800365 368040 836126 558354 246935 454907 662247 754191 516530 278344 876993 739538 681901 159221 320998 273987 1079 814238 60683 504384 787085 723734 764341 711412 80636 942852 412445 651357 695438 744995 44218 5257 711969 16167 712245 783603 771622 456808 88427 761935 214253 867076 535600 724017 351250 426717 581810 53546 793601 487888 168821 503753 483356 941830 775961 148946 518396 334145 382865 319560 761615 433958 982937 900549 460167 43917 787425 778099 28259 131487 596236 254015 188925 963993 477900 186412 893653 896410 378320 849614 697488 644142 520630 668524 18658 39162 107340
874237 897892 378103 3632 627823 434731 575515 187998 393703 652121 818166 195167 0 117038 302841 654654 999885 920833 502070 227265 120209 611925 361496 105203 36916 646583 870530 800883 53109 731317 77066 743914 867106 459237 211262 738953 758809 861080 576248 903643 936914 689078 206806 82387 639116 821602 688752 72032 153804 92060 771025 843243 673552 502783 5398 832219 725915 955326 960959 36431 547198 768853 26008 415322 657783 366348 640089 387936 910542 511055 250330 730051 170732 560018 329738 523771 219090 474241 239498 31709 594695 67443 660719 669050 901361 273644 251035 651093 83837 686763 296101 164657 450622 772049 777062 70364 627682 212591 245013 404760
265002 306890 549699 71566 243904 948503 606545 222560 211641 785598 630720 800365 117038 0 376695 694753 6772 99159 230501 421003 472772 130041 484124 744132 951215 332693 50585 531555 314307 476600 825143 995675 180927 30286 825466 602652 503417 378162 968894 616695 381111 175328 620679 842425 404893 618148 690623 795827 645668 55370 478910 364374 541745 381435 160536 86956 383692 883137 197017 496051 18457 982721 828170 116717 605510 873760 449898 305677 886491 974012 858525 712479 337100 33082 568532 237205 419323 295979 966915 853325 238477 392220 645343 830566 829941 523573 557766 405204 20918 699891 734163 208164 215260 875677 634343 927828 612321 670367 902852 640369
182550 504789 399375 34670 50544 823493 511536 566139 760421 760488 132082 368040 302841 376695 0 825067 404043 544201 267394 170903 807114 245092 406173 823106 99931 12136 527836 515211 137658 360643 736228 16768 270300 263197 788398 386205 139038 113969 195072 540551 573422 585558 46424 348613 717318 411025 569332 406995 324444 94859 249125 153215 961572 753861 933195 781547 45998 378929 373804 543738 131396 334293 927484 468411 512544 980263 670906 421550 344747 626309 255543 863116 928111 928956 465249 851035 471722 473537 952325 145141 71888 433138 935872 692147 369934 828207 223569 281671 118640 959923 782009 122552 802801 817259 480562 219889 63113 743925 590809 814640
76663 14763 787256 787303 572047 560788 135233 376900 457424 490060 648741 836126 654654 694753 825067 0 118114 945211 713325 327702 657169 696207 994335 993336 302980 516848 965260 155168 61076 226219 695298 913529 504499 857525 29353 55456 661664 961481 913555 331686 554619 468147 831286 550732 915415 170615 795083 238033 119385 235196 804198 582295 916224 160442 920254 817765 210381 850698 775432 288105 251570 838054 592775 603914 968929 766130 730073 520655 266916 591626 436671 52152 82776 219027 231917 85922 942758 793427 820972 115564 719879 437983 403379 402100 929528 162103 444244 673443 469086 761015 620553 480308 156905 469134 272219 535043 611116 205142 425050 455670
288864 903608 95330 349964 964214 913010 310804 372485 231417 316552 838767 558354 999885 6772 404043 118114 0 903547 136139 181560 531934 512158 644734 700027 579653 715467 629197 319982 326201 86348 706503 538653 18217 102388 672712 96756 233436 501886 326202 79867 887824 559424 943704 779131 27833 552981 646755 294326 415232 938710 111628 351096 810768 998159 402127 312753 377197 968390 501745 338481 897386 663974 87769 386752 27657 522641 62915 440009 915805 333950 374380 92027 452842 859372 893366 536130 358541 887506 552038 72437 267594 886756 316784 349205 874154 179951 808143 295333 918877 650324 10437 957889 300830 676391 711970 580312 353420 931377 721668 32705
218441 574660 535265 931232 169044 297465 299405 588152 797556 323545 843087 246935 920833 99159 544201 945211 903547 0 339358 603536 150813 287384 312153 288317 92642 568650 812148 310503 138274 397601 296338 674970 626921 199087 850328 821392 781159 673341 674551 799195 744722 16096 333983 162003 546276 868591 877155 660862 467773 368500 253822 791251 456744 537578 797694 502105 33438 255269 213647 357016 176095 462348 228876 280793 870781 489308 785021 895529 843770 220327 210325 892202 393059 221123 820648 777060 298942 265119 15709 199864 143145 146770 990545 292000 599807 375458 13317 530190 146231 682353 834858 96026 488519 963568 140989 787633 290763 18536 777395 614437
407275 311506 835196 380343 802593 607204 739792 870277 287140 226176 14857 454907 502070 230501 267394 713325 136139 339358 0 853492 429346 43820 873015 912391 864228 281851 440159 37503 435958 889673 188041 478284 598706 620613 486968 350756 534421 140556 273022 999064 913806 626581 423455 947458 575367 23360 492734 305054 80211 212533 685961 54341 746318 128150 161529 721862 102243 485068 41896 314437 713180 292514 65488 578912 829631 935310 441591 589403 793561 201142 666061 639786 314533 398864 407869 118616 564265 901959 998092 121374 252925 599700 651166 722078 642428 434147 234402 48735 162879 565343 416856 169366 864494 977734 939474 405070 45645 240416 102217 314723
302522 318768 156460 452555 609260 213155 529206 92751 182784 441509 319754 662247 227265 421003 170903 327702 181560 603536 853492 0 977103 539369 532980 668181 509525 504519 471398 880275 315168 201797 834073 994485 391265 501672 392104 864607 176583 19046 683850 269009 896157 414516 178966 1179 937667 555611 539861 936119 989988 467845 427848 490544 488574 752134 988913 806125 443928 879516 253452 445663 87184 124998 953586 728538 536059 686002 469045 409016 867055 555789 913608 257352 659230 390146 949924 314477 309191 74803 208678 463546 887647 855756 355013 475778 647369 547616 912313 23747 843281 299278 916684 79016 256495 263949 94290 496706 441829 958514 488892 58399
428574 492537 446349 678246 357134 282526 134412 189626 601157 787062 713950 754191 120209 472772 807114 657169 531934 150813 429346 977103 0 566808 384886 878140 808080 657700 752401 687021 623773 489266 849676 149983 364989 222661 573638 178544 838534 45319 636075 544155 424000 137383 714019 536433 133765 948799 359093 335430 663685 31918 506096 93426 330392 398518 329731 672776 670791 60204 665981 571956 228023 484414 565645 686060 797305 58028 664593 514559 794201 162666 949565 596104 523576 920958 431824 821843 484256 354947 139966 318805 686536 741789 186258 603312 281638 838081 39177 809965 67044 3948 224108 863127 284447 714807 581600 135205 618177 312150 588937 106486
904954 272792 748362 207101 711175 712411 740475 324934 314658 528939 173329 516530 611925 130041 245092 696207 512158 287384 43820 539369 566808 0 550371 128487 461890 1638 29742 337195 300880 602547 640777 36304 242408 357914 558712 868187 789370 615398 808447 870205 2975 839379 672541 824967 751962 824106 515400 739984 736048 490821 316934 974001 647748 87404 175475 747049 291555 451182 948413 333110 376458 430572 771995 55215 383839 881170 391699 248173 693217 408769 80757 183480 587237 483041 888527 37926 337075 816472 428215 305190 633913 320920 960136 545882 83138 647264 654133 390005 595173 311287 160513 191027 465206 219303 280836 777109 983631 955811 931123 744384
331180 634079 731468 649112 681026 601379 496244 556123 919244 389554 237615 278344 361496 484124 406173 994335 644734 312153 873015 532980 384886 550371 0 101620 28115 67159 627290 867615 102957 141097 861272 56383 846053 507238 995054 552987 632738 185563 41612 195240 725071 319659 289676 723612 789207 589435 913191 843413 531237 431197 120599 383864 605208 560982 473110 208606 664874 135176 979196 992692 336645 839751 43089 694910 95546 290735 171286 143404 467260 123178 596737 553631 138826 861927 165973 353339 309740 14909 742331 360045 600033 772535 934896 228332 249267 469338 39942 631639 397775 744029 541899 37988 247349 129738 885451 321222 605292 515107 462849 676032
120275 423966 143573 964084 828250 628330 554233 986977 42806 718979 987636 876993 105203 744132 823106 993336 700027 288317 912391 668181 878140 128487 101620 0 125302 393817 190873 58328 595918 841474 428849 427986 473304 464974 161003 573319 798777 299305 571366 850702 812207 301286 518178 129242 779617 753874 169507 750968 624343 654165 82656 765523 37384 479548 512845 42177 312264 374398 759987 626793 719846 735321 566213 279086 887972 852803 822848 859947 401810 321833 827837 190244 576686 244063 487992 742886 393348 800416 913610 76880 788839 609972 553107 606370 979622 390478 261833 715269 830112 802322 624514 29175 499601 189018 439042 239631 317002 884924 178156 33759
677933 726204 588114 237381 425577 418728 84242 362323 953008 337432 401927 739538 36916 951215 99931 302980 579653 92642 864228 509525 808080 461890 28115 125302 0 26236 21436 606196 642073 397629 366999 549360 830290 930678 610877 797928 987345 63462 384266 116597 510408 845556 286649 798516 151316 441311 345583 934149 989234 24773 583069 613172 465706 723729 528493 345044 397549 494860 459515 746224 863725 416535 987847 875785 483459 4032 470831 87753 744205 225616 482516 573517 623901 48431 453735 451222 377571 22518 872004 761014 256821 287096 892118 549756 842673 731093 778731 360952 102870 137873 467494 723411 39306 916470 450744 431076 938482 362180 366065 194108
568153 494871 637037 386407 338588 639128 404130 134645 77179 773226 222122 681901 646583 332693 12136 516848 715467 568650 281851 504519 657700 1638 67159 393817 26236 0 122013 253461 632978 584748 718829 122261 257098 256240 514120 365690 857540 965552 539839 607334 950597 975356 580741 491032 928623 337482 820861 156864 951370 113381 633866 596833 29454 959435 9800 506477 390946 902580 596290 708452 651843 826267 28985 501167 418782 891152 895444 591241 97972 253013 793304 359279 400447 954061 651746 251064 784688 551364 872084 683742 473872 154745 247865 420732 166466 516413 149527 553792 870290 182485 616025 575342 360116 957666 619330 495341 141974 93238 540100 232189
487019 113821 786409 625524 134974 934682 453708 139530 13685 752892 155886 159221 870530 50585 527836 965260 629197 812148 440159 471398 752401 29742 627290 190873 21436 122013 0 578781 227916 189725 104438 358590 447445 573031 214799 385035 692412 460197 15998 612035 314956 103229 420891 820006 809406 165796 407124 349748 802287 710653 503267 260590 325062 340022 133696 226123 650365 556535 133310 288043 755176 986683 895924 20457 74997 496834 958184 435256 14001 768233 394924 169904 121726 768642 764751 75942 964030 299446 101030 539413 380525 711060 663829 948246 910975 211838 675820 372404 142262 4841 265144 453218 618921 681079 195121 712626 423382 487088 264936 980020
395317 874378 472420 774281 962391 197827 709390 619070 7190 952647 889658 320998 800883 531555 515211 155168 319982 310503 37503 880275 687021 337195 867615 58328 606196 253461 578781 0 857097 239854 401400 479182 800448 51318 425074 255903 82690 587261 907981 952194 676605 55647 765856 914103 160277 315974 379579 148237 848700 835780 636086 54180 346910 433948 423801 332698 430274 116048 52028 818338 434920 189819 408907 942312 734462 382098 543370 220736 361699 480840 18506 185900 746454 397108 82140 574207 352385 890316 44491 619331 768103 997468 598103 311716 40060 308453 527563 892064 994786 43893 636458 127881 627479 462385 672852 292935 945623 884869 431762 552331
58499 450867 713830 700150 457840 588591 349856 724765 839640 782245 184876 273987 53109 314307 137658 61076 326201 138274 435958 315168 623773 300880 102957 595918 642073 632978 227916 857097 0 59013 16927 970588 232239 794256 822290 101384 2913 49785 758651 910370 803076 164220 857758 442409 378961 207705 204907 109987 471206 375376 61211 31108 333670 149417 119143 735460 299023 424469 129485 726261 447035 94265 746888 480921 59538 671505 691868 639688 886750 381646 727291 801829 406169 214364 374178 312634 271735 493860 563140 871839 36234 424761 212682 549921 773089 9674 409761 611355 629788 749872 937339 841312 590263 512414 110794 903038 154233 799740 386071 828984
470560 658799 278558 437279 948169 444064 30030 843143 341850 266746 990940 1079 731317 476600 360643 226219 86348 397601 889673 201797 489266 602547 141097 841474 397629 584748 189725 239854 59013 0 673616 673573 168692 569710 583583 794061 655055 661055 281834 745519 82894 686842 661686 104350 789427 821350 965027 582239 185888 290801 702602 693089 809878 978622 258706 666115 896354 735199 268094 306359 985319 900234 276698 506268 993243 176666 46589 704406 952555 648286 336350 714725 137263 390769 557051 679991 751495 103122 973044 877841 756470 31705 659826 702605 497733 620312 621573 906421 151758 265174 74358 756813 940008 982219 513748 926624 25913 430683 866601 144267
719068 658106 618966 833383 461291 941031 283329 854897 26984 950203 126172 814238 77066 825143 736228 695298 706503 296338 188041 834073 849676 640777 861272 428849 366999 718829 104438 401400 16927 673616 0 709791 993225 269041 27544 829976 735139 336927 398324 963102 13276 48959 678185 491564 485726 98185 767113 285175 489523 800526 126543 876995 436178 216079 56115 454217 341431 582563 268075 189425 21876 841984 338968 646584 208958 292219 395159 223684 547763 266558 397028 965980 616816 531422 81853 161602 793059 724973 191272 229668 830306 110114 465153 940839 895495 793781 769573 34878 104008 485534 716333 904271 944803 956263 974631 461256 402176 975770 124153 992550
425851 731625 884112 45344 90581 56051 747009 785037 60358 400539 973237 60683 743914 995675 16768 913529 538653 674970 478284 994485 149983 36304 56383 427986 549360 122261 358590 479182 970588 673573 709791 0 879452 567475 664183 151937 600744 962695 157967 813057 88234 383962 150786 325193 911343 250357 70193 297134 321214 87593 196005 831802 243677 634275 841412 840621 166454 464749 144452 458010 93146 53912 38367 647719 989565 438291 495966 784275 329853 886858 797260 413596 884330 214046 698421 59147 464497 544978 846861 469785 845142 510656 342081 123184 175471 472678 250513 644228 116377 284939 996444 750528 11619 612979 42052 989464 126038 867864 859677 95511
326373 448211 658987 804387 713810 176932 672582 326887 409070 913611 296700 504384 867106 180927 270300 504499 18217 626921 598706 391265 364989 242408 846053 473304 830290 257098 447445 800448 232239 168692 993225 879452 0 72297 811435 947916 859313 792532 688790 308639 918472 199536 973090 414720 294881 845965 902276 577133 366941 570028 185756 783413 831095 989849 395738 586888 706260 325948 651601 584349 964091 814294 900285 244581 767658 155238 868418 551384 48059 535203 724960 367360 790238 399541 812264 310374 825233 891147 901432 250321 603359 173372 559252 847654 261966 452886 801591 635370 333864 17660 592483 315865 564317 70015 168503 768426 786238 161292 857595 740342
103070 767276 895737 708875 560242 396035 695144 771450 346053 725282 536527 787085 459237 30286 263197 857525 102388 199087 620613 501672 222661 357914 507238 464974 930678 256240 573031 51318 794256 569710 269041 567475 72297 0 389829 722770 131269 349339 845651 550822 754110 463403 879365 222222 776413 639734 823387 361644 731797 210989 879150 409010 492364 456604 684267 652207 734454 856756 721384 127758 558370 402259 542111 814270 215454 240468 444251 115537 636968 103178 505239 384205 390663 551537 711294 419909 401321 175325 777202 977721 978357 430680 112034 619415 405864 303893 853756 435198 16917 693579 139819 89959 698600 295030 646482 995405 441110 5225 175276 692432
445666 238725 548679 425407 960462 873530 734532 161699 628775 387005 353540 723734 211262 825466 788398 29353 672712 850328 486968 392104 573638 558712 995054 161003 610877 514120 214799 425074 822290 583583 27544 664183 811435 389829 0 71455 71253 269239 979982 498973 447338 924493 724346 949883 218836 561099 275133 134765 355228 506782 270461 792172 987564 97261 752011 67145 689979 198348 145116 558798 438097 678914 703279 289905 297637 993382 117782 810135 236323 277337 931897 216825 216631 574453 581006 67087 976461 245072 79168 778079 200387 359271 489200 276993 185440 241352 47927 228365 705031 888814 704760 542962 805513 11482 666376 941125 760604 748226 721897 522218
783991 767070 186174 996446 675927 503084 664 881601 36943 899612 91469 764341 738953 602652 386205 55456 96756 821392 350756 864607 178544 868187 552987 573319 797928 365690 385035 255903 101384 794061 829976 151937 947916 722770 71455 0 640214 335974 525901 146703 450506 244841 802484 290505 961868 312754 67797 214647 170215 49209 228358 283853 837467 734140 440381 993582 814601 622556 214449 963709 570555 425988 384954 763702 214696 386342 116565 369186 798348 223115 778823 601090 312257 386426 903358 203110 451694 978746 14827 42767 425543 335344 499737 856554 639987 449231 90289 733902 820221 417056 63062 257071 498883 859849 437816 678811 5497 356675 61912 230956
396765 130762 455532 178661 202304 570463 579214 487259 927997 579455 107612 711412 758809 503417 139038 661664 233436 781159 534421 176583 838534 789370 632738 798777 987345 857540 692412 82690 2913 655055 735139 600744 859313 131269 71253 640214 0 415164 640327 647160 939573 185443 313699 50046 309555 481908 796931 771034 516528 651200 117366 406837 217935 141186 126817 759887 809982 308347 995336 892594 913892 402975 606982 604682 828644 85402 463303 286139 946740 985033 317767 670922 943215 847043 57230 612163 514859 711287 240167 786926 311117 951286 238416 79404 510485 711667 432216 34019 660006 87995 906525 654454 415433 278063 240799 926140 424775 378574 438700 159308
816325 211677 812653 699233 449030 545680 815570 737192 923466 309134 313575 80636 861080 378162 113969 961481 501886 673341 140556 19046 45319 615398 185563 299305 63462 965552 460197 587261 49785 661055 336927 962695 792532 349339 269239 335974 415164 0 717073 862395 995110 666879 825626 776229 540434 193009 943769 266550 827296 796084 407043 709503 455167 470841 542056 997256 644538 263731 677979 296920 376218 282513 766885 45514 928039 333369 188470 964059 303815 2965 431589 719704 112479 131236 340892 19636 281219 689841 485521 806156 820045 891531 319533 489298 493932 327594 817540 283023 84176 659176 136025 501288 345119 548365 593320 970383 745771 582990 422452 231894
354596 337268 138558 160902 666186 284138 104814 837077 707741 668725 551491 942852 576248 968894 195072 913555 326202 674551 273022 683850 636075 808447 41612 571366 384266 539839 15998 907981 758651 281834 398324 157967 688790 845651 979982 525901 640327 717073 0 929858 128279 31096 936275 469777 587979 774629 807144 881609 351428 850563 182883 587489 871259 122493 126465 884372 869195 608669 207486 168070 632284 895290 118957 709980 234339 753373 276724 117739 994055 984447 602018 315180 481321 585 179836 931583 426902 203515 63380 18496 341203 752508 474375 594434 968981 889328 612697 461639 332165 16403 562632 720664 414753 242229 84403 562441 418831 120681 467816 834784
836742 600088 778827 580094 726225 550513 860395 744484 759948 489448 842173 412445 903643 616695 540551 331686 79867 799195 999064 269009 544155 870205 195240 850702 116597 607334 612035 952194 910370 745519 963102 813057 308639 550822 498973 146703 647160 862395 929858 0 669673 409138 916116 218321 144282 162775 129464 26707 495302 352429 88898 857021 10293 296757 804240 555068 510954 113743 330712 4591 600190 364140 301189 484155 863147 331805 621035 353393 509122 223988 865452 467060 829086 630278 431803 781589 77249 359136 422964 187919 875999 311874 345623 124360 290933 809564 496458 376896 67460 303994 216303 555534 710219 426244 455955 82657 130796 906957 839984 13119
864436 693152 631691 543522 168056 78804 219905 482484 656611 677189 746302 651357 936914 381111 573422 554619 887824 744722 913806 896157 424000 2975 725071 812207 510408 950597 314956 676605 803076 82894 13276 88234 918472 754110 447338 450506 939573 995110 128279 669673 0 723464 595404 548012 181364 667346 393679 224225 395553 217171 222827 847413 432477 93219 193569 640393 102938 332531 551403 378043 544519 886865 809578 981385 420246 364524 791239 443717 802990 490363 727478 568352 785653 449315 190723 799049 535768 268555 519040 535896 627102 555389 21653 74937 574490 79561 480563 982726 560969 507796 735325 93697 559182 996976 10362 663534 518902 803709 92495 539769
814094 931942 544163 335219 952504 513953 357862 771319 835786 714958 298792 695438 689078 175328 585558 468147 559424 16096 626581 414516 137383 839379 319659 301286 845556 975356 103229 55647 164220 686842 48959 383962 199536 463403 924493 244841 185443 666879 31096 409138 723464 0 758376 680171 535243 762279 868586 381470 305821 106296 212563 815585 588510 701538 383787 501699 326660 716428 423806 248435 515734 508072 518799 799903 885367 53031 286913 323403 75434 251659 623122 209095 161697 701023 506119 783738 845715 786385 497491 875739 226732 247929 515541 332542 478822 247503 972708 50086 525549 648625 754541 151715 344325 447071 551980 962383 581219 129774 880902 501821
222451 781249 48307 407440 986605 1740 400860 91180 340969 470374 248883 744995 206806 620679 46424 831286 943704 333983 423455 178966 714019 672541 289676 518178 286649 580741 420891 765856 857758 661686 678185 150786 973090 879365 724346 802484 313699 825626 936275 916116 595404 758376 0 559719 421669 165730 730105 582747 452276 826856 628369 177816 619976 109052 855879 935704 679620 295534 323645 175973 174031 706048 456228 979028 833399 394563 808954 333320 591353 518063 561767 849856 663743 162283 276289 409794 342789 562045 639862 840162 176019 989455 175178 937698 438293 966014 470915 805536 701358 518151 267242 739165 504319 918113 65405 992390 910814 805484 619625 67112
829992 193571 389836 795390 737075 661331 201993 240506 580790 875056 787553 44218 82387 842425 348613 550732 779131 162003 947458 1179 536433 824967 723612 129242 798516 491032 820006 914103 442409 104350 491564 325193 414720 222222 949883 290505 50046 776229 469777 218321 548012 680171 559719 0 612570 193863 398346 169576 123687 361427 542397 312515 411645 492919 280826 601569 297850 208948 681578 842411 4651 812214 728662 489236 64258 476141 630577 989374 470311 934452 116009 721674 185138 719301 20627 55988 973704 417430 452316 441775 998626 827974 592821 201685 687035 58673 50242 316086 467681 30978 504406 839998 892041 910604 369287 222136 597166 899594 461407 536144
551356 590540 220169 486730 489013 793102 196778 937794 432866 557769 331433 5257 639116 404893 717318 915415 27833 546276 575367 937667 133765 751962 789207 779617 151316 928623 809406 160277 378961 789427 485726 911343 294881 776413 218836 961868 309555 540434 587979 144282 181364 535243 421669 612570 0 490868 894384 176659 333105 516934 229245 268656 955802 362967 179329 634071 371849 499995 761173 762827 932219 684755 501521 525873 98350 826798 921837 397368 305483 767507 923601 577812 618732 254892 177205 377 515362 298643 306749 272556 966540 951250 669927 763738 447874 157992 29770 609111 518995 738005 306440 774478 26772 775689 262304 267178 49479 466619 514119 954737
460762 134889 410637 414139 152519 317006 635709 39142 649682 241046 818884 711969 821602 618148 411025 170615 552981 868591 23360 555611 948799 824106 589435 753874 441311 337482 165796 315974 207705 821350 98185 250357 845965 639734 561099 312754 481908 193009 774629 162775 667346 762279 165730 193863 490868 0 742417 727152 798639 108244 569558 465813 368174 459525 790570 735617 990840 36632 993855 483829 339898 477574 4175 892904 430537 478621 642405 409986 79353 806529 841886 466377 82180 547176 632665 68914 670979 501690 105444 60689 498443 150437 621892 269659 745111 303748 921197 87599 697107 251056 100687 227306 803010 175634 13467 235844 774010 929790 226218 133081
492150 239224 896474 337043 455907 520771 920301 392117 268153 685335 26752 16167 688752 690623 569332 795083 646755 877155 492734 539861 359093 515400 913191 169507 345583 820861 407124 379579 204907 965027 767113 70193 902276 823387 275133 67797 796931 943769 807144 129464 393679 868586 730105 398346 894384 742417 0 177966 454853 265768 628268 631362 467948 59437 514662 198343 556734 99638 834127 193446 246406 129453 596196 286289 988852 862043 163051 96405 677726 567625 17645 658902 544077 126545 48751 993942 344644 549619 216911 471579 225505 481303 783551 890855 554538 509478 364463 272955 63993 169870 869449 456135 733691 517899 694885 806589 674284 916424 697024 344303
578764 593786 820832 410850 258586 977724 333534 1975 575005 126689 442071 712245 72032 795827 406995 238033 294326 660862 305054 936119 335430 739984 843413 750968 934149 156864 349748 148237 109987 582239 285175 297134 577133 361644 134765 214647 771034 266550 881609 26707 224225 381470 582747 169576 176659 727152 177966 0 987899 440946 25313 557130 498148 181696 781623 732330 128187 985560 140923 299335 409214 74874 727652 490741 726183 229977 873238 553712 760291 582457 728060 455489 339663 166894 382573 791919 905742 686821 272057 648903 133056 280627 523662 549562 141704 311934 286907 643993 907939 476090 744067 411815 155933 351279 605249 861943 162421 414226 742371 830701
577574 702826 704343 110597 687775 570265 349305 430724 690448 912703 800709 783603 153804 645668 324444 119385 415232 467773 80211 989988 663685 736048 531237 624343 989234 951370 802287 848700 471206 185888 489523 321214 366941 731797 355228 170215 516528 827296 351428 495302 395553 305821 452276 123687 333105 798639 454853 987899 0 693186 59000 602899 926840 789846 461296 285900 46629 74430 157543 463344 903229 211040 960398 886703 501626 630953 283460 471642 523551 444996 536340 977006 334098 112880 2074 591125 478908 213225 575523 337896 745558 538573 206863 50346 364196 816521 953077 361023 2247 395501 442857 80492 756775 769154 793065 825513 563062 913357 482825 571708
741670 777428 363580 966721 837164 122129 611979 658899 400428 588947 809366 771622 92060 55370 94859 235196 938710 368500 212533 467845 31918 490821 431197 654165 24773 113381 710653 835780 375376 290801 800526 87593 570028 210989 506782 49209 651200 796084 850563 352429 217171 106296 826856 361427 516934 108244 265768 440946 693186 0 380376 749951 896665 585268 289643 745544 41621 960214 481846 717353 591250 653926 706478 40875 263082 981500 157770 596626 492081 986908 803378 819316 733698 505700 802852 209712 651577 171939 336076 679598 272950 916767 410739 48770 102348 509674 2125 321526 176038 195720 640690 774430 796032 121811 156616 208776 569859 775223 936769 911944
313442 871056 409595 91540 940208 809102 72845 516213 987106 139965 852564 456808 771025 478910 249125 804198 111628 253822 685961 427848 506096 316934 120599 82656 583069 633866 503267 636086 61211 702602 126543 196005 185756 879150 270461 228358 117366 407043 182883 88898 222827 212563 628369 542397 229245 569558 628268 25313 59000 380376 0 206531 196159 369739 963287 858177 827719 655258 324798 995803 738927 774911 172363 71301 532397 937934 848579 343789 613477 880441 268468 724330 265751 248456 679976 381831 55614 81273 212489 622135 172124 575405 236692 463164 608749 571569 883822 446477 1861 999081 937935 490429 514976 272698 612971 487400 169787 285752 406345 49302
794503 264799 117688 766569 378816 845103 502949 633855 42778 429942 842092 88427 843243 364374 153215 582295 351096 791251 54341 490544 93426 974001 383864 765523 613172 596833 260590 54180 31108 693089 876995 831802 783413 409010 792172 283853 406837 709503 587489 857021 847413 815585 177816 312515 268656 465813 631362 557130 602899 749951 206531 0 889067 984373 674307 646231 471441 350260 502114 775450 630782 255938 198689 470543 818154 357264 388293 883185 110808 988300 242006 156486 22165 360795 406723 538308 797906 680878 994534 353023 507917 220362 782296 718592 305937 422412 781733 525445 816824 385611 968532 773357 689570 952905 959983 877347 863059 703369 931380 519725
203507 829249 652393 623382 605776 343524 954747 432573 705133 681645 55075 761935 673552 541745 961572 916224 810768 456744 746318 488574 330392 647748 605208 37384 465706 29454 325062 346910 333670 809878 436178 243677 831095 492364 987564 837467 217935 455167 871259 10293 432477 588510 619976 411645 955802 368174 467948 498148 926840 896665 196159 889067 0 138629 97588 400049 504240 130274 92041 877564 141315 396217 915640 540608 766713 581563 141769 814242 96499 281361 328200 741414 206688 851106 277303 141875 151259 671994 867826 303946 549738 417303 417774 862374 80669 752414 816211 566168 882642 284065 219547 942698 344358 861042 428534 898099 815684 895647 610076 359965
697475 60627 172129 532843 512934 446372 107265 888459 143785 695866 104233 214253 502783 381435 753861 160442 998159 537578 128150 752134 398518 87404 560982 479548 723729 959435 340022 433948 149417 978622 216079 634275 989849 456604 97261 734140 141186 470841 122493 296757 93219 701538 109052 492919 362967 459525 59437 181696 789846 585268 369739 984373 138629 0 224143 801278 970524 580962 569018 153821 377780 270409 505604 738846 298215 518796 12807 895698 105420 20089 386476 222321 407154 812244 493846 832329 530216 109618 259277 219346 731156 407619 451643 846793 535149 972248 95002 44195 233496 580225 394573 935855 243859 516391 33328 843407 341533 471146 529835 431604
58575 725285 745095 503913 199963 744957 649592 512402 828016 224509 958676 867076 5398 160536 933195 920254 402127 797694 161529 988913 329731 175475 473110 512845 528493 9800 133696 423801 119143 258706 56115 841412 395738 684267 752011 440381 126817 542056 126465 804240 193569 383787 855879 280826 179329 790570 514662 781623 461296 289643 963287 674307 97588 224143 0 187267 719687 377238 173949 176695 83298 776918 535446 936182 751743 951049 730037 722134 829763 565706 992582 290748 253928 770036 59469 763702 990105 339212 893272 103427 194367 893290 492430 319024 212907 708048 433851 498444 155242 526293 763826 259360 745867 508972 74562 652020 553600 804200 566378 174724
244804 138021 34199 7564 305600 25578 695607 149634 789464 405196 972532 535600 832219 86956 781547 817765 312753 502105 721862 806125 672776 747049 208606 42177 345044 506477 226123 332698 735460 666115 454217 840621 586888 652207 67145 993582 759887 997256 884372 555068 640393 501699 935704 601569 634071 735617 198343 732330 285900 745544 858177 646231 400049 801278 187267 0 857048 642937 494862 761454 499335 305550 869438 984907 443378 198399 627773 259125 453821 67205 67018 940724 446797 229897 33990 485868 448138 192785 923213 149840 686730 144236 838402 761745 227241 452204 868136 221313 602215 189614 101101 594072 39456 36310 499143 663311 461669 905944 442654 966194
320272 521647 851201 223594 60714 560976 560255 634948 520777 17957 543636 724017 725915 383692 45998 210381 377197 33438 102243 443928 670791 291555 664874 312264 397549 390946 650365 430274 299023 896354 341431 166454 706260 734454 689979 814601 809982 644538 869195 510954 102938 326660 679620 297850 371849 990840 556734 128187 46629 41621 827719 471441 504240 970524 719687 857048 0 725227 424271 820224 990235 929479 817675 879725 931296 415199 509953 94573 725303 762014 6075 67763 972690 686438 212310 610308 188048 602939 102387 605483 85566 719226 836793 164892 261097 139164 815215 258595 430988 751456 357384 426593 845033 126607 308967 906988 822067 943342 834701 386379
612741 729911 51132 5811 30636 479079 484956 96175 475728 985421 825910 351250 955326 883137 378929 850698 968390 255269 485068 879516 60204 451182 135176 374398 494860 902580 556535 116048 424469 735199 582563 464749 325948 856756 198348 622556 308347 263731 608669 113743 332531 716428 295534 208948 499995 36632 99638 985560 74430 960214 655258 350260 130274 580962 377238 642937 725227 0 931393 745460 383082 130577 874536 49939 38640 584422 425246 146376 789949 382636 578854 94799 516505 636924 806429 45533 990991 560478 202284 525121 723303 278206 220199 719429 313762 173781 15405 100592 293813 143228 827278 588001 143495 729331 465477 510740 792872 581384 313186 805161
145124 668965 272473 884618 68758 277519 586840 360113 328387 152140 815756 426717 960959 197017 373804 775432 501745 213647 41896 253452 665981 948413 979196 759987 459515 596290 133310 52028 129485 268094 268075 144452 651601 721384 145116 214449 995336 677979 207486 330712 551403 423806 323645 681578 761173 993855 834127 140923 157543 481846 324798 502114 92041 569018 173949 494862 424271 931393 0 586435 791450 262401 892157 379500 393946 30999 417783 569852 684642 759084 516014 597938 421392 479670 837711 265971 43214 38052 589959 477287 949457 817489 137812 946812 534034 804998 554746 523571 687636 901019 930339 786194 826947 102448 454690 480864 401910 704645 787779 406994
768327 46991 644739 470802 70811 35607 492048 920530 808446 447362 277544 581810 36431 496051 543738 288105 338481 357016 314437 445663 571956 333110 992692 626793 746224 708452 288043 818338 726261 306359 189425 458010 584349 127758 558798 963709 892594 296920 168070 4591 378043 248435 175973 842411 762827 483829 193446 299335 463344 717353 995803 775450 877564 153821 176695 761454 820224 745460 586435 0 916773 322700 941148 65142 605447 630214 985712 276184 310860 463055 163475 320090 233599 485888 844474 600819 301453 581992 703692 46723 928070 911504 648133 39325 720937 104999 458738 891593 37733 210432 320242 863115 767331 227293 445364 175788 875370 936589 682436 32897
885889 316729 422893 617558 26862 84907 28107 446888 795443 398820 391501 53546 547198 18457 131396 251570 897386 176095 713180 87184 228023 376458 336645 719846 863725 651843 755176 434920 447035 985319 21876 93146 964091 558370 438097 570555 913892 376218 632284 600190 544519 515734 174031 4651 932219 339898 246406 409214 903229 591250 738927 630782 141315 377780 83298 499335 990235 383082 791450 916773 0 858132 274762 12409 931240 724661 194804 933402 17737 155009 860909 140931 997952 403732 731041 612404 279935 814192 983650 76757 108865 701545 124973 996672 100715 149123 575882 229044 907910 981192 776201 653324 749786 264258 377415 339961 486142 591604 9396 524681
681425 798228 969640 926186 567391 740671 354910 597475 787180 785114 455152 793601 768853 982721 334293 838054 663974 462348 292514 124998 484414 430572 839751 735321 416535 826267 986683 189819 94265 900234 841984 53912 814294 402259 678914 425988 402975 282513 895290 364140 886865 508072 706048 812214 684755 477574 129453 74874 211040 653926 774911 255938 396217 270409 776918 305550 929479 130577 262401 322700 858132 0 95913 240357 209351 331451 429239 330553 731397 141087 325139 529461 588405 214611 79393 307850 935819 637690 965933 619011 173363 726009 173 977470 183242 350993 776676 693604 579971 100186 928661 948301 289829 542642 65870 600290 932436 252340 467341 472085
346287 953008 395268 72649 639160 444497 727304 78386 887997 819554 909875 487888 26008 828170 927484 592775 87769 228876 65488 953586 565645 771995 43089 566213 987847 28985 895924 408907 746888 276698 338968 38367 900285 542111 703279 384954 606982 766885 118957 301189 809578 518799 456228 728662 501521 4175 596196 727652 960398 706478 172363 198689 915640 505604 535446 869438 817675 874536 892157 941148 274762 95913 0 818745 396312 782725 356123 984368 715713 148694 438851 917516 211118 96934 60986 481981 654281 108522 532959 27578 494605 535399 100848 837762 820268 400983 44787 307041 716368 788793 540934 134324 491981 358454 416133 470169 9558 281692 116774 839404
120770 981214 909274 299253 993561 284611 837301 701517 99164 55405 639240 168821 415322 116717 468411 603914 386752 280793 578912 728538 686060 55215 694910 279086 875785 501167 20457 942312 480921 506268 646584 647719 244581 814270 289905 763702 604682 45514 709980 484155 981385 799903 979028 489236 525873 892904 286289 490741 886703 40875 71301 470543 540608 738846 936182 984907 879725 49939 379500 65142 12409 240357 818745 0 404826 469012 214521 334660 83469 478711 97722 478781 386390 351942 132079 2787 304422 282132 28834 291690 122007 551827 860220 90410 576189 474039 343107 754566 697840 988533 76958 965550 813959 228629 986096 523385 739895 203827 832726 400434
245518 96764 684513 539286 138103 815673 364965 940591 178197 469608 237149 503753 657783 605510 512544 968929 27657 870781 829631 536059 797305 383839 95546 887972 483459 418782 74997 734462 59538 993243 208958 989565 767658 215454 297637 214696 828644 928039 234339 863147 420246 885367 833399 64258 98350 430537 988852 726183 501626 263082 532397 818154 766713 298215 751743 443378 931296 38640 393946 605447 931240 209351 396312 404826 0 268856 109205 503327 979861 631486 972738 192357 274396 545607 759623 583993 393783 339116 422489 709942 927220 27166 926452 375333 136856 372760 969538 794463 38167 361736 742666 465836 78697 272920 39113 413889 404310 963138 302788 207206
445247 216973 837562 794974 836004 469934 770693 955628 903923 223471 18610 483356 366348 873760 980263 766130 522641 489308 935310 686002 58028 881170 290735 852803 4032 891152 496834 382098 671505 176666 292219 438291 155238 240468 993382 386342 85402 333369 753373 331805 364524 53031 394563 476141 826798 478621 862043 229977 630953 981500 937934 357264 581563 518796 951049 198399 415199 584422 30999 630214 724661 331451 782725 469012 268856 0 963989 889076 676202 855356 222164 596644 21187 967518 523028 87418 680362 460556 466372 648400 186616 977006 154358 811260 25304 408628 448746 107959 11852 834213 782404 575626 742384 964409 289162 646858 445521 646320 161607 554563
510853 911210 801359 150128 211669 287831 467639 724992 513287 556057 207150 941830 640089 449898 670906 730073 62915 785021 441591 469045 664593 391699 171286 822848 470831 895444 958184 543370 691868 46589 395159 495966 868418 444251 117782 116565 463303 188470 276724 621035 791239 286913 808954 630577 921837 642405 163051 873238 283460 157770 848579 388293 141769 12807 730037 627773 509953 425246 417783 985712 194804 429239 356123 214521 109205 963989 0 338086 468835 254076 882981 364904 867582 415060 731565 970405 579288 164021 317802 717745 161612 8330 114241 870975 713921 296457 486938 665385 958054 821476 823047 131781 669368 103225 733260 823519 61199 645046 428263 738413
842494 673558 102995 193037 612309 977461 640324 423416 250671 416242 977985 775961 387936 305677 421550 520655 440009 895529 589403 409016 514559 248173 143404 859947 87753 591241 435256 220736 639688 704406 223684 784275 551384 115537 810135 369186 286139 964059 117739 353393 443717 323403 333320 989374 397368 409986 96405 553712 471642 596626 343789 883185 814242 895698 722134 259125 94573 146376 569852 276184 933402 330553 984368 334660 503327 889076 338086 0 978755 359078 843745 894413 436726 110731 853473 763214 85220 703478 920089 491158 620245 567626 61262 457250 841570 811349 267241 6822 580800 359251 308174 958470 376746 79574 902723 199950 617245 809025 184884 566447
71589 68090 865797 51549 748371 408229 726070 473797 271382 165430 773045 148946 910542 886491 344747 266916 915805 843770 793561 867055 794201 693217 467260 401810 744205 97972 14001 361699 886750 952555 547763 329853 48059 636968 236323 798348 946740 303815 994055 509122 802990 75434 591353 470311 305483 79353 677726 760291 523551 492081 613477 110808 96499 105420 829763 453821 725303 789949 684642 310860 17737 731397 715713 83469 979861 676202 468835 978755 0 922411 237638 580498 110027 14716 843616 764619 627941 679658 260364 197795 703577 774688 988200 192762 254656 150422 328424 27850 901634 754180 37668 491383 527597 944308 66658 64748 167727 846085 841627 378372
858802 597609 220544 405027 297663 492552 602556 809832 861237 907146 618624 518396 511055 974012 626309 591626 333950 220327 201142 555789 162666 408769 123178 321833 225616 253013 768233 480840 381646 648286 266558 886858 535203 103178 277337 223115 985033 2965 984447 223988 490363 251659 518063 934452 767507 806529 567625 582457 444996 986908 880441 988300 281361 20089 565706 67205 762014 382636 759084 463055 155009 141087 148694 478711 631486 855356 254076 359078 922411 0 752847 336451 435452 697070 580971 453694 367869 185639 994122 352431 511515 706827 344400 54162 89678 733488 806845 269218 100024 92032 710218 99139 335568 321579 372787 460238 751786 210795 825399 783500
10555 452241 172901 553889 522876 353926 500001 774352 821474 477273 551365 334145 250330 858525 255543 436671 374380 210325 666061 913608 949565 80757 596737 827837 482516 793304 394924 18506 727291 336350 397028 797260 724960 505239 931897 778823 317767 431589 602018 865452 727478 623122 561767 116009 923601 841886 17645 728060 536340 803378 268468 242006 328200 386476 992582 67018 6075 578854 516014 163475 860909 325139 438851 97722 972738 222164 882981 843745 237638 752847 0 886921 378558 856850 83888 700107 434243 635481 601269 522122 506139 176730 73095 129758 296525 288167 333747 72993 193651 688283 787914 822908 349301 730576 119076 51759 60947 687248 759757 903745
555352 993367 269754 84108 293116 321305 492610 874122 582355 643953 671588 382865 730051 712479 863116 52152 92027 892202 639786 257352 596104 183480 553631 190244 573517 359279 169904 185900 801829 714725 965980 413596 367360 384205 216825 601090 670922 719704 315180 467060 568352 209095 849856 721674 577812 466377 658902 455489 977006 819316 724330 156486 741414 222321 290748 940724 67763 94799 597938 320090 140931 529461 917516 478781 192357 596644 364904 894413 580498 336451 886921 0 207331 917844 561558 848863 878666 881481 647994 150327 538341 377438 509797 349886 867802 936149 627024 149606 779573 432274 167139 964701 595309 415583 242357 793359 69339 532413 441334 245125
366821 540876 129373 680324 738970 945215 393760 147363 45924 298754 28627 319560 170732 337100 928111 82776 452842 393059 314533 659230 523576 587237 138826 576686 623901 400447 121726 746454 406169 137263 616816 884330 790238 390663 216631 312257 943215 112479 481321 829086 785653 161697 663743 185138 618732 82180 544077 339663 334098 733698 265751 22165 206688 407154 253928 446797 972690 516505 421392 233599 997952 588405 211118 386390 274396 21187 867582 436726 110027 435452 378558 207331 0 387937 91668 373287 223787 327414 375299 112178 159983 855679 31450 141073 473642 984021 704432 887096 361178 918274 187856 830174 724461 677322 668320 879517 624537 344582 946299 316306
53013 832872 990836 259465 309133 102338 728221 16167 874222 925818 404855 761615 560018 33082 928956 219027 859372 221123 398864 390146 920958 483041 861927 244063 48431 954061 768642 397108 214364 390769 531422 214046 399541 551537 574453 386426 847043 131236 585 630278 449315 701023 162283 719301 254892 547176 126545 166894 112880 505700 248456 360795 851106 812244 770036 229897 686438 636924 479670 485888 403732 214611 96934 351942 545607 967518 415060 110731 14716 697070 856850 917844 387937 0 928100 550980 541553 41231 645393 91190 436450 444872 985893 328280 95419 279614 371910 557566 274214 728016 22918 525062 40212 558408 449450 294095 547151 100138 42522 88866
102848 687990 501084 256887 40316 497545 672610 900822 800150 857693 789642 433958 329738 568532 465249 231917 893366 820648 407869 949924 431824 888527 165973 487992 453735 651746 764751 82140 374178 557051 81853 698421 812264 711294 581006 903358 57230 340892 179836 431803 190723 506119 276289 20627 177205 632665 48751 382573 2074 802852 679976 406723 277303 493846 59469 33990 212310 806429 837711 844474 731041 79393 60986 132079 759623 523028 731565 853473 843616 580971 83888 561558 91668 928100 0 762007 989922 558702 756881 41394 413736 379136 995307 554724 20774 948429 553365 268355 468418 362053 443478 914386 43253 81761 872724 868248 169243 742549 347393 517671
270435 681174 355262 301678 224594 177212 262529 956008 319492 122404 792505 982937 523771 237205 851035 85922 536130 777060 118616 314477 821843 37926 353339 742886 451222 251064 75942 574207 312634 679991 161602 59147 310374 419909 67087 203110 612163 19636 931583 781589 799049 783738 409794 55988 377 68914 993942 791919 591125 209712 381831 538308 141875 832329 763702 485868 610308 45533 265971 600819 612404 307850 481981 2787 583993 87418 970405 763214 764619 453694 700107 848863 373287 550980 762007 0 817281 383124 940088 360300 638009 440935 454771 282295 174038 987582 133416 621951 94287 718383 286325 924428 68369 112250 109417 542428 809578 889055 750589 24114
813510 76314 832681 492784 853707 160020 253372 797529 570739 780841 805275 900549 219090 419323 471722 942758 358541 298942 564265 309191 484256 337075 309740 393348 377571 784688 964030 352385 271735 751495 793059 464497 825233 401321 976461 451694 514859 281219 426902 77249 535768 845715 342789 973704 515362 670979 344644 905742 478908 651577 55614 797906 151259 530216 990105 448138 188048 990991 43214 301453 279935 935819 654281 304422 393783 680362 579288 85220 627941 367869 434243 878666 223787 541553 989922 817281 0 867924 434720 769660 850373 201961 741050 75568 657992 206029 902176 316994 318238 401066 592918 747845 775040 399755 356449 748551 552179 308312 791071 990712
129773 283777 896146 566688 993055 299338 753237 773021 910808 660504 401473 460167 474241 295979 473537 793427 887506 265119 901959 74803 354947 816472 14909 800416 22518 551364 299446 890316 493860 103122 724973 544978 891147 175325 245072 978746 711287 689841 203515 359136 268555 786385 562045 417430 298643 501690 549619 686821 213225 171939 81273 680878 671994 109618 339212 192785 602939 560478 38052 581992 814192 637690 108522 282132 339116 460556 164021 703478 679658 185639 635481 881481 327414 41231 558702 383124 867924 0 685095 73998 900509 365786 631776 460449 554520 563476 182635 531849 498713 637461 49299 399700 135577 381978 10482 266874 192979 184813 251215 85400
931306 160725 62384 417116 973186 954181 580158 401706 467804 900916 321838 43917 239498 966915 952325 820972 552038 15709 998092 208678 139966 428215 742331 913610 872004 872084 101030 44491 563140 973044 191272 846861 901432 777202 79168 14827 240167 485521 63380 422964 519040 497491 639862 452316 306749 105444 216911 272057 575523 336076 212489 994534 867826 259277 893272 923213 102387 202284 589959 703692 983650 965933 532959 28834 422489 466372 317802 920089 260364 994122 601269 647994 375299 645393 756881 940088 434720 685095 0 999160 988583 539590 153821 872963 384703 592856 305833 773771 606202 553812 86196 560546 811539 394012 811493 755919 433505 151101 15755 740031
138523 117050 126966 897188 513579 64647 430750 570344 403796 988791 617993 787425 31709 853325 145141 115564 72437 199864 121374 463546 318805 305190 360045 76880 761014 683742 539413 619331 871839 877841 229668 469785 250321 977721 778079 42767 786926 806156 18496 187919 535896 875739 840162 441775 272556 60689 471579 648903 337896 679598 622135 353023 303946 219346 103427 149840 605483 525121 477287 46723 76757 619011 27578 291690 709942 648400 717745 491158 197795 352431 522122 150327 112178 91190 41394 360300 769660 73998 999160 0 6021 716275 591861 559203 564441 342577 135931 129341 888976 388739 131878 191551 274464 38639 137759 777688 293807 201344 748518 218279
878113 216282 876251 305014 58287 926071 555741 868724 779429 895353 203961 778099 594695 238477 71888 719879 267594 143145 252925 887647 686536 633913 600033 788839 256821 473872 380525 768103 36234 756470 830306 845142 603359 978357 200387 425543 311117 820045 341203 875999 627102 226732 176019 998626 966540 498443 225505 133056 745558 272950 172124 507917 549738 731156 194367 686730 85566 723303 949457 928070 108865 173363 494605 122007 927220 186616 161612 620245 703577 511515 506139 538341 159983 436450 413736 638009 850373 900509 988583 6021 0 943554 815459 332493 911511 276389 236346 89040 901927 108306 788988 530595 254031 872213 371862 579273 1104 915232 326114 206221
74670 600357 96286 152620 97179 259422 474870 78740 766214 757702 274244 28259 67443 392220 433138 437983 886756 146770 599700 855756 741789 320920 772535 609972 287096 154745 711060 997468 424761 31705 110114 510656 173372 430680 359271 335344 951286 891531 752508 311874 555389 247929 989455 827974 951250 150437 481303 280627 538573 916767 575405 220362 417303 407619 893290 144236 719226 278206 817489 911504 701545 726009 535399 551827 27166 977006 8330 567626 774688 706827 176730 377438 855679 444872 379136 440935 201961 365786 539590 716275 943554 0 527462 933310 601395 437467 68250 565545 403341 341069 701715 685476 225035 918225 333707 577651 481724 850448 749435 161316
411572 317810 79356 622866 159246 538173 459092 619663 839677 601119 635377 131487 660719 645343 935872 403379 316784 990545 651166 355013 186258 960136 934896 553107 892118 247865 663829 598103 212682 659826 465153 342081 559252 112034 489200 499737 238416 319533 474375 345623 21653 515541 175178 592821 669927 621892 783551 523662 206863 410739 236692 782296 417774 451643 492430 838402 836793 220199 137812 648133 124973 173 100848 860220 926452 154358 114241 61262 988200 344400 73095 509797 31450 985893 995307 454771 741050 631776 153821 591861 815459 527462 0 967547 401692 187159 783825 263467 568096 289917 166941 938617 876869 486727 484401 716959 17522 939796 783389 244237
416131 568132 978618 91871 837781 390578 624017 130387 467380 768183 94218 596236 669050 830566 692147 402100 349205 292000 722078 475778 603312 545882 228332 606370 549756 420732 948246 311716 549921 702605 940839 123184 847654 619415 276993 856554 79404 489298 594434 124360 74937 332542 937698 201685 763738 269659 890855 549562 50346 48770 463164 718592 862374 846793 319024 761745 164892 719429 946812 39325 996672 977470 837762 90410 375333 811260 870975 457250 192762 54162 129758 349886 141073 328280 554724 282295 75568 460449 872963 559203 332493 933310 967547 0 53328 292398 172424 57555 809012 642873 176909 730599 225660 449011 283558 866569 455509 16480 368482 685767
741218 877665 665853 251471 746062 392266 377614 277840 841023 967547 866942 254015 901361 829941 369934 929528 874154 599807 642428 647369 281638 83138 249267 979622 842673 166466 910975 40060 773089 497733 895495 175471 261966 405864 185440 639987 510485 493932 968981 290933 574490 478822 438293 687035 447874 745111 554538 141704 364196 102348 608749 305937 80669 535149 212907 227241 261097 313762 534034 720937 100715 183242 820268 576189 136856 25304 713921 841570 254656 89678 296525 867802 473642 95419 20774 174038 657992 554520 384703 564441 911511 601395 401692 53328 0 340088 986972 684152 246343 709277 56442 921117 842489 129043 332677 506378 859785 543021 553854 597112
435523 250650 738890 94301 71085 118257 516930 220708 850140 279248 767298 188925 273644 523573 828207 162103 179951 375458 434147 547616 838081 647264 469338 390478 731093 516413 211838 308453 9674 620312 793781 472678 452886 303893 241352 449231 711667 327594 889328 809564 79561 247503 966014 58673 157992 303748 509478 311934 816521 509674 571569 422412 752414 972248 708048 452204 139164 173781 804998 104999 149123 350993 400983 474039 372760 408628 296457 811349 150422 733488 288167 936149 984021 279614 948429 987582 206029 563476 592856 342577 276389 437467 187159 292398 340088 0 924974 773800 339353 868788 522656 719593 628070 29061 510536 61950 551461 298622 526576 742652
111060 293094 415829 61795 519006 780145 278735 404926 146124 770680 6425 963993 251035 557766 223569 444244 808143 13317 234402 912313 39177 654133 39942 261833 778731 149527 675820 527563 409761 621573 769573 250513 801591 853756 47927 90289 432216 817540 612697 496458 480563 972708 470915 50242 29770 921197 364463 286907 953077 2125 883822 781733 816211 95002 433851 868136 815215 15405 554746 458738 575882 776676 44787 343107 969538 448746 486938 267241 328424 806845 333747 627024 704432 371910 553365 133416 902176 182635 305833 135931 236346 68250 783825 172424 986972 924974 0 45150 666493 924821 824844 674905 542600 925430 423595 937890 837770 631102 322953 117443
460313 328941 849790 315469 964099 198667 816217 603315 456074 461059 108909 477900 651093 405204 281671 673443 295333 530190 48735 23747 809965 390005 631639 715269 360952 553792 372404 892064 611355 906421 34878 644228 635370 435198 228365 733902 34019 283023 461639 376896 982726 50086 805536 316086 609111 87599 272955 643993 361023 321526 446477 525445 566168 44195 498444 221313 258595 100592 523571 891593 229044 693604 307041 754566 794463 107959 665385 6822 27850 269218 72993 149606 887096 557566 268355 621951 316994 531849 773771 129341 89040 565545 263467 57555 684152 773800 45150 0 168755 482641 872742 217061 910494 752551 483297 402711 203713 148982 517032 236744
769979 393119 17138 81359 185392 166845 572455 767443 165301 247770 799619 186412 83837 20918 118640 469086 918877 146231 162879 843281 67044 595173 397775 830112 102870 870290 142262 994786 629788 151758 104008 116377 333864 16917 705031 820221 660006 84176 332165 67460 560969 525549 701358 467681 518995 697107 63993 907939 2247 176038 1861 816824 882642 233496 155242 602215 430988 293813 687636 37733 907910 579971 716368 697840 38167 11852 958054 580800 901634 100024 193651 779573 361178 274214 468418 94287 318238 498713 606202 888976 901927 403341 568096 809012 246343 339353 666493 168755 0 724720 953221 813416 350911 407542 796703 381708 594145 162502 446293 488770
621994 444817 757519 542166 372145 273466 272565 116861 250199 498722 504663 893653 686763 699891 959923 761015 650324 682353 565343 299278 3948 311287 744029 802322 137873 182485 4841 43893 749872 265174 485534 284939 17660 693579 888814 417056 87995 659176 16403 303994 507796 648625 518151 30978 738005 251056 169870 476090 395501 195720 999081 385611 284065 580225 526293 189614 751456 143228 901019 210432 981192 100186 788793 988533 361736 834213 821476 359251 754180 92032 688283 432274 918274 728016 362053 718383 401066 637461 553812 388739 108306 341069 289917 642873 709277 868788 924821 482641 724720 0 967667 663790 937554 770153 834214 402818 191944 684094 704502 214915
451133 992102 700154 695667 529236 300716 566518 139583 408637 503810 774687 896410 296101 734163 782009 620553 10437 834858 416856 916684 224108 160513 541899 624514 467494 616025 265144 636458 937339 74358 716333 996444 592483 139819 704760 63062 906525 136025 562632 216303 735325 754541 267242 504406 306440 100687 869449 744067 442857 640690 937935 968532 219547 394573 763826 101101 357384 827278 930339 320242 776201 928661 540934 76958 742666 782404 823047 308174 37668 710218 787914 167139 187856 22918 443478 286325 592918 49299 86196 131878 788988 701715 166941 176909 56442 522656 824844 872742 953221 967667 0 534321 299428 792831 551130 764756 79768 616038 793599 445110
784570 778463 565519 917367 465253 851187 618280 487949 552891 51265 263736 378320 164657 208164 122552 480308 957889 96026 169366 79016 863127 191027 37988 29175 723411 575342 453218 127881 841312 756813 904271 750528 315865 89959 542962 257071 654454 501288 720664 555534 93697 151715 739165 839998 774478 227306 456135 411815 80492 774430 490429 773357 942698 935855 259360 594072 426593 588001 786194 863115 653324 948301 134324 965550 465836 575626 131781 958470 491383 99139 822908 964701 830174 525062 914386 924428 747845 399700 560546 191551 530595 685476 938617 730599 921117 719593 674905 217061 813416 663790 534321 0 311635 36951 28711 687451 415057 104940 58862 799616
592825 541227 675940 6278 147030 929582 134276 57242 290728 452554 227525 849614 450622 215260 802801 156905 300830 488519 864494 256495 284447 465206 247349 499601 39306 360116 618921 627479 590263 940008 944803 11619 564317 698600 805513 498883 415433 345119 414753 710219 559182 344325 504319 892041 26772 803010 733691 155933 756775 796032 514976 689570 344358 243859 745867 39456 845033 143495 826947 767331 749786 289829 491981 813959 78697 742384 669368 376746 527597 335568 349301 595309 724461 40212 43253 68369 775040 135577 811539 274464 254031 225035 876869 225660 842489 628070 542600 910494 350911 937554 299428 311635 0 970546 529283 769028 875447 211916 636084 919906
360120 117052 190124 114905 953560 753981 911815 478229 19218 907246 787310 697488 772049 875677 817259 469134 676391 963568 977734 263949 714807 219303 129738 189018 916470 957666 681079 462385 512414 982219 956263 612979 70015 295030 11482 859849 278063 548365 242229 426244 996976 447071 918113 910604 775689 175634 517899 351279 769154 121811 272698 952905 861042 516391 508972 36310 126607 729331 102448 227293 264258 542642 358454 228629 272920 964409 103225 79574 944308 321579 730576 415583 677322 558408 81761 112250 399755 381978 394012 38639 872213 918225 486727 449011 129043 29061 925430 752551 407542 770153 792831 36951 970546 0 159145 904851 181930 998173 228173 270017
718074 712758 448803 486349 182336 408422 383606 502139 474334 218314 324011 644142 777062 634343 480562 272219 711970 140989 939474 94290 581600 280836 885451 439042 450744 619330 195121 672852 110794 513748 974631 42052 168503 646482 666376 437816 240799 593320 84403 455955 10362 551980 65405 369287 262304 13467 694885 605249 793065 156616 612971 959983 428534 33328 74562 499143 308967 465477 454690 445364 377415 65870 416133 986096 39113 289162 733260 902723 66658 372787 119076 242357 668320 449450 872724 109417 356449 10482 811493 137759 371862 333707 484401 283558 332677 510536 423595 483297 796703 834214 551130 28711 529283 159145 0 858711 717602 659594 687890 584242
906252 656550 213163 720888 296461 12562 209850 234432 965884 107290 64944 520630 70364 927828 219889 535043 580312 787633 405070 496706 135205 777109 321222 239631 431076 495341 712626 292935 903038 926624 461256 989464 768426 995405 941125 678811 926140 970383 562441 82657 663534 962383 992390 222136 267178 235844 806589 861943 825513 208776 487400 877347 898099 843407 652020 663311 906988 510740 480864 175788 339961 600290 470169 523385 413889 646858 823519 199950 64748 460238 51759 793359 879517 294095 868248 542428 748551 266874 755919 777688 579273 577651 716959 866569 506378 61950 937890 402711 381708 402818 764756 687451 769028 904851 858711 0 737570 134749 167099 628791
339777 382214 287309 538871 540159 70819 221253 401366 909971 544056 685862 668524 627682 612321 63113 611116 353420 290763 45645 441829 618177 983631 605292 317002 938482 141974 423382 945623 154233 25913 402176 126038 786238 441110 760604 5497 424775 745771 418831 130796 518902 581219 910814 597166 49479 774010 674284 162421 563062 569859 169787 863059 815684 341533 553600 461669 822067 792872 401910 875370 486142 932436 9558 739895 404310 445521 61199 617245 167727 751786 60947 69339 624537 547151 169243 809578 552179 192979 433505 293807 1104 481724 17522 455509 859785 551461 837770 203713 594145 191944 79768 415057 875447 181930 717602 737570 0 818726 685212 527161
864953 936127 275174 534184 924454 263496 931823 863722 783640 501467 45047 18658 212591 670367 743925 205142 931377 18536 240416 958514 312150 955811 515107 884924 362180 93238 487088 884869 799740 430683 975770 867864 161292 5225 748226 356675 378574 582990 120681 906957 803709 129774 805484 899594 466619 929790 916424 414226 913357 775223 285752 703369 895647 471146 804200 905944 943342 581384 704645 936589 591604 252340 281692 203827 963138 646320 645046 809025 846085 210795 687248 532413 344582 100138 742549 889055 308312 184813 151101 201344 915232 850448 939796 16480 543021 298622 631102 148982 162502 684094 616038 104940 211916 998173 659594 134749 818726 0 77911 774594
373544 556124 395617 625304 970267 440120 958815 487898 429988 194908 339668 39162 245013 902852 590809 425050 721668 777395 102217 488892 588937 931123 462849 178156 366065 540100 264936 431762 386071 866601 124153 859677 857595 175276 721897 61912 438700 422452 467816 839984 92495 880902 619625 461407 514119 226218 697024 742371 482825 936769 406345 931380 610076 529835 566378 442654 834701 313186 787779 682436 9396 467341 116774 832726 302788 161607 428263 184884 841627 825399 759757 441334 946299 42522 347393 750589 791071 251215 15755 748518 326114 749435 783389 368482 553854 526576 322953 517032 446293 704502 793599 58862 636084 228173 687890 167099 685212 77911 0 652604
474110 387680 21673 613478 771340 169541 294678 151454 811044 241939 735704 107340 404760 640369 814640 455670 32705 614437 314723 58399 106486 744384 676032 33759 194108 232189 980020 552331 828984 144267 992550 95511 740342 692432 522218 230956 159308 231894 834784 13119 539769 501821 67112 536144 954737 133081 344303 830701 571708 911944 49302 519725 359965 431604 174724 966194 386379 805161 406994 32897 524681 472085 839404 400434 207206 554563 738413 566447 378372 783500 903745 245125 316306 88866 517671 24114 990712 85400 740031 218279 206221 161316 244237 685767 597112 742652 117443 236744 488770 214915 445110 799616 919906 270017 584242 628791 527161 774594 652604 0
