10000 876
3 0 1258 1258 882 2140 7860
3 0 1416 1416 2390 3806 6194
3 0 2993 2993 5663 8656 1344
3 0 5796 5796 357 6153 3847
3 0 3556 3556 4976 8532 1468
4 0 3090 3090 353 3443 3151 6594 3406
3 0 811 811 6863 7674 2326
2 0 2432 2432 7568
3 0 1897 1897 35 1932 8068
3 0 541 541 3985 4526 5474
3 0 935 935 1542 2477 7523
3 0 2497 2497 462 2959 7041
3 0 2082 2082 2594 4676 5324
4 0 1147 1147 2965 4112 3330 7442 2558
4 0 5427 5427 2781 8208 1570 9778 222
3 0 334 334 4186 4520 5480
3 0 5317 5317 2713 8030 1970
4 0 3357 3357 1760 5117 1627 6744 3256
3 0 987 987 6632 7619 2381
3 0 4202 4202 256 4458 5542
2 0 3287 3287 6713
3 0 6118 6118 963 7081 2919
1 0 10000
3 0 7315 7315 1511 8826 1174
3 0 3966 3966 4794 8760 1240
3 0 6806 6806 1679 8485 1515
4 0 4452 4452 80 4532 1734 6266 3734
3 0 6156 6156 2789 8945 1055
1 0 10000
4 0 462 462 1673 2135 547 2682 7318
3 0 7155 7155 412 7567 2433
3 0 7499 7499 500 7999 2001
3 0 3318 3318 1591 4909 5091
3 0 291 291 3570 3861 6139
3 0 2805 2805 4308 7113 2887
4 0 603 603 7753 8356 483 8839 1161
3 0 2691 2691 1354 4045 5955
4 0 580 580 4942 5522 3575 9097 903
3 0 5948 5948 1538 7486 2514
3 0 3871 3871 1446 5317 4683
3 0 8135 8135 1244 9379 621
1 0 10000
1 0 10000
3 0 9056 9056 221 9277 723
3 0 3406 3406 549 3955 6045
4 0 1464 1464 2885 4349 2590 6939 3061
2 0 880 880 9120
3 0 2175 2175 917 3092 6908
2 0 4153 4153 5847
4 0 4428 4428 2843 7271 129 7400 2600
3 0 4808 4808 4262 9070 930
4 0 851 851 740 1591 601 2192 7808
3 0 1102 1102 6198 7300 2700
3 0 4515 4515 2833 7348 2652
3 0 1990 1990 4842 6832 3168
3 0 3743 3743 2693 6436 3564
3 0 2592 2592 7152 9744 256
3 0 6391 6391 239 6630 3370
3 0 6418 6418 789 7207 2793
3 0 149 149 6125 6274 3726
4 0 3969 3969 1641 5610 1491 7101 2899
3 0 560 560 2717 3277 6723
4 0 4970 4970 2637 7607 790 8397 1603
3 0 498 498 886 1384 8616
3 0 2039 2039 3082 5121 4879
3 0 7968 7968 130 8098 1902
3 0 1253 1253 2139 3392 6608
3 0 4634 4634 2036 6670 3330
3 0 3402 3402 2773 6175 3825
3 0 3108 3108 4701 7809 2191
4 0 4490 4490 3988 8478 1460 9938 62
3 0 2144 2144 456 2600 7400
4 0 3391 3391 4309 7700 1547 9247 753
4 0 1867 1867 3461 5328 2682 8010 1990
4 0 5772 5772 199 5971 3841 9812 188
3 0 8993 8993 470 9463 537
2 0 6329 6329 3671
3 0 426 426 2003 2429 7571
3 0 2899 2899 5039 7938 2062
3 0 7190 7190 1492 8682 1318
3 0 4090 4090 2812 6902 3098
3 0 3040 3040 2162 5202 4798
3 0 1908 1908 158 2066 7934
3 0 1600 1600 6636 8236 1764
4 0 4401 4401 17 4418 804 5222 4778
4 0 205 205 16 221 242 463 9537
3 0 763 763 4417 5180 4820
3 0 4476 4476 3195 7671 2329
3 0 2687 2687 2318 5005 4995
3 0 1415 1415 5236 6651 3349
4 0 3196 3196 4554 7750 252 8002 1998
2 0 4588 4588 5412
2 0 4687 4687 5313
2 0 1856 1856 8144
4 0 5382 5382 559 5941 3981 9922 78
2 0 210 210 9790
3 0 201 201 2110 2311 7689
3 0 3275 3275 3292 6567 3433
2 0 9482 9482 518
3 0 548 548 8508 9056 944
3 0 1504 1504 5301 6805 3195
3 0 2318 2318 3616 5934 4066
3 0 4015 4015 1099 5114 4886
4 0 4294 4294 834 5128 3763 8891 1109
2 0 6389 6389 3611
3 0 5107 5107 582 5689 4311
3 0 5905 5905 2358 8263 1737
3 0 9133 9133 676 9809 191
3 0 603 603 4667 5270 4730
3 0 4492 4492 2812 7304 2696
4 0 890 890 2948 3838 5541 9379 621
3 0 2961 2961 5374 8335 1665
4 0 5011 5011 2789 7800 62 7862 2138
2 0 6418 6418 3582
3 0 4315 4315 29 4344 5656
3 0 942 942 3316 4258 5742
4 0 1836 1836 1461 3297 2687 5984 4016
4 0 5054 5054 235 5289 1742 7031 2969
4 0 3707 3707 417 4124 5596 9720 280
3 0 1588 1588 1772 3360 6640
4 0 4652 4652 1001 5653 1172 6825 3175
3 0 3734 3734 408 4142 5858
3 0 161 161 5979 6140 3860
4 0 1298 1298 1813 3111 4538 7649 2351
4 0 190 190 3716 3906 1836 5742 4258
3 0 5794 5794 2106 7900 2100
4 0 3142 3142 702 3844 2117 5961 4039
4 0 1186 1186 2423 3609 2599 6208 3792
3 0 4620 4620 235 4855 5145
4 0 3503 3503 3076 6579 674 7253 2747
4 0 2315 2315 1062 3377 296 3673 6327
3 0 6941 6941 1416 8357 1643
3 0 5504 5504 3504 9008 992
3 0 3964 3964 386 4350 5650
3 0 127 127 3276 3403 6597
3 0 4399 4399 1346 5745 4255
3 0 785 785 2124 2909 7091
3 0 97 97 2959 3056 6944
3 0 1439 1439 2906 4345 5655
3 0 5369 5369 3793 9162 838
4 0 7352 7352 313 7665 803 8468 1532
3 0 1454 1454 2304 3758 6242
3 0 3217 3217 4823 8040 1960
3 0 4904 4904 4365 9269 731
3 0 3128 3128 510 3638 6362
2 0 639 639 9361
3 0 2503 2503 758 3261 6739
4 0 5838 5838 194 6032 997 7029 2971
3 0 2125 2125 3361 5486 4514
3 0 1473 1473 2327 3800 6200
3 0 1806 1806 6307 8113 1887
4 0 914 914 900 1814 3467 5281 4719
3 0 5379 5379 3381 8760 1240
3 0 5146 5146 205 5351 4649
3 0 2679 2679 3186 5865 4135
3 0 2007 2007 7618 9625 375
3 0 1709 1709 5585 7294 2706
3 0 651 651 5150 5801 4199
3 0 486 486 5568 6054 3946
4 0 1917 1917 1390 3307 2391 5698 4302
3 0 4533 4533 191 4724 5276
3 0 3567 3567 1529 5096 4904
3 0 2398 2398 3615 6013 3987
3 0 3007 3007 5184 8191 1809
4 0 3066 3066 1464 4530 2616 7146 2854
3 0 608 608 2765 3373 6627
3 0 1008 1008 4004 5012 4988
3 0 3062 3062 3402 6464 3536
4 0 3309 3309 2067 5376 4423 9799 201
3 0 2370 2370 1678 4048 5952
4 0 1712 1712 868 2580 1310 3890 6110
4 0 3182 3182 1052 4234 3067 7301 2699
3 0 3596 3596 3728 7324 2676
2 0 7625 7625 2375
4 0 1598 1598 1007 2605 3376 5981 4019
4 0 1028 1028 3460 4488 4875 9363 637
4 0 3108 3108 3240 6348 1526 7874 2126
3 0 4996 4996 1763 6759 3241
4 0 953 953 296 1249 6527 7776 2224
3 0 5725 5725 4038 9763 237
4 0 520 520 1343 1863 1239 3102 6898
4 0 355 355 5792 6147 2491 8638 1362
3 0 8774 8774 18 8792 1208
3 0 5848 5848 2279 8127 1873
3 0 3597 3597 5983 9580 420
3 0 7137 7137 1046 8183 1817
2 0 7388 7388 2612
3 0 2077 2077 519 2596 7404
4 0 98 98 54 152 4493 4645 5355
3 0 4120 4120 1730 5850 4150
3 0 2728 2728 2018 4746 5254
4 0 746 746 228 974 3139 4113 5887
3 0 4645 4645 1533 6178 3822
3 0 7566 7566 1495 9061 939
3 0 2904 2904 3791 6695 3305
3 0 7014 7014 262 7276 2724
2 0 3023 3023 6977
3 0 3673 3673 2720 6393 3607
3 0 4530 4530 94 4624 5376
4 0 4268 4268 140 4408 850 5258 4742
4 0 3985 3985 2452 6437 3411 9848 152
3 0 1345 1345 5685 7030 2970
3 0 1445 1445 2985 4430 5570
3 0 2060 2060 3501 5561 4439
3 0 4109 4109 4678 8787 1213
3 0 6149 6149 3725 9874 126
4 0 7406 7406 646 8052 133 8185 1815
3 0 1454 1454 34 1488 8512
2 0 3441 3441 6559
3 0 3490 3490 5414 8904 1096
3 0 1349 1349 4360 5709 4291
3 0 7197 7197 1495 8692 1308
3 0 4186 4186 1049 5235 4765
4 0 3920 3920 9 3929 2824 6753 3247
3 0 297 297 875 1172 8828
3 0 899 899 4798 5697 4303
3 0 1422 1422 1089 2511 7489
3 0 7528 7528 322 7850 2150
4 0 1567 1567 5531 7098 545 7643 2357
3 0 4804 4804 1120 5924 4076
3 0 2760 2760 795 3555 6445
3 0 1196 1196 2510 3706 6294
3 0 4987 4987 3089 8076 1924
3 0 1930 1930 5882 7812 2188
3 0 2157 2157 6651 8808 1192
3 0 6868 6868 358 7226 2774
3 0 3221 3221 1401 4622 5378
3 0 6952 6952 1523 8475 1525
3 0 1362 1362 3163 4525 5475
3 0 1962 1962 871 2833 7167
4 0 2367 2367 752 3119 372 3491 6509
4 0 1298 1298 2907 4205 1880 6085 3915
2 0 1647 1647 8353
3 0 1009 1009 5329 6338 3662
3 0 3686 3686 3606 7292 2708
3 0 1936 1936 4302 6238 3762
3 0 1058 1058 5004 6062 3938
3 0 2629 2629 1998 4627 5373
3 0 2286 2286 467 2753 7247
4 0 3731 3731 3744 7475 1298 8773 1227
4 0 4088 4088 1229 5317 4363 9680 320
3 0 4983 4983 973 5956 4044
3 0 2203 2203 4671 6874 3126
4 0 3966 3966 2378 6344 2668 9012 988
4 0 2832 2832 1308 4140 2973 7113 2887
4 0 159 159 2348 2507 5178 7685 2315
3 0 2162 2162 184 2346 7654
3 0 3716 3716 1647 5363 4637
3 0 6985 6985 1656 8641 1359
3 0 5722 5722 3313 9035 965
3 0 2967 2967 5054 8021 1979
3 0 6021 6021 1756 7777 2223
3 0 1767 1767 1880 3647 6353
4 0 555 555 2042 2597 2786 5383 4617
3 0 9343 9343 364 9707 293
3 0 1183 1183 2650 3833 6167
3 0 1130 1130 4324 5454 4546
3 0 2484 2484 4100 6584 3416
2 0 9476 9476 524
3 0 6651 6651 604 7255 2745
3 0 3131 3131 2114 5245 4755
3 0 4966 4966 243 5209 4791
4 0 84 84 4594 4678 3959 8637 1363
4 0 1159 1159 1324 2483 6704 9187 813
3 0 7741 7741 2248 9989 11
4 0 452 452 68 520 653 1173 8827
3 0 5715 5715 1817 7532 2468
3 0 1892 1892 607 2499 7501
3 0 1990 1990 4912 6902 3098
3 0 1366 1366 6855 8221 1779
3 0 4686 4686 31 4717 5283
3 0 5479 5479 164 5643 4357
3 0 3892 3892 5363 9255 745
4 0 1857 1857 1218 3075 4131 7206 2794
3 0 1466 1466 2148 3614 6386
3 0 1621 1621 3100 4721 5279
2 0 3339 3339 6661
4 0 6521 6521 382 6903 1853 8756 1244
3 0 1411 1411 47 1458 8542
2 0 1925 1925 8075
3 0 8206 8206 844 9050 950
3 0 2627 2627 1483 4110 5890
3 0 1279 1279 2015 3294 6706
2 0 4183 4183 5817
2 0 3835 3835 6165
3 0 1742 1742 2284 4026 5974
3 0 3397 3397 2496 5893 4107
3 0 3980 3980 753 4733 5267
2 0 5550 5550 4450
4 0 695 695 501 1196 115 1311 8689
3 0 7723 7723 1812 9535 465
3 0 5968 5968 1852 7820 2180
3 0 1862 1862 5075 6937 3063
2 0 6632 6632 3368
3 0 2316 2316 3596 5912 4088
3 0 150 150 2062 2212 7788
3 0 6300 6300 3185 9485 515
3 0 7958 7958 1405 9363 637
4 0 3393 3393 1998 5391 2216 7607 2393
3 0 4615 4615 4613 9228 772
4 0 6442 6442 1030 7472 2193 9665 335
3 0 165 165 1805 1970 8030
3 0 1996 1996 2551 4547 5453
3 0 3765 3765 555 4320 5680
3 0 3237 3237 1604 4841 5159
3 0 2456 2456 5848 8304 1696
3 0 3454 3454 4779 8233 1767
3 0 5255 5255 4420 9675 325
3 0 3975 3975 1578 5553 4447
3 0 6844 6844 2845 9689 311
4 0 1741 1741 313 2054 2218 4272 5728
3 0 1769 1769 5194 6963 3037
3 0 4782 4782 2137 6919 3081
3 0 2821 2821 2874 5695 4305
3 0 869 869 1158 2027 7973
3 0 6658 6658 837 7495 2505
3 0 1094 1094 7431 8525 1475
1 0 10000
3 0 3012 3012 1453 4465 5535
4 0 4339 4339 1272 5611 759 6370 3630
3 0 1779 1779 164 1943 8057
2 0 397 397 9603
3 0 4617 4617 3125 7742 2258
2 0 5880 5880 4120
3 0 8847 8847 1149 9996 4
3 0 2674 2674 5010 7684 2316
1 0 10000
3 0 6311 6311 5 6316 3684
4 0 3807 3807 1672 5479 1582 7061 2939
3 0 1634 1634 3947 5581 4419
3 0 7389 7389 592 7981 2019
3 0 5669 5669 520 6189 3811
3 0 4540 4540 2111 6651 3349
3 0 2209 2209 3267 5476 4524
3 0 3455 3455 2380 5835 4165
3 0 672 672 4658 5330 4670
3 0 6291 6291 2706 8997 1003
4 0 4508 4508 487 4995 4123 9118 882
2 0 2785 2785 7215
3 0 2458 2458 5678 8136 1864
3 0 884 884 5409 6293 3707
3 0 5504 5504 3142 8646 1354
2 0 9190 9190 810
3 0 2305 2305 3536 5841 4159
3 0 1230 1230 6205 7435 2565
3 0 3262 3262 3629 6891 3109
3 0 929 929 5543 6472 3528
3 0 5881 5881 2683 8564 1436
3 0 3367 3367 5666 9033 967
2 0 7257 7257 2743
3 0 3063 3063 273 3336 6664
4 0 792 792 3141 3933 6046 9979 21
3 0 2591 2591 7340 9931 69
4 0 2431 2431 602 3033 6932 9965 35
4 0 1797 1797 4562 6359 361 6720 3280
3 0 5871 5871 3 5874 4126
3 0 1732 1732 1875 3607 6393
3 0 7230 7230 80 7310 2690
3 0 7028 7028 1231 8259 1741
3 0 7138 7138 1398 8536 1464
4 0 379 379 136 515 7693 8208 1792
3 0 6930 6930 2408 9338 662
4 0 2239 2239 2728 4967 823 5790 4210
3 0 8047 8047 742 8789 1211
4 0 3859 3859 4531 8390 533 8923 1077
4 0 2951 2951 2168 5119 811 5930 4070
3 0 4928 4928 3855 8783 1217
3 0 961 961 1100 2061 7939
4 0 3008 3008 1962 4970 949 5919 4081
3 0 3451 3451 4094 7545 2455
3 0 6698 6698 842 7540 2460
3 0 7819 7819 1361 9180 820
3 0 5940 5940 1226 7166 2834
3 0 1206 1206 174 1380 8620
3 0 5824 5824 1986 7810 2190
2 0 5735 5735 4265
3 0 6595 6595 359 6954 3046
4 0 1205 1205 5646 6851 1347 8198 1802
3 0 5950 5950 1081 7031 2969
4 0 5448 5448 367 5815 3761 9576 424
4 0 1113 1113 4424 5537 4317 9854 146
4 0 3416 3416 705 4121 2020 6141 3859
3 0 2895 2895 3686 6581 3419
4 0 2556 2556 1398 3954 234 4188 5812
3 0 9335 9335 66 9401 599
3 0 7381 7381 1454 8835 1165
3 0 4390 4390 1512 5902 4098
4 0 2181 2181 2039 4220 1881 6101 3899
3 0 2761 2761 1023 3784 6216
3 0 1644 1644 6350 7994 2006
4 0 961 961 276 1237 1532 2769 7231
3 0 7013 7013 1661 8674 1326
3 0 6007 6007 83 6090 3910
3 0 3139 3139 34 3173 6827
3 0 3785 3785 2730 6515 3485
3 0 5300 5300 1033 6333 3667
3 0 2803 2803 639 3442 6558
3 0 7303 7303 542 7845 2155
4 0 3470 3470 544 4014 140 4154 5846
3 0 464 464 6284 6748 3252
2 0 8036 8036 1964
3 0 2631 2631 3858 6489 3511
3 0 6358 6358 1118 7476 2524
3 0 7653 7653 1790 9443 557
3 0 1379 1379 1393 2772 7228
3 0 3732 3732 4408 8140 1860
3 0 7787 7787 1296 9083 917
3 0 4043 4043 5226 9269 731
4 0 2514 2514 1780 4294 2266 6560 3440
3 0 3954 3954 5090 9044 956
3 0 272 272 8301 8573 1427
3 0 5521 5521 180 5701 4299
4 0 63 63 1023 1086 600 1686 8314
4 0 273 273 841 1114 7597 8711 1289
3 0 6002 6002 37 6039 3961
4 0 6117 6117 1231 7348 1600 8948 1052
3 0 595 595 4997 5592 4408
3 0 3327 3327 500 3827 6173
3 0 55 55 1165 1220 8780
3 0 7503 7503 307 7810 2190
4 0 833 833 1543 2376 5955 8331 1669
3 0 2115 2115 2474 4589 5411
1 0 10000
3 0 4765 4765 1841 6606 3394
4 0 1081 1081 4741 5822 2648 8470 1530
3 0 4300 4300 2682 6982 3018
3 0 2718 2718 4577 7295 2705
3 0 7604 7604 543 8147 1853
3 0 593 593 6417 7010 2990
3 0 9793 9793 59 9852 148
2 0 5176 5176 4824
3 0 4695 4695 1410 6105 3895
3 0 2474 2474 2524 4998 5002
4 0 210 210 1441 1651 577 2228 7772
3 0 1107 1107 3637 4744 5256
4 0 139 139 2724 2863 2966 5829 4171
3 0 5719 5719 630 6349 3651
3 0 254 254 7748 8002 1998
3 0 655 655 7497 8152 1848
3 0 5506 5506 2020 7526 2474
4 0 3914 3914 1810 5724 2188 7912 2088
4 0 1530 1530 946 2476 838 3314 6686
2 0 7285 7285 2715
4 0 469 469 6642 7111 931 8042 1958
3 0 966 966 5791 6757 3243
3 0 1297 1297 5876 7173 2827
3 0 3977 3977 5434 9411 589
3 0 2186 2186 5386 7572 2428
3 0 6686 6686 489 7175 2825
3 0 3836 3836 3803 7639 2361
3 0 5975 5975 1018 6993 3007
3 0 314 314 5445 5759 4241
3 0 7357 7357 496 7853 2147
3 0 5290 5290 4086 9376 624
3 0 2158 2158 3211 5369 4631
2 0 6680 6680 3320
4 0 6758 6758 39 6797 2758 9555 445
3 0 6148 6148 2948 9096 904
3 0 1488 1488 4766 6254 3746
3 0 3273 3273 4699 7972 2028
3 0 6283 6283 2228 8511 1489
3 0 3757 3757 5699 9456 544
4 0 737 737 2966 3703 700 4403 5597
3 0 2739 2739 980 3719 6281
3 0 1712 1712 2067 3779 6221
3 0 7269 7269 1275 8544 1456
4 0 1025 1025 2178 3203 3640 6843 3157
4 0 4334 4334 1672 6006 173 6179 3821
4 0 6676 6676 1892 8568 899 9467 533
4 0 1394 1394 2925 4319 3086 7405 2595
3 0 3274 3274 6294 9568 432
2 0 3206 3206 6794
3 0 9068 9068 522 9590 410
3 0 4715 4715 2473 7188 2812
3 0 3835 3835 4339 8174 1826
3 0 582 582 6092 6674 3326
3 0 6490 6490 1646 8136 1864
4 0 2879 2879 519 3398 413 3811 6189
3 0 552 552 1356 1908 8092
3 0 1064 1064 2502 3566 6434
2 0 7146 7146 2854
2 0 8165 8165 1835
1 0 10000
3 0 6483 6483 347 6830 3170
3 0 4834 4834 1786 6620 3380
3 0 7907 7907 1088 8995 1005
3 0 3113 3113 2848 5961 4039
3 0 3269 3269 5262 8531 1469
4 0 3506 3506 1695 5201 3790 8991 1009
3 0 3511 3511 5957 9468 532
3 0 2990 2990 6654 9644 356
4 0 5952 5952 3469 9421 3 9424 576
3 0 1539 1539 4256 5795 4205
4 0 98 98 1646 1744 6814 8558 1442
3 0 2087 2087 4757 6844 3156
3 0 363 363 5968 6331 3669
4 0 2886 2886 2037 4923 4535 9458 542
4 0 1566 1566 1083 2649 5840 8489 1511
4 0 8513 8513 21 8534 264 8798 1202
3 0 237 237 1187 1424 8576
3 0 4322 4322 3884 8206 1794
3 0 4832 4832 3817 8649 1351
4 0 1134 1134 3963 5097 2852 7949 2051
3 0 1132 1132 3300 4432 5568
3 0 7397 7397 1601 8998 1002
3 0 1353 1353 6414 7767 2233
3 0 925 925 4370 5295 4705
3 0 5736 5736 3762 9498 502
4 0 1896 1896 4950 6846 1434 8280 1720
3 0 651 651 1769 2420 7580
4 0 6721 6721 875 7596 1685 9281 719
3 0 4692 4692 4308 9000 1000
2 0 8757 8757 1243
3 0 5308 5308 26 5334 4666
4 0 6140 6140 2979 9119 378 9497 503
4 0 692 692 2657 3349 2920 6269 3731
3 0 6523 6523 2859 9382 618
4 0 163 163 3355 3518 5091 8609 1391
3 0 4754 4754 3127 7881 2119
4 0 154 154 1242 1396 7422 8818 1182
3 0 5267 5267 2124 7391 2609
3 0 4038 4038 4806 8844 1156
3 0 6299 6299 313 6612 3388
3 0 2562 2562 4470 7032 2968
3 0 5304 5304 1001 6305 3695
3 0 5696 5696 4 5700 4300
3 0 4261 4261 630 4891 5109
3 0 3292 3292 1827 5119 4881
3 0 5920 5920 3841 9761 239
3 0 4169 4169 801 4970 5030
4 0 1384 1384 1876 3260 5298 8558 1442
4 0 2595 2595 3383 5978 3527 9505 495
3 0 854 854 6678 7532 2468
3 0 3485 3485 1770 5255 4745
3 0 7522 7522 480 8002 1998
3 0 4365 4365 5164 9529 471
3 0 2114 2114 1775 3889 6111
3 0 711 711 3330 4041 5959
3 0 5687 5687 1657 7344 2656
3 0 2603 2603 6671 9274 726
4 0 2343 2343 1729 4072 2166 6238 3762
2 0 9443 9443 557
3 0 2445 2445 7183 9628 372
3 0 2107 2107 1687 3794 6206
3 0 1458 1458 502 1960 8040
3 0 1628 1628 665 2293 7707
3 0 4581 4581 1204 5785 4215
3 0 2420 2420 3198 5618 4382
3 0 5473 5473 2846 8319 1681
4 0 563 563 1606 2169 3795 5964 4036
3 0 2534 2534 7187 9721 279
4 0 5790 5790 2460 8250 862 9112 888
3 0 2207 2207 6924 9131 869
4 0 764 764 3280 4044 2704 6748 3252
3 0 4590 4590 3793 8383 1617
3 0 5106 5106 795 5901 4099
3 0 6210 6210 3708 9918 82
3 0 1307 1307 1185 2492 7508
3 0 3601 3601 2207 5808 4192
4 0 1025 1025 3996 5021 2669 7690 2310
3 0 4542 4542 5363 9905 95
3 0 3856 3856 2113 5969 4031
3 0 502 502 1072 1574 8426
4 0 233 233 3764 3997 927 4924 5076
3 0 1767 1767 4408 6175 3825
3 0 4570 4570 3139 7709 2291
4 0 2926 2926 440 3366 4620 7986 2014
3 0 6460 6460 2636 9096 904
3 0 4331 4331 2034 6365 3635
4 0 1616 1616 446 2062 980 3042 6958
3 0 1267 1267 1206 2473 7527
3 0 5115 5115 3422 8537 1463
3 0 2033 2033 47 2080 7920
3 0 3980 3980 1995 5975 4025
3 0 1459 1459 738 2197 7803
2 0 7002 7002 2998
2 0 3855 3855 6145
3 0 5030 5030 3419 8449 1551
4 0 2478 2478 2053 4531 4415 8946 1054
2 0 4448 4448 5552
1 0 10000
3 0 5635 5635 1178 6813 3187
4 0 6166 6166 2304 8470 1419 9889 111
2 0 8964 8964 1036
3 0 525 525 7712 8237 1763
3 0 2277 2277 2185 4462 5538
3 0 1195 1195 3701 4896 5104
3 0 848 848 3155 4003 5997
3 0 4406 4406 343 4749 5251
1 0 10000
3 0 533 533 1011 1544 8456
3 0 2174 2174 619 2793 7207
3 0 1931 1931 7807 9738 262
4 0 2775 2775 884 3659 5955 9614 386
2 0 3589 3589 6411
4 0 1380 1380 3861 5241 1660 6901 3099
4 0 3087 3087 1760 4847 331 5178 4822
3 0 5006 5006 3111 8117 1883
3 0 2427 2427 606 3033 6967
1 0 10000
3 0 4845 4845 1682 6527 3473
3 0 3922 3922 480 4402 5598
3 0 3000 3000 1409 4409 5591
3 0 7736 7736 1353 9089 911
4 0 265 265 1260 1525 2218 3743 6257
3 0 6428 6428 855 7283 2717
3 0 2262 2262 3932 6194 3806
3 0 2842 2842 154 2996 7004
3 0 1264 1264 684 1948 8052
4 0 1345 1345 927 2272 837 3109 6891
3 0 7430 7430 2385 9815 185
3 0 1100 1100 4274 5374 4626
4 0 464 464 1864 2328 1522 3850 6150
3 0 8323 8323 1062 9385 615
3 0 492 492 2452 2944 7056
2 0 4123 4123 5877
2 0 5494 5494 4506
3 0 8337 8337 1440 9777 223
4 0 2307 2307 3541 5848 3107 8955 1045
3 0 5176 5176 1208 6384 3616
2 0 3978 3978 6022
4 0 3240 3240 2054 5294 1668 6962 3038
4 0 3753 3753 1938 5691 1489 7180 2820
2 0 7591 7591 2409
3 0 6454 6454 2080 8534 1466
3 0 9206 9206 390 9596 404
3 0 4336 4336 2253 6589 3411
4 0 6107 6107 1480 7587 2212 9799 201
3 0 1219 1219 3971 5190 4810
3 0 606 606 6026 6632 3368
3 0 6077 6077 2520 8597 1403
3 0 6735 6735 335 7070 2930
3 0 1542 1542 1544 3086 6914
3 0 78 78 3536 3614 6386
2 0 4849 4849 5151
3 0 3343 3343 1169 4512 5488
3 0 942 942 8261 9203 797
3 0 3943 3943 5694 9637 363
3 0 9731 9731 128 9859 141
4 0 3710 3710 3018 6728 1082 7810 2190
3 0 7509 7509 508 8017 1983
2 0 8086 8086 1914
3 0 994 994 647 1641 8359
4 0 4693 4693 1842 6535 859 7394 2606
3 0 8421 8421 1039 9460 540
3 0 1368 1368 7669 9037 963
3 0 3860 3860 2574 6434 3566
3 0 7907 7907 1452 9359 641
3 0 511 511 2885 3396 6604
1 0 10000
3 0 8204 8204 480 8684 1316
4 0 2568 2568 3639 6207 534 6741 3259
4 0 3209 3209 418 3627 5116 8743 1257
4 0 3212 3212 3948 7160 2591 9751 249
3 0 5470 5470 48 5518 4482
2 0 3791 3791 6209
4 0 1117 1117 2441 3558 1054 4612 5388
3 0 8534 8534 1005 9539 461
3 0 5604 5604 1584 7188 2812
3 0 4089 4089 406 4495 5505
3 0 8368 8368 844 9212 788
3 0 5945 5945 649 6594 3406
3 0 1795 1795 6150 7945 2055
3 0 3102 3102 715 3817 6183
3 0 855 855 6718 7573 2427
3 0 1166 1166 344 1510 8490
3 0 2600 2600 154 2754 7246
4 0 2422 2422 577 2999 1116 4115 5885
4 0 1190 1190 5 1195 1361 2556 7444
3 0 7309 7309 469 7778 2222
3 0 5109 5109 189 5298 4702
3 0 2412 2412 2578 4990 5010
3 0 4596 4596 4972 9568 432
3 0 4327 4327 593 4920 5080
3 0 2718 2718 1544 4262 5738
4 0 1509 1509 1823 3332 955 4287 5713
4 0 1353 1353 5341 6694 258 6952 3048
3 0 2029 2029 1578 3607 6393
3 0 3225 3225 1637 4862 5138
3 0 233 233 3382 3615 6385
3 0 2404 2404 4052 6456 3544
4 0 788 788 1300 2088 3871 5959 4041
3 0 8823 8823 436 9259 741
3 0 7995 7995 291 8286 1714
3 0 1159 1159 2782 3941 6059
3 0 199 199 6636 6835 3165
3 0 2936 2936 3967 6903 3097
2 0 7456 7456 2544
3 0 4718 4718 540 5258 4742
4 0 2839 2839 5765 8604 691 9295 705
3 0 5478 5478 1609 7087 2913
3 0 5171 5171 607 5778 4222
4 0 1028 1028 1559 2587 550 3137 6863
3 0 6205 6205 2892 9097 903
4 0 1754 1754 4855 6609 115 6724 3276
4 0 1051 1051 649 1700 5340 7040 2960
3 0 4713 4713 2998 7711 2289
4 0 2675 2675 1375 4050 2535 6585 3415
3 0 307 307 2027 2334 7666
3 0 61 61 2877 2938 7062
4 0 2329 2329 547 2876 5637 8513 1487
4 0 3859 3859 109 3968 1792 5760 4240
3 0 1059 1059 3085 4144 5856
4 0 1407 1407 2251 3658 5263 8921 1079
3 0 4047 4047 4863 8910 1090
4 0 3986 3986 1335 5321 622 5943 4057
3 0 4409 4409 2530 6939 3061
2 0 8733 8733 1267
2 0 9824 9824 176
3 0 4043 4043 438 4481 5519
3 0 5073 5073 89 5162 4838
3 0 4454 4454 45 4499 5501
3 0 4511 4511 1804 6315 3685
3 0 1515 1515 2341 3856 6144
3 0 1106 1106 1858 2964 7036
3 0 2126 2126 4585 6711 3289
4 0 2456 2456 1008 3464 1761 5225 4775
4 0 1961 1961 922 2883 706 3589 6411
3 0 1276 1276 5920 7196 2804
3 0 6185 6185 2487 8672 1328
2 0 7371 7371 2629
3 0 6026 6026 1187 7213 2787
3 0 6462 6462 2251 8713 1287
2 0 7099 7099 2901
2 0 2902 2902 7098
3 0 592 592 2353 2945 7055
3 0 4519 4519 150 4669 5331
4 0 2214 2214 914 3128 4986 8114 1886
3 0 5455 5455 576 6031 3969
3 0 467 467 7573 8040 1960
3 0 2294 2294 4422 6716 3284
4 0 438 438 295 733 2034 2767 7233
3 0 5098 5098 1786 6884 3116
3 0 4262 4262 740 5002 4998
2 0 5948 5948 4052
3 0 2097 2097 7058 9155 845
3 0 2297 2297 1703 4000 6000
4 0 4375 4375 2466 6841 1739 8580 1420
3 0 2392 2392 1317 3709 6291
3 0 696 696 7689 8385 1615
2 0 5033 5033 4967
3 0 8789 8789 555 9344 656
2 0 3266 3266 6734
3 0 4268 4268 3680 7948 2052
3 0 5157 5157 355 5512 4488
3 0 2456 2456 435 2891 7109
3 0 821 821 2649 3470 6530
3 0 2681 2681 4868 7549 2451
3 0 268 268 5210 5478 4522
4 0 739 739 1574 2313 2414 4727 5273
4 0 7005 7005 768 7773 1168 8941 1059
3 0 982 982 8599 9581 419
3 0 7056 7056 1186 8242 1758
4 0 2464 2464 2935 5399 56 5455 4545
2 0 7752 7752 2248
3 0 4147 4147 387 4534 5466
3 0 2418 2418 3105 5523 4477
3 0 4730 4730 1096 5826 4174
3 0 773 773 711 1484 8516
4 0 77 77 3410 3487 876 4363 5637
3 0 4173 4173 2251 6424 3576
3 0 7481 7481 1302 8783 1217
3 0 5251 5251 1252 6503 3497
3 0 2505 2505 162 2667 7333
3 0 1583 1583 3087 4670 5330
4 0 656 656 964 1620 1492 3112 6888
3 0 4277 4277 580 4857 5143
1 0 10000
3 0 4666 4666 1826 6492 3508
2 0 1833 1833 8167
4 0 2223 2223 1483 3706 2697 6403 3597
3 0 369 369 8443 8812 1188
3 0 6129 6129 589 6718 3282
3 0 7853 7853 1131 8984 1016
1 0 10000
3 0 762 762 1013 1775 8225
4 0 3623 3623 1750 5373 1061 6434 3566
3 0 2188 2188 3967 6155 3845
4 0 2750 2750 678 3428 1747 5175 4825
3 0 1281 1281 5330 6611 3389
3 0 4358 4358 4836 9194 806
3 0 1927 1927 4104 6031 3969
3 0 156 156 6942 7098 2902
3 0 5798 5798 936 6734 3266
3 0 6273 6273 281 6554 3446
3 0 5064 5064 1847 6911 3089
4 0 2136 2136 3382 5518 33 5551 4449
4 0 6612 6612 247 6859 652 7511 2489
3 0 4595 4595 5028 9623 377
3 0 2036 2036 615 2651 7349
3 0 1894 1894 5034 6928 3072
3 0 1184 1184 6210 7394 2606
4 0 1368 1368 3819 5187 552 5739 4261
3 0 3344 3344 1934 5278 4722
3 0 4716 4716 4867 9583 417
4 0 7806 7806 544 8350 1411 9761 239
3 0 3483 3483 4139 7622 2378
2 0 6766 6766 3234
3 0 4929 4929 4867 9796 204
2 0 8763 8763 1237
2 0 4270 4270 5730
1 0 10000
4 0 5740 5740 1161 6901 442 7343 2657
4 0 388 388 287 675 1219 1894 8106
3 0 4271 4271 149 4420 5580
4 0 723 723 3197 3920 5572 9492 508
3 0 5718 5718 1708 7426 2574
2 0 175 175 9825
3 0 113 113 8460 8573 1427
3 0 615 615 975 1590 8410
3 0 4534 4534 2490 7024 2976
3 0 5406 5406 3725 9131 869
2 0 345 345 9655
3 0 3057 3057 4688 7745 2255
3 0 4929 4929 805 5734 4266
2 0 6089 6089 3911
3 0 3701 3701 4072 7773 2227
3 0 3180 3180 1860 5040 4960
3 0 4202 4202 4448 8650 1350
3 0 5562 5562 1306 6868 3132
2 0 3454 3454 6546
3 0 6226 6226 2594 8820 1180
3 0 1824 1824 4893 6717 3283
3 0 7077 7077 2105 9182 818
3 0 274 274 7169 7443 2557
1 0 10000
2 0 1217 1217 8783
3 0 4889 4889 3584 8473 1527
2 0 6810 6810 3190
2 0 7719 7719 2281
2 0 6343 6343 3657
1 0 10000
3 0 1480 1480 2842 4322 5678
3 0 999 999 1020 2019 7981
3 0 3628 3628 3517 7145 2855
3 0 2661 2661 4120 6781 3219
3 0 6735 6735 2207 8942 1058
4 0 2364 2364 2079 4443 2673 7116 2884
3 0 1411 1411 238 1649 8351
2 0 3565 3565 6435
2 0 5589 5589 4411
3 0 499 499 1939 2438 7562
3 0 940 940 2121 3061 6939
3 0 1033 1033 5854 6887 3113
3 0 5223 5223 3184 8407 1593
3 0 3278 3278 957 4235 5765
4 0 8094 8094 772 8866 418 9284 716
3 0 2138 2138 3044 5182 4818
4 0 8542 8542 646 9188 298 9486 514
3 0 7721 7721 1969 9690 310
4 0 765 765 510 1275 1938 3213 6787
4 0 5509 5509 2153 7662 52 7714 2286
4 0 4696 4696 2736 7432 77 7509 2491
3 0 946 946 2309 3255 6745
2 0 5439 5439 4561
4 0 902 902 3494 4396 3482 7878 2122
2 0 9937 9937 63
3 0 3640 3640 1130 4770 5230
3 0 23 23 6072 6095 3905
3 0 1965 1965 5173 7138 2862
4 0 3369 3369 849 4218 1762 5980 4020
3 0 2795 2795 606 3401 6599
3 0 2593 2593 645 3238 6762
3 0 5792 5792 2287 8079 1921
3 0 6103 6103 644 6747 3253
3 0 888 888 6586 7474 2526
4 0 6707 6707 616 7323 967 8290 1710
4 0 5570 5570 865 6435 814 7249 2751
3 0 857 857 5597 6454 3546
4 0 2860 2860 2130 4990 1657 6647 3353
3 0 7122 7122 216 7338 2662
4 0 484 484 1649 2133 629 2762 7238
4 0 5526 5526 956 6482 1599 8081 1919
3 0 7885 7885 524 8409 1591
3 0 4559 4559 5406 9965 35
4 0 3929 3929 2115 6044 2335 8379 1621
