10000 2500
2 0 8153 8153 1847
2 0 2602 2602 7398
3 0 7796 7796 865 8661 1339
1 0 10000
1 0 10000
2 0 9720 9720 280
1 0 10000
2 0 3050 3050 6950
3 0 5521 5521 3609 9130 870
2 0 2147 2147 7853
3 0 3464 3464 4289 7753 2247
2 0 5281 5281 4719
2 0 7120 7120 2880
1 0 10000
2 0 5717 5717 4283
2 0 6142 6142 3858
1 0 10000
1 0 10000
1 0 10000
1 0 10000
2 0 1055 1055 8945
3 0 1114 1114 951 2065 7935
2 0 8059 8059 1941
3 0 6286 6286 1488 7774 2226
1 0 10000
2 0 2080 2080 7920
2 0 1980 1980 8020
2 0 7430 7430 2570
2 0 5243 5243 4757
1 0 10000
1 0 10000
1 0 10000
2 0 562 562 9438
1 0 10000
1 0 10000
1 0 10000
1 0 10000
1 0 10000
1 0 10000
1 0 10000
1 0 10000
2 0 7589 7589 2411
2 0 8614 8614 1386
1 0 10000
1 0 10000
1 0 10000
2 0 3134 3134 6866
2 0 9316 9316 684
2 0 3463 3463 6537
1 0 10000
1 0 10000
1 0 10000
3 0 1565 1565 2407 3972 6028
1 0 10000
1 0 10000
1 0 10000
2 0 3688 3688 6312
1 0 10000
1 0 10000
1 0 10000
1 0 10000
2 0 3785 3785 6215
1 0 10000
1 0 10000
2 0 5626 5626 4374
1 0 10000
1 0 10000
2 0 2639 2639 7361
2 0 7864 7864 2136
2 0 938 938 9062
1 0 10000
1 0 10000
1 0 10000
1 0 10000
2 0 6375 6375 3625
2 0 7627 7627 2373
1 0 10000
1 0 10000
2 0 6533 6533 3467
1 0 10000
1 0 10000
1 0 10000
1 0 10000
2 0 4232 4232 5768
2 0 7755 7755 2245
1 0 10000
1 0 10000
1 0 10000
1 0 10000
2 0 6196 6196 3804
2 0 7873 7873 2127
1 0 10000
1 0 10000
3 0 4057 4057 3494 7551 2449
2 0 3510 3510 6490
1 0 10000
1 0 10000
3 0 2243 2243 1115 3358 6642
1 0 10000
1 0 10000
1 0 10000
1 0 10000
1 0 10000
1 0 10000
1 0 10000
1 0 10000
1 0 10000
1 0 10000
2 0 9460 9460 540
2 0 8736 8736 1264
1 0 10000
1 0 10000
2 0 212 212 9788
1 0 10000
1 0 10000
2 0 9074 9074 926
1 0 10000
3 0 6800 6800 127 6927 3073
2 0 9937 9937 63
3 0 847 847 9040 9887 113
1 0 10000
1 0 10000
3 0 308 308 6479 6787 3213
1 0 10000
1 0 10000
2 0 4746 4746 5254
3 0 7018 7018 1532 8550 1450
1 0 10000
2 0 7738 7738 2262
1 0 10000
2 0 6094 6094 3906
1 0 10000
1 0 10000
1 0 10000
1 0 10000
2 0 2099 2099 7901
1 0 10000
1 0 10000
1 0 10000
2 0 5034 5034 4966
1 0 10000
3 0 328 328 9502 9830 170
1 0 10000
1 0 10000
2 0 790 790 9210
1 0 10000
2 0 1501 1501 8499
1 0 10000
2 0 6422 6422 3578
2 0 6306 6306 3694
1 0 10000
2 0 5506 5506 4494
2 0 5996 5996 4004
1 0 10000
2 0 8994 8994 1006
2 0 1814 1814 8186
2 0 8560 8560 1440
1 0 10000
2 0 8113 8113 1887
1 0 10000
2 0 2855 2855 7145
2 0 3985 3985 6015
1 0 10000
2 0 768 768 9232
2 0 7856 7856 2144
1 0 10000
1 0 10000
1 0 10000
1 0 10000
1 0 10000
1 0 10000
1 0 10000
1 0 10000
1 0 10000
2 0 5325 5325 4675
3 0 4007 4007 245 4252 5748
2 0 6852 6852 3148
2 0 9754 9754 246
1 0 10000
1 0 10000
1 0 10000
1 0 10000
1 0 10000
1 0 10000
1 0 10000
1 0 10000
1 0 10000
1 0 10000
1 0 10000
1 0 10000
1 0 10000
1 0 10000
1 0 10000
1 0 10000
1 0 10000
1 0 10000
1 0 10000
1 0 10000
1 0 10000
1 0 10000
1 0 10000
1 0 10000
1 0 10000
3 0 5307 5307 1265 6572 3428
2 0 2710 2710 7290
1 0 10000
1 0 10000
1 0 10000
1 0 10000
1 0 10000
2 0 1083 1083 8917
2 0 8342 8342 1658
1 0 10000
1 0 10000
2 0 8517 8517 1483
2 0 9633 9633 367
2 0 3390 3390 6610
1 0 10000
1 0 10000
2 0 6361 6361 3639
1 0 10000
1 0 10000
1 0 10000
1 0 10000
1 0 10000
1 0 10000
3 0 4909 4909 115 5024 4976
2 0 9920 9920 80
2 0 680 680 9320
1 0 10000
2 0 300 300 9700
1 0 10000
1 0 10000
2 0 7162 7162 2838
2 0 4970 4970 5030
1 0 10000
2 0 2889 2889 7111
1 0 10000
1 0 10000
1 0 10000
2 0 5217 5217 4783
2 0 5331 5331 4669
1 0 10000
1 0 10000
1 0 10000
1 0 10000
1 0 10000
2 0 7266 7266 2734
1 0 10000
1 0 10000
1 0 10000
1 0 10000
1 0 10000
1 0 10000
1 0 10000
1 0 10000
1 0 10000
1 0 10000
1 0 10000
2 0 6852 6852 3148
1 0 10000
3 0 140 140 1201 1341 8659
2 0 8188 8188 1812
2 0 5316 5316 4684
1 0 10000
2 0 6696 6696 3304
1 0 10000
3 0 6791 6791 1288 8079 1921
2 0 6607 6607 3393
1 0 10000
3 0 5732 5732 1546 7278 2722
1 0 10000
2 0 3280 3280 6720
1 0 10000
1 0 10000
1 0 10000
3 0 8012 8012 554 8566 1434
2 0 2059 2059 7941
3 0 3136 3136 95 3231 6769
1 0 10000
1 0 10000
1 0 10000
1 0 10000
1 0 10000
1 0 10000
1 0 10000
1 0 10000
3 0 4153 4153 5823 9976 24
1 0 10000
2 0 8402 8402 1598
2 0 4921 4921 5079
2 0 323 323 9677
1 0 10000
1 0 10000
2 0 5185 5185 4815
1 0 10000
1 0 10000
1 0 10000
1 0 10000
1 0 10000
1 0 10000
1 0 10000
2 0 8330 8330 1670
1 0 10000
1 0 10000
1 0 10000
2 0 4115 4115 5885
2 0 1170 1170 8830
1 0 10000
1 0 10000
1 0 10000
1 0 10000
1 0 10000
3 0 2416 2416 3183 5599 4401
2 0 504 504 9496
2 0 8855 8855 1145
1 0 10000
2 0 3668 3668 6332
1 0 10000
2 0 5875 5875 4125
2 0 6038 6038 3962
2 0 4955 4955 5045
1 0 10000
1 0 10000
1 0 10000
3 0 371 371 5846 6217 3783
1 0 10000
1 0 10000
1 0 10000
3 0 7946 7946 1436 9382 618
1 0 10000
1 0 10000
1 0 10000
1 0 10000
1 0 10000
2 0 5315 5315 4685
1 0 10000
1 0 10000
2 0 9844 9844 156
2 0 4016 4016 5984
4 0 1486 1486 353 1839 3444 5283 4717
1 0 10000
1 0 10000
3 0 8204 8204 931 9135 865
1 0 10000
1 0 10000
2 0 6434 6434 3566
1 0 10000
2 0 3420 3420 6580
1 0 10000
1 0 10000
2 0 1137 1137 8863
1 0 10000
1 0 10000
1 0 10000
1 0 10000
1 0 10000
1 0 10000
3 0 3485 3485 2697 6182 3818
1 0 10000
2 0 5025 5025 4975
2 0 5105 5105 4895
1 0 10000
2 0 4786 4786 5214
2 0 3649 3649 6351
1 0 10000
2 0 463 463 9537
2 0 6568 6568 3432
1 0 10000
2 0 1591 1591 8409
1 0 10000
1 0 10000
1 0 10000
2 0 9972 9972 28
1 0 10000
1 0 10000
2 0 9372 9372 628
1 0 10000
1 0 10000
2 0 8831 8831 1169
1 0 10000
1 0 10000
2 0 408 408 9592
1 0 10000
1 0 10000
2 0 732 732 9268
2 0 9201 9201 799
2 0 546 546 9454
1 0 10000
3 0 1969 1969 3706 5675 4325
2 0 994 994 9006
1 0 10000
2 0 9738 9738 262
2 0 1501 1501 8499
1 0 10000
3 0 2742 2742 3278 6020 3980
2 0 780 780 9220
1 0 10000
1 0 10000
1 0 10000
1 0 10000
2 0 4730 4730 5270
1 0 10000
1 0 10000
3 0 3542 3542 4639 8181 1819
1 0 10000
1 0 10000
1 0 10000
2 0 9441 9441 559
1 0 10000
1 0 10000
3 0 3219 3219 2209 5428 4572
3 0 491 491 7795 8286 1714
1 0 10000
1 0 10000
1 0 10000
1 0 10000
2 0 6754 6754 3246
1 0 10000
1 0 10000
1 0 10000
1 0 10000
1 0 10000
1 0 10000
1 0 10000
1 0 10000
2 0 8987 8987 1013
2 0 6514 6514 3486
1 0 10000
2 0 5954 5954 4046
2 0 9289 9289 711
3 0 2722 2722 1366 4088 5912
1 0 10000
1 0 10000
2 0 9830 9830 170
1 0 10000
2 0 1365 1365 8635
1 0 10000
3 0 5900 5900 2014 7914 2086
1 0 10000
1 0 10000
3 0 5150 5150 249 5399 4601
4 0 3566 3566 355 3921 5329 9250 750
1 0 10000
2 0 1952 1952 8048
1 0 10000
2 0 2884 2884 7116
3 0 2242 2242 5438 7680 2320
2 0 8611 8611 1389
1 0 10000
1 0 10000
2 0 57 57 9943
1 0 10000
2 0 4240 4240 5760
1 0 10000
1 0 10000
1 0 10000
3 0 8010 8010 1821 9831 169
1 0 10000
1 0 10000
1 0 10000
2 0 7326 7326 2674
1 0 10000
2 0 3608 3608 6392
1 0 10000
1 0 10000
1 0 10000
1 0 10000
3 0 4768 4768 3999 8767 1233
2 0 3300 3300 6700
1 0 10000
1 0 10000
1 0 10000
3 0 5254 5254 989 6243 3757
2 0 3846 3846 6154
1 0 10000
1 0 10000
2 0 9354 9354 646
1 0 10000
1 0 10000
2 0 3379 3379 6621
3 0 1040 1040 1383 2423 7577
1 0 10000
1 0 10000
1 0 10000
2 0 141 141 9859
1 0 10000
2 0 5401 5401 4599
1 0 10000
1 0 10000
1 0 10000
3 0 530 530 4628 5158 4842
1 0 10000
1 0 10000
1 0 10000
1 0 10000
2 0 4458 4458 5542
2 0 8145 8145 1855
3 0 2336 2336 539 2875 7125
1 0 10000
3 0 824 824 480 1304 8696
1 0 10000
1 0 10000
1 0 10000
1 0 10000
1 0 10000
1 0 10000
1 0 10000
1 0 10000
3 0 4881 4881 3006 7887 2113
1 0 10000
2 0 1848 1848 8152
1 0 10000
1 0 10000
1 0 10000
1 0 10000
1 0 10000
1 0 10000
2 0 5297 5297 4703
2 0 5305 5305 4695
1 0 10000
1 0 10000
1 0 10000
2 0 7889 7889 2111
1 0 10000
1 0 10000
1 0 10000
1 0 10000
1 0 10000
2 0 7008 7008 2992
2 0 1807 1807 8193
2 0 4490 4490 5510
1 0 10000
2 0 9418 9418 582
2 0 2480 2480 7520
1 0 10000
1 0 10000
1 0 10000
1 0 10000
2 0 427 427 9573
1 0 10000
2 0 4599 4599 5401
2 0 4843 4843 5157
3 0 507 507 1558 2065 7935
2 0 4781 4781 5219
2 0 6099 6099 3901
1 0 10000
2 0 1669 1669 8331
3 0 6148 6148 272 6420 3580
1 0 10000
1 0 10000
1 0 10000
1 0 10000
1 0 10000
1 0 10000
1 0 10000
3 0 6779 6779 927 7706 2294
3 0 343 343 7616 7959 2041
1 0 10000
1 0 10000
1 0 10000
2 0 1613 1613 8387
1 0 10000
1 0 10000
1 0 10000
1 0 10000
2 0 2942 2942 7058
2 0 7349 7349 2651
1 0 10000
1 0 10000
2 0 9291 9291 709
2 0 6536 6536 3464
1 0 10000
1 0 10000
1 0 10000
2 0 168 168 9832
1 0 10000
1 0 10000
2 0 1430 1430 8570
2 0 4554 4554 5446
2 0 5794 5794 4206
3 0 451 451 125 576 9424
1 0 10000
2 0 4972 4972 5028
1 0 10000
1 0 10000
1 0 10000
1 0 10000
1 0 10000
1 0 10000
1 0 10000
2 0 3349 3349 6651
1 0 10000
2 0 8878 8878 1122
3 0 3815 3815 1944 5759 4241
1 0 10000
1 0 10000
1 0 10000
3 0 4765 4765 4887 9652 348
1 0 10000
2 0 5251 5251 4749
2 0 798 798 9202
1 0 10000
1 0 10000
1 0 10000
1 0 10000
1 0 10000
1 0 10000
1 0 10000
1 0 10000
3 0 2020 2020 736 2756 7244
1 0 10000
1 0 10000
2 0 9659 9659 341
2 0 4569 4569 5431
1 0 10000
2 0 2515 2515 7485
1 0 10000
1 0 10000
1 0 10000
1 0 10000
1 0 10000
2 0 4643 4643 5357
1 0 10000
2 0 1303 1303 8697
3 0 4072 4072 4789 8861 1139
1 0 10000
1 0 10000
1 0 10000
2 0 597 597 9403
1 0 10000
1 0 10000
1 0 10000
1 0 10000
1 0 10000
2 0 5806 5806 4194
3 0 1752 1752 926 2678 7322
2 0 4013 4013 5987
1 0 10000
1 0 10000
1 0 10000
2 0 9689 9689 311
2 0 7982 7982 2018
1 0 10000
1 0 10000
1 0 10000
1 0 10000
1 0 10000
1 0 10000
1 0 10000
1 0 10000
1 0 10000
1 0 10000
1 0 10000
1 0 10000
1 0 10000
1 0 10000
1 0 10000
1 0 10000
1 0 10000
1 0 10000
1 0 10000
1 0 10000
2 0 3705 3705 6295
4 0 780 780 309 1089 3978 5067 4933
1 0 10000
1 0 10000
1 0 10000
1 0 10000
1 0 10000
1 0 10000
2 0 2363 2363 7637
1 0 10000
1 0 10000
3 0 4637 4637 4347 8984 1016
1 0 10000
2 0 9706 9706 294
1 0 10000
1 0 10000
2 0 5061 5061 4939
1 0 10000
1 0 10000
1 0 10000
1 0 10000
1 0 10000
2 0 7192 7192 2808
1 0 10000
1 0 10000
2 0 6188 6188 3812
1 0 10000
2 0 5969 5969 4031
1 0 10000
2 0 1462 1462 8538
2 0 6388 6388 3612
2 0 1161 1161 8839
1 0 10000
3 0 494 494 6531 7025 2975
2 0 3053 3053 6947
1 0 10000
2 0 835 835 9165
1 0 10000
1 0 10000
1 0 10000
1 0 10000
1 0 10000
3 0 2963 2963 6944 9907 93
2 0 3719 3719 6281
1 0 10000
1 0 10000
1 0 10000
1 0 10000
2 0 4143 4143 5857
1 0 10000
1 0 10000
2 0 9388 9388 612
3 0 1729 1729 7751 9480 520
2 0 6914 6914 3086
1 0 10000
1 0 10000
3 0 590 590 1428 2018 7982
1 0 10000
2 0 7 7 9993
1 0 10000
1 0 10000
2 0 6583 6583 3417
3 0 4068 4068 5785 9853 147
2 0 7427 7427 2573
2 0 7618 7618 2382
1 0 10000
1 0 10000
1 0 10000
3 0 1199 1199 3670 4869 5131
1 0 10000
1 0 10000
1 0 10000
1 0 10000
1 0 10000
2 0 728 728 9272
2 0 7144 7144 2856
1 0 10000
1 0 10000
2 0 1896 1896 8104
3 0 3358 3358 1077 4435 5565
1 0 10000
1 0 10000
3 0 6161 6161 3834 9995 5
1 0 10000
1 0 10000
2 0 922 922 9078
1 0 10000
1 0 10000
3 0 1311 1311 441 1752 8248
2 0 9353 9353 647
1 0 10000
1 0 10000
1 0 10000
2 0 5772 5772 4228
1 0 10000
1 0 10000
1 0 10000
1 0 10000
2 0 6789 6789 3211
2 0 8100 8100 1900
1 0 10000
1 0 10000
1 0 10000
2 0 8574 8574 1426
1 0 10000
1 0 10000
3 0 5450 5450 363 5813 4187
2 0 6853 6853 3147
1 0 10000
1 0 10000
3 0 4193 4193 1988 6181 3819
1 0 10000
1 0 10000
1 0 10000
1 0 10000
1 0 10000
1 0 10000
1 0 10000
2 0 5109 5109 4891
1 0 10000
1 0 10000
1 0 10000
1 0 10000
1 0 10000
1 0 10000
1 0 10000
2 0 1335 1335 8665
1 0 10000
1 0 10000
2 0 975 975 9025
2 0 1524 1524 8476
2 0 6633 6633 3367
2 0 6793 6793 3207
2 0 8772 8772 1228
1 0 10000
1 0 10000
1 0 10000
1 0 10000
1 0 10000
3 0 4142 4142 1077 5219 4781
1 0 10000
3 0 1812 1812 3769 5581 4419
1 0 10000
3 0 1368 1368 5820 7188 2812
1 0 10000
1 0 10000
2 0 4889 4889 5111
2 0 1499 1499 8501
2 0 5062 5062 4938
1 0 10000
1 0 10000
2 0 6759 6759 3241
2 0 5083 5083 4917
1 0 10000
1 0 10000
2 0 2036 2036 7964
1 0 10000
1 0 10000
1 0 10000
1 0 10000
1 0 10000
1 0 10000
1 0 10000
1 0 10000
1 0 10000
1 0 10000
3 0 1506 1506 1807 3313 6687
1 0 10000
1 0 10000
2 0 5475 5475 4525
1 0 10000
1 0 10000
1 0 10000
1 0 10000
1 0 10000
1 0 10000
2 0 510 510 9490
1 0 10000
1 0 10000
1 0 10000
1 0 10000
3 0 2060 2060 1832 3892 6108
1 0 10000
3 0 2042 2042 7533 9575 425
1 0 10000
2 0 8614 8614 1386
3 0 3294 3294 3384 6678 3322
2 0 9170 9170 830
1 0 10000
1 0 10000
2 0 2811 2811 7189
3 0 1441 1441 1735 3176 6824
1 0 10000
1 0 10000
1 0 10000
2 0 8192 8192 1808
1 0 10000
1 0 10000
1 0 10000
1 0 10000
1 0 10000
1 0 10000
3 0 5529 5529 3629 9158 842
1 0 10000
1 0 10000
3 0 280 280 5619 5899 4101
1 0 10000
1 0 10000
3 0 6077 6077 2514 8591 1409
2 0 6078 6078 3922
1 0 10000
2 0 2916 2916 7084
2 0 7317 7317 2683
3 0 3949 3949 3665 7614 2386
1 0 10000
1 0 10000
2 0 2740 2740 7260
1 0 10000
1 0 10000
2 0 9817 9817 183
2 0 320 320 9680
1 0 10000
1 0 10000
1 0 10000
1 0 10000
1 0 10000
1 0 10000
2 0 6087 6087 3913
1 0 10000
1 0 10000
2 0 8565 8565 1435
1 0 10000
2 0 9470 9470 530
3 0 1801 1801 976 2777 7223
1 0 10000
1 0 10000
1 0 10000
3 0 3202 3202 2029 5231 4769
1 0 10000
1 0 10000
2 0 6393 6393 3607
1 0 10000
1 0 10000
2 0 3704 3704 6296
2 0 1276 1276 8724
1 0 10000
1 0 10000
1 0 10000
1 0 10000
1 0 10000
1 0 10000
1 0 10000
2 0 6739 6739 3261
1 0 10000
2 0 6762 6762 3238
2 0 2017 2017 7983
1 0 10000
3 0 6705 6705 3039 9744 256
1 0 10000
2 0 4496 4496 5504
2 0 940 940 9060
1 0 10000
3 0 9099 9099 702 9801 199
1 0 10000
1 0 10000
1 0 10000
1 0 10000
1 0 10000
1 0 10000
1 0 10000
2 0 3532 3532 6468
1 0 10000
2 0 4905 4905 5095
1 0 10000
1 0 10000
2 0 2573 2573 7427
1 0 10000
1 0 10000
1 0 10000
1 0 10000
1 0 10000
2 0 7844 7844 2156
1 0 10000
1 0 10000
2 0 6643 6643 3357
1 0 10000
3 0 1151 1151 2750 3901 6099
2 0 3643 3643 6357
1 0 10000
1 0 10000
1 0 10000
1 0 10000
1 0 10000
1 0 10000
3 0 869 869 6150 7019 2981
1 0 10000
1 0 10000
1 0 10000
1 0 10000
1 0 10000
2 0 1421 1421 8579
1 0 10000
1 0 10000
1 0 10000
1 0 10000
1 0 10000
1 0 10000
2 0 7773 7773 2227
2 0 5456 5456 4544
2 0 5913 5913 4087
3 0 2204 2204 5128 7332 2668
1 0 10000
2 0 7883 7883 2117
1 0 10000
3 0 6083 6083 942 7025 2975
1 0 10000
2 0 743 743 9257
2 0 4717 4717 5283
1 0 10000
1 0 10000
3 0 3581 3581 1167 4748 5252
1 0 10000
2 0 9604 9604 396
1 0 10000
2 0 6284 6284 3716
1 0 10000
2 0 9136 9136 864
2 0 2445 2445 7555
1 0 10000
1 0 10000
2 0 3636 3636 6364
2 0 9849 9849 151
1 0 10000
1 0 10000
1 0 10000
1 0 10000
1 0 10000
3 0 5729 5729 1412 7141 2859
2 0 6285 6285 3715
1 0 10000
2 0 5281 5281 4719
1 0 10000
1 0 10000
1 0 10000
1 0 10000
1 0 10000
2 0 2781 2781 7219
2 0 6492 6492 3508
1 0 10000
2 0 2626 2626 7374
1 0 10000
2 0 2263 2263 7737
3 0 1101 1101 1907 3008 6992
1 0 10000
3 0 8518 8518 866 9384 616
1 0 10000
3 0 3375 3375 4285 7660 2340
1 0 10000
1 0 10000
2 0 6951 6951 3049
2 0 2348 2348 7652
1 0 10000
2 0 7652 7652 2348
2 0 9681 9681 319
2 0 9646 9646 354
3 0 1442 1442 4286 5728 4272
2 0 5667 5667 4333
2 0 8822 8822 1178
3 0 1528 1528 3896 5424 4576
1 0 10000
2 0 1949 1949 8051
1 0 10000
3 0 3348 3348 3648 6996 3004
1 0 10000
1 0 10000
2 0 3352 3352 6648
2 0 3172 3172 6828
2 0 3143 3143 6857
2 0 6351 6351 3649
3 0 4399 4399 101 4500 5500
1 0 10000
1 0 10000
1 0 10000
2 0 8240 8240 1760
3 0 4389 4389 1127 5516 4484
2 0 9459 9459 541
1 0 10000
1 0 10000
2 0 9953 9953 47
2 0 8889 8889 1111
1 0 10000
1 0 10000
2 0 7940 7940 2060
1 0 10000
2 0 781 781 9219
1 0 10000
2 0 8179 8179 1821
1 0 10000
1 0 10000
3 0 102 102 7463 7565 2435
2 0 8031 8031 1969
1 0 10000
1 0 10000
1 0 10000
2 0 942 942 9058
2 0 7265 7265 2735
1 0 10000
1 0 10000
3 0 3960 3960 2078 6038 3962
1 0 10000
2 0 1188 1188 8812
1 0 10000
1 0 10000
1 0 10000
1 0 10000
3 0 8682 8682 298 8980 1020
2 0 4464 4464 5536
2 0 2839 2839 7161
2 0 1078 1078 8922
2 0 7577 7577 2423
1 0 10000
2 0 8149 8149 1851
1 0 10000
1 0 10000
1 0 10000
3 0 3941 3941 2885 6826 3174
1 0 10000
2 0 2106 2106 7894
1 0 10000
2 0 6109 6109 3891
1 0 10000
1 0 10000
1 0 10000
1 0 10000
2 0 3421 3421 6579
2 0 5662 5662 4338
2 0 4632 4632 5368
3 0 4092 4092 1608 5700 4300
2 0 4402 4402 5598
1 0 10000
1 0 10000
1 0 10000
1 0 10000
1 0 10000
3 0 2500 2500 3801 6301 3699
2 0 5739 5739 4261
1 0 10000
2 0 2480 2480 7520
1 0 10000
1 0 10000
2 0 7939 7939 2061
2 0 4303 4303 5697
1 0 10000
1 0 10000
2 0 694 694 9306
2 0 1456 1456 8544
1 0 10000
2 0 7725 7725 2275
1 0 10000
2 0 5060 5060 4940
1 0 10000
1 0 10000
1 0 10000
2 0 6547 6547 3453
1 0 10000
2 0 1632 1632 8368
1 0 10000
2 0 1788 1788 8212
1 0 10000
1 0 10000
1 0 10000
1 0 10000
1 0 10000
1 0 10000
1 0 10000
1 0 10000
1 0 10000
1 0 10000
1 0 10000
3 0 5151 5151 41 5192 4808
2 0 8823 8823 1177
1 0 10000
2 0 2918 2918 7082
2 0 6701 6701 3299
1 0 10000
1 0 10000
2 0 5046 5046 4954
1 0 10000
1 0 10000
1 0 10000
2 0 4473 4473 5527
1 0 10000
3 0 3623 3623 319 3942 6058
1 0 10000
1 0 10000
1 0 10000
1 0 10000
2 0 4984 4984 5016
2 0 4 4 9996
4 0 534 534 1467 2001 877 2878 7122
1 0 10000
1 0 10000
3 0 1125 1125 6042 7167 2833
2 0 3684 3684 6316
1 0 10000
1 0 10000
1 0 10000
1 0 10000
3 0 3821 3821 584 4405 5595
1 0 10000
1 0 10000
1 0 10000
2 0 5046 5046 4954
1 0 10000
2 0 746 746 9254
1 0 10000
1 0 10000
1 0 10000
2 0 4129 4129 5871
1 0 10000
2 0 9864 9864 136
1 0 10000
1 0 10000
1 0 10000
1 0 10000
2 0 2614 2614 7386
3 0 4798 4798 241 5039 4961
1 0 10000
2 0 629 629 9371
1 0 10000
1 0 10000
1 0 10000
1 0 10000
1 0 10000
3 0 6387 6387 1057 7444 2556
2 0 7246 7246 2754
3 0 8397 8397 550 8947 1053
1 0 10000
1 0 10000
1 0 10000
1 0 10000
1 0 10000
1 0 10000
2 0 7683 7683 2317
1 0 10000
2 0 5802 5802 4198
2 0 9247 9247 753
1 0 10000
1 0 10000
1 0 10000
1 0 10000
1 0 10000
1 0 10000
1 0 10000
2 0 9971 9971 29
1 0 10000
2 0 7391 7391 2609
1 0 10000
1 0 10000
1 0 10000
2 0 2572 2572 7428
1 0 10000
2 0 3199 3199 6801
1 0 10000
1 0 10000
2 0 4678 4678 5322
1 0 10000
1 0 10000
2 0 5863 5863 4137
2 0 2963 2963 7037
2 0 4317 4317 5683
1 0 10000
2 0 9787 9787 213
1 0 10000
2 0 3973 3973 6027
1 0 10000
1 0 10000
1 0 10000
3 0 501 501 994 1495 8505
3 0 4233 4233 5268 9501 499
2 0 8287 8287 1713
2 0 8124 8124 1876
1 0 10000
1 0 10000
3 0 2934 2934 5210 8144 1856
2 0 3681 3681 6319
1 0 10000
3 0 6583 6583 2956 9539 461
1 0 10000
1 0 10000
3 0 2080 2080 3539 5619 4381
1 0 10000
2 0 5730 5730 4270
1 0 10000
2 0 9784 9784 216
1 0 10000
1 0 10000
3 0 4168 4168 4903 9071 929
3 0 6321 6321 375 6696 3304
2 0 9709 9709 291
1 0 10000
2 0 1476 1476 8524
1 0 10000
2 0 2582 2582 7418
1 0 10000
1 0 10000
3 0 6462 6462 2232 8694 1306
2 0 7624 7624 2376
2 0 1563 1563 8437
2 0 8475 8475 1525
1 0 10000
1 0 10000
2 0 5555 5555 4445
1 0 10000
1 0 10000
1 0 10000
2 0 3460 3460 6540
2 0 6565 6565 3435
2 0 768 768 9232
1 0 10000
1 0 10000
3 0 5409 5409 3949 9358 642
1 0 10000
2 0 1817 1817 8183
1 0 10000
1 0 10000
1 0 10000
2 0 7026 7026 2974
1 0 10000
1 0 10000
2 0 2990 2990 7010
1 0 10000
2 0 7510 7510 2490
1 0 10000
2 0 7370 7370 2630
1 0 10000
2 0 9839 9839 161
1 0 10000
2 0 7224 7224 2776
1 0 10000
1 0 10000
1 0 10000
1 0 10000
1 0 10000
1 0 10000
1 0 10000
2 0 23 23 9977
2 0 2140 2140 7860
2 0 662 662 9338
1 0 10000
1 0 10000
2 0 1373 1373 8627
1 0 10000
1 0 10000
1 0 10000
3 0 3168 3168 59 3227 6773
1 0 10000
1 0 10000
1 0 10000
1 0 10000
2 0 599 599 9401
1 0 10000
3 0 7105 7105 2571 9676 324
1 0 10000
1 0 10000
1 0 10000
2 0 7482 7482 2518
1 0 10000
1 0 10000
1 0 10000
1 0 10000
1 0 10000
3 0 2348 2348 6756 9104 896
2 0 6195 6195 3805
1 0 10000
2 0 4304 4304 5696
3 0 606 606 2764 3370 6630
1 0 10000
2 0 3669 3669 6331
1 0 10000
1 0 10000
2 0 8191 8191 1809
1 0 10000
1 0 10000
1 0 10000
3 0 2304 2304 4260 6564 3436
1 0 10000
1 0 10000
3 0 5705 5705 1737 7442 2558
2 0 5332 5332 4668
1 0 10000
1 0 10000
1 0 10000
2 0 4509 4509 5491
1 0 10000
1 0 10000
1 0 10000
1 0 10000
2 0 7581 7581 2419
2 0 5862 5862 4138
1 0 10000
1 0 10000
1 0 10000
3 0 1943 1943 4177 6120 3880
2 0 7979 7979 2021
2 0 9627 9627 373
1 0 10000
2 0 3733 3733 6267
1 0 10000
1 0 10000
2 0 2838 2838 7162
1 0 10000
1 0 10000
3 0 4963 4963 4426 9389 611
2 0 8879 8879 1121
1 0 10000
2 0 1290 1290 8710
1 0 10000
1 0 10000
3 0 1246 1246 6071 7317 2683
2 0 2960 2960 7040
2 0 4003 4003 5997
1 0 10000
3 0 5943 5943 3792 9735 265
3 0 3106 3106 5387 8493 1507
1 0 10000
2 0 7899 7899 2101
2 0 3449 3449 6551
1 0 10000
1 0 10000
2 0 7098 7098 2902
1 0 10000
2 0 9653 9653 347
1 0 10000
2 0 2562 2562 7438
1 0 10000
2 0 604 604 9396
1 0 10000
1 0 10000
2 0 1913 1913 8087
2 0 2958 2958 7042
2 0 3859 3859 6141
1 0 10000
3 0 5406 5406 109 5515 4485
1 0 10000
3 0 5419 5419 3107 8526 1474
2 0 5425 5425 4575
1 0 10000
2 0 5460 5460 4540
3 0 388 388 4979 5367 4633
2 0 1023 1023 8977
1 0 10000
3 0 3078 3078 1907 4985 5015
1 0 10000
1 0 10000
1 0 10000
1 0 10000
1 0 10000
3 0 1178 1178 8133 9311 689
1 0 10000
1 0 10000
1 0 10000
2 0 545 545 9455
4 0 2590 2590 3642 6232 1577 7809 2191
1 0 10000
1 0 10000
1 0 10000
1 0 10000
1 0 10000
1 0 10000
3 0 1865 1865 7985 9850 150
1 0 10000
1 0 10000
2 0 4084 4084 5916
1 0 10000
2 0 644 644 9356
2 0 9886 9886 114
1 0 10000
1 0 10000
1 0 10000
1 0 10000
2 0 3965 3965 6035
1 0 10000
1 0 10000
2 0 6948 6948 3052
1 0 10000
1 0 10000
2 0 1084 1084 8916
1 0 10000
1 0 10000
3 0 624 624 8795 9419 581
3 0 1182 1182 177 1359 8641
1 0 10000
1 0 10000
2 0 6962 6962 3038
1 0 10000
1 0 10000
1 0 10000
1 0 10000
1 0 10000
3 0 541 541 7698 8239 1761
1 0 10000
1 0 10000
1 0 10000
1 0 10000
1 0 10000
1 0 10000
1 0 10000
1 0 10000
2 0 1351 1351 8649
2 0 3783 3783 6217
3 0 625 625 2181 2806 7194
1 0 10000
2 0 998 998 9002
1 0 10000
2 0 9382 9382 618
1 0 10000
2 0 3013 3013 6987
1 0 10000
1 0 10000
1 0 10000
1 0 10000
1 0 10000
2 0 4127 4127 5873
2 0 7368 7368 2632
1 0 10000
2 0 7313 7313 2687
1 0 10000
1 0 10000
1 0 10000
1 0 10000
3 0 2322 2322 7207 9529 471
2 0 7301 7301 2699
2 0 3281 3281 6719
1 0 10000
3 0 2557 2557 3496 6053 3947
1 0 10000
1 0 10000
1 0 10000
3 0 6182 6182 1614 7796 2204
1 0 10000
1 0 10000
1 0 10000
1 0 10000
1 0 10000
1 0 10000
1 0 10000
1 0 10000
2 0 4560 4560 5440
1 0 10000
4 0 1908 1908 2257 4165 4618 8783 1217
1 0 10000
3 0 2797 2797 2743 5540 4460
2 0 1461 1461 8539
1 0 10000
2 0 4426 4426 5574
1 0 10000
1 0 10000
1 0 10000
1 0 10000
1 0 10000
1 0 10000
1 0 10000
1 0 10000
2 0 3353 3353 6647
1 0 10000
1 0 10000
2 0 1071 1071 8929
3 0 5458 5458 2575 8033 1967
1 0 10000
1 0 10000
1 0 10000
3 0 354 354 5317 5671 4329
1 0 10000
1 0 10000
2 0 775 775 9225
1 0 10000
1 0 10000
1 0 10000
1 0 10000
2 0 3160 3160 6840
1 0 10000
2 0 64 64 9936
1 0 10000
1 0 10000
1 0 10000
4 0 2516 2516 1396 3912 4812 8724 1276
1 0 10000
2 0 6008 6008 3992
1 0 10000
3 0 1201 1201 7906 9107 893
2 0 3182 3182 6818
1 0 10000
3 0 1006 1006 8714 9720 280
1 0 10000
2 0 9432 9432 568
1 0 10000
3 0 3709 3709 4518 8227 1773
1 0 10000
2 0 2355 2355 7645
2 0 428 428 9572
2 0 2903 2903 7097
1 0 10000
2 0 2205 2205 7795
1 0 10000
1 0 10000
1 0 10000
2 0 7375 7375 2625
1 0 10000
3 0 4010 4010 449 4459 5541
1 0 10000
2 0 409 409 9591
2 0 4057 4057 5943
1 0 10000
3 0 8157 8157 1406 9563 437
2 0 7120 7120 2880
2 0 8784 8784 1216
2 0 9465 9465 535
1 0 10000
1 0 10000
1 0 10000
1 0 10000
1 0 10000
1 0 10000
1 0 10000
1 0 10000
1 0 10000
1 0 10000
1 0 10000
1 0 10000
2 0 6512 6512 3488
1 0 10000
1 0 10000
2 0 5771 5771 4229
1 0 10000
1 0 10000
2 0 5696 5696 4304
1 0 10000
1 0 10000
1 0 10000
1 0 10000
1 0 10000
3 0 5836 5836 3984 9820 180
3 0 1384 1384 3171 4555 5445
1 0 10000
2 0 8910 8910 1090
3 0 3428 3428 1792 5220 4780
2 0 3710 3710 6290
2 0 3930 3930 6070
1 0 10000
2 0 2300 2300 7700
1 0 10000
1 0 10000
1 0 10000
1 0 10000
3 0 671 671 8267 8938 1062
2 0 3735 3735 6265
2 0 3122 3122 6878
1 0 10000
1 0 10000
2 0 8886 8886 1114
1 0 10000
1 0 10000
1 0 10000
3 0 6009 6009 1380 7389 2611
1 0 10000
1 0 10000
1 0 10000
1 0 10000
2 0 251 251 9749
1 0 10000
2 0 4878 4878 5122
2 0 6666 6666 3334
1 0 10000
1 0 10000
1 0 10000
1 0 10000
1 0 10000
2 0 4269 4269 5731
3 0 4045 4045 3938 7983 2017
1 0 10000
4 0 310 310 6522 6832 484 7316 2684
1 0 10000
1 0 10000
1 0 10000
2 0 4287 4287 5713
2 0 9848 9848 152
2 0 2921 2921 7079
2 0 8230 8230 1770
2 0 9076 9076 924
1 0 10000
1 0 10000
1 0 10000
2 0 2846 2846 7154
3 0 681 681 203 884 9116
1 0 10000
1 0 10000
1 0 10000
2 0 3068 3068 6932
1 0 10000
1 0 10000
1 0 10000
1 0 10000
1 0 10000
1 0 10000
2 0 6600 6600 3400
1 0 10000
1 0 10000
1 0 10000
2 0 7103 7103 2897
1 0 10000
1 0 10000
1 0 10000
2 0 6090 6090 3910
1 0 10000
3 0 3263 3263 4223 7486 2514
1 0 10000
3 0 6412 6412 272 6684 3316
1 0 10000
1 0 10000
1 0 10000
1 0 10000
1 0 10000
1 0 10000
2 0 7417 7417 2583
1 0 10000
2 0 3029 3029 6971
1 0 10000
2 0 6647 6647 3353
2 0 9355 9355 645
1 0 10000
1 0 10000
2 0 1201 1201 8799
2 0 3509 3509 6491
1 0 10000
1 0 10000
1 0 10000
1 0 10000
1 0 10000
1 0 10000
1 0 10000
1 0 10000
3 0 923 923 4454 5377 4623
1 0 10000
2 0 325 325 9675
2 0 6400 6400 3600
2 0 2248 2248 7752
1 0 10000
1 0 10000
1 0 10000
1 0 10000
2 0 1314 1314 8686
2 0 7848 7848 2152
1 0 10000
1 0 10000
3 0 1916 1916 849 2765 7235
2 0 8554 8554 1446
2 0 9713 9713 287
2 0 846 846 9154
2 0 2030 2030 7970
2 0 5708 5708 4292
1 0 10000
1 0 10000
2 0 5692 5692 4308
1 0 10000
1 0 10000
1 0 10000
2 0 5011 5011 4989
2 0 666 666 9334
1 0 10000
1 0 10000
1 0 10000
1 0 10000
1 0 10000
3 0 5584 5584 1004 6588 3412
3 0 1330 1330 4023 5353 4647
1 0 10000
2 0 7558 7558 2442
1 0 10000
1 0 10000
1 0 10000
2 0 9518 9518 482
1 0 10000
1 0 10000
1 0 10000
1 0 10000
2 0 7194 7194 2806
1 0 10000
3 0 5515 5515 3614 9129 871
1 0 10000
2 0 7814 7814 2186
1 0 10000
2 0 7964 7964 2036
2 0 9808 9808 192
3 0 3045 3045 2246 5291 4709
1 0 10000
1 0 10000
1 0 10000
1 0 10000
2 0 241 241 9759
1 0 10000
1 0 10000
3 0 3385 3385 830 4215 5785
1 0 10000
2 0 4722 4722 5278
1 0 10000
1 0 10000
1 0 10000
2 0 387 387 9613
1 0 10000
3 0 9382 9382 223 9605 395
1 0 10000
1 0 10000
2 0 3327 3327 6673
1 0 10000
1 0 10000
1 0 10000
2 0 4202 4202 5798
2 0 368 368 9632
1 0 10000
2 0 5990 5990 4010
1 0 10000
2 0 4906 4906 5094
1 0 10000
1 0 10000
1 0 10000
1 0 10000
1 0 10000
1 0 10000
3 0 7689 7689 1091 8780 1220
1 0 10000
1 0 10000
1 0 10000
1 0 10000
1 0 10000
1 0 10000
1 0 10000
2 0 6796 6796 3204
1 0 10000
2 0 9941 9941 59
1 0 10000
1 0 10000
1 0 10000
1 0 10000
1 0 10000
1 0 10000
3 0 3443 3443 2968 6411 3589
2 0 5752 5752 4248
2 0 2632 2632 7368
2 0 5714 5714 4286
2 0 6721 6721 3279
2 0 2331 2331 7669
1 0 10000
3 0 2341 2341 3921 6262 3738
2 0 4699 4699 5301
1 0 10000
1 0 10000
1 0 10000
1 0 10000
2 0 706 706 9294
1 0 10000
4 0 572 572 2311 2883 1791 4674 5326
1 0 10000
1 0 10000
1 0 10000
2 0 6529 6529 3471
1 0 10000
1 0 10000
1 0 10000
1 0 10000
1 0 10000
1 0 10000
1 0 10000
3 0 8079 8079 1235 9314 686
2 0 2387 2387 7613
1 0 10000
1 0 10000
1 0 10000
2 0 241 241 9759
1 0 10000
3 0 1038 1038 949 1987 8013
1 0 10000
1 0 10000
2 0 8154 8154 1846
1 0 10000
2 0 7964 7964 2036
2 0 7524 7524 2476
1 0 10000
1 0 10000
2 0 9021 9021 979
2 0 737 737 9263
2 0 4991 4991 5009
2 0 9339 9339 661
1 0 10000
2 0 6533 6533 3467
2 0 851 851 9149
3 0 2902 2902 305 3207 6793
1 0 10000
3 0 1343 1343 7675 9018 982
2 0 2710 2710 7290
3 0 6440 6440 1787 8227 1773
1 0 10000
1 0 10000
1 0 10000
1 0 10000
1 0 10000
1 0 10000
1 0 10000
1 0 10000
3 0 5942 5942 2270 8212 1788
1 0 10000
2 0 4647 4647 5353
2 0 9833 9833 167
1 0 10000
1 0 10000
1 0 10000
1 0 10000
1 0 10000
1 0 10000
3 0 453 453 8922 9375 625
2 0 1387 1387 8613
1 0 10000
1 0 10000
1 0 10000
1 0 10000
2 0 4988 4988 5012
1 0 10000
1 0 10000
2 0 4733 4733 5267
1 0 10000
1 0 10000
1 0 10000
1 0 10000
2 0 9058 9058 942
1 0 10000
1 0 10000
2 0 7768 7768 2232
1 0 10000
1 0 10000
1 0 10000
3 0 4995 4995 3317 8312 1688
2 0 3789 3789 6211
2 0 6452 6452 3548
3 0 662 662 4993 5655 4345
3 0 2420 2420 4573 6993 3007
1 0 10000
1 0 10000
1 0 10000
2 0 981 981 9019
1 0 10000
2 0 9353 9353 647
1 0 10000
2 0 5858 5858 4142
1 0 10000
3 0 424 424 6543 6967 3033
1 0 10000
1 0 10000
1 0 10000
2 0 2175 2175 7825
1 0 10000
1 0 10000
2 0 5876 5876 4124
4 0 3785 3785 358 4143 696 4839 5161
1 0 10000
1 0 10000
1 0 10000
2 0 6480 6480 3520
1 0 10000
1 0 10000
1 0 10000
1 0 10000
2 0 9974 9974 26
2 0 112 112 9888
1 0 10000
2 0 8590 8590 1410
1 0 10000
1 0 10000
3 0 1800 1800 7069 8869 1131
1 0 10000
1 0 10000
2 0 1049 1049 8951
3 0 1758 1758 4135 5893 4107
1 0 10000
1 0 10000
1 0 10000
1 0 10000
3 0 6517 6517 1071 7588 2412
2 0 7538 7538 2462
1 0 10000
1 0 10000
1 0 10000
2 0 2114 2114 7886
1 0 10000
3 0 461 461 2290 2751 7249
3 0 988 988 7692 8680 1320
1 0 10000
3 0 8051 8051 435 8486 1514
1 0 10000
1 0 10000
1 0 10000
2 0 6864 6864 3136
2 0 2412 2412 7588
2 0 8402 8402 1598
2 0 4744 4744 5256
3 0 2796 2796 4667 7463 2537
1 0 10000
3 0 8585 8585 645 9230 770
1 0 10000
1 0 10000
1 0 10000
1 0 10000
1 0 10000
1 0 10000
2 0 6125 6125 3875
2 0 7994 7994 2006
1 0 10000
1 0 10000
1 0 10000
1 0 10000
1 0 10000
1 0 10000
1 0 10000
1 0 10000
2 0 2459 2459 7541
1 0 10000
2 0 8416 8416 1584
2 0 400 400 9600
1 0 10000
1 0 10000
3 0 4829 4829 4142 8971 1029
1 0 10000
1 0 10000
1 0 10000
2 0 6486 6486 3514
1 0 10000
1 0 10000
3 0 5015 5015 4828 9843 157
1 0 10000
2 0 5708 5708 4292
1 0 10000
1 0 10000
1 0 10000
2 0 6998 6998 3002
1 0 10000
2 0 3577 3577 6423
1 0 10000
3 0 4967 4967 609 5576 4424
2 0 1593 1593 8407
1 0 10000
2 0 8926 8926 1074
1 0 10000
1 0 10000
3 0 311 311 7441 7752 2248
1 0 10000
3 0 1476 1476 7532 9008 992
1 0 10000
1 0 10000
3 0 4548 4548 318 4866 5134
2 0 5875 5875 4125
1 0 10000
2 0 1506 1506 8494
1 0 10000
1 0 10000
2 0 9243 9243 757
1 0 10000
2 0 5793 5793 4207
1 0 10000
2 0 7101 7101 2899
1 0 10000
1 0 10000
1 0 10000
2 0 5686 5686 4314
1 0 10000
1 0 10000
1 0 10000
1 0 10000
2 0 3878 3878 6122
1 0 10000
1 0 10000
2 0 2161 2161 7839
1 0 10000
2 0 9446 9446 554
2 0 8358 8358 1642
2 0 8886 8886 1114
1 0 10000
1 0 10000
1 0 10000
1 0 10000
3 0 584 584 7861 8445 1555
2 0 1860 1860 8140
1 0 10000
3 0 6751 6751 2254 9005 995
1 0 10000
1 0 10000
3 0 771 771 2779 3550 6450
1 0 10000
2 0 8947 8947 1053
1 0 10000
1 0 10000
1 0 10000
2 0 1141 1141 8859
1 0 10000
2 0 9104 9104 896
2 0 1572 1572 8428
3 0 927 927 9040 9967 33
1 0 10000
2 0 4736 4736 5264
3 0 3069 3069 1440 4509 5491
1 0 10000
3 0 6019 6019 2286 8305 1695
1 0 10000
1 0 10000
1 0 10000
1 0 10000
1 0 10000
1 0 10000
1 0 10000
1 0 10000
1 0 10000
1 0 10000
1 0 10000
1 0 10000
1 0 10000
2 0 1589 1589 8411
2 0 9286 9286 714
1 0 10000
1 0 10000
1 0 10000
1 0 10000
2 0 6140 6140 3860
2 0 5449 5449 4551
3 0 6702 6702 531 7233 2767
3 0 4551 4551 4995 9546 454
4 0 362 362 1846 2208 2144 4352 5648
1 0 10000
3 0 894 894 5445 6339 3661
1 0 10000
4 0 46 46 3801 3847 3347 7194 2806
3 0 6237 6237 3387 9624 376
1 0 10000
1 0 10000
2 0 5398 5398 4602
2 0 9805 9805 195
1 0 10000
1 0 10000
3 0 7811 7811 1733 9544 456
2 0 4971 4971 5029
2 0 8834 8834 1166
1 0 10000
1 0 10000
3 0 3143 3143 354 3497 6503
2 0 3035 3035 6965
1 0 10000
2 0 3881 3881 6119
1 0 10000
2 0 260 260 9740
3 0 2568 2568 5583 8151 1849
1 0 10000
1 0 10000
1 0 10000
2 0 203 203 9797
1 0 10000
2 0 2020 2020 7980
1 0 10000
1 0 10000
1 0 10000
1 0 10000
1 0 10000
2 0 2705 2705 7295
2 0 9249 9249 751
3 0 1921 1921 5993 7914 2086
1 0 10000
1 0 10000
1 0 10000
1 0 10000
2 0 2615 2615 7385
1 0 10000
1 0 10000
3 0 5409 5409 182 5591 4409
1 0 10000
1 0 10000
1 0 10000
1 0 10000
1 0 10000
1 0 10000
2 0 8428 8428 1572
1 0 10000
2 0 8410 8410 1590
1 0 10000
1 0 10000
2 0 9530 9530 470
2 0 5402 5402 4598
1 0 10000
1 0 10000
1 0 10000
1 0 10000
1 0 10000
1 0 10000
3 0 1542 1542 1524 3066 6934
1 0 10000
2 0 7761 7761 2239
1 0 10000
2 0 3240 3240 6760
2 0 7590 7590 2410
2 0 6875 6875 3125
1 0 10000
2 0 932 932 9068
2 0 361 361 9639
1 0 10000
2 0 5077 5077 4923
1 0 10000
2 0 9238 9238 762
1 0 10000
1 0 10000
2 0 3696 3696 6304
3 0 6876 6876 1053 7929 2071
1 0 10000
1 0 10000
2 0 9491 9491 509
1 0 10000
1 0 10000
1 0 10000
2 0 8445 8445 1555
1 0 10000
1 0 10000
2 0 8236 8236 1764
1 0 10000
1 0 10000
1 0 10000
3 0 6905 6905 668 7573 2427
1 0 10000
2 0 3970 3970 6030
1 0 10000
1 0 10000
1 0 10000
1 0 10000
2 0 6652 6652 3348
1 0 10000
1 0 10000
1 0 10000
1 0 10000
1 0 10000
1 0 10000
2 0 3235 3235 6765
1 0 10000
1 0 10000
1 0 10000
1 0 10000
1 0 10000
1 0 10000
1 0 10000
2 0 6345 6345 3655
1 0 10000
1 0 10000
2 0 7407 7407 2593
1 0 10000
3 0 5557 5557 806 6363 3637
1 0 10000
2 0 8138 8138 1862
1 0 10000
2 0 6038 6038 3962
1 0 10000
1 0 10000
1 0 10000
2 0 6938 6938 3062
2 0 9311 9311 689
2 0 40 40 9960
2 0 603 603 9397
1 0 10000
2 0 6775 6775 3225
2 0 8868 8868 1132
2 0 3560 3560 6440
1 0 10000
1 0 10000
1 0 10000
1 0 10000
2 0 8191 8191 1809
1 0 10000
3 0 7295 7295 708 8003 1997
2 0 3768 3768 6232
1 0 10000
2 0 4442 4442 5558
2 0 3665 3665 6335
1 0 10000
2 0 341 341 9659
1 0 10000
1 0 10000
1 0 10000
1 0 10000
1 0 10000
4 0 4130 4130 2659 6789 2321 9110 890
2 0 5454 5454 4546
2 0 7547 7547 2453
1 0 10000
1 0 10000
1 0 10000
1 0 10000
3 0 2113 2113 7396 9509 491
3 0 4810 4810 2654 7464 2536
3 0 1582 1582 2695 4277 5723
2 0 2252 2252 7748
1 0 10000
1 0 10000
2 0 1023 1023 8977
1 0 10000
1 0 10000
2 0 1910 1910 8090
2 0 6813 6813 3187
1 0 10000
1 0 10000
2 0 6916 6916 3084
1 0 10000
2 0 4319 4319 5681
3 0 1510 1510 3868 5378 4622
2 0 9003 9003 997
2 0 8782 8782 1218
2 0 5450 5450 4550
1 0 10000
1 0 10000
1 0 10000
1 0 10000
1 0 10000
2 0 3167 3167 6833
2 0 1928 1928 8072
1 0 10000
2 0 5365 5365 4635
1 0 10000
1 0 10000
2 0 6995 6995 3005
1 0 10000
1 0 10000
1 0 10000
1 0 10000
2 0 9142 9142 858
1 0 10000
1 0 10000
1 0 10000
1 0 10000
1 0 10000
3 0 6888 6888 525 7413 2587
1 0 10000
1 0 10000
2 0 8961 8961 1039
1 0 10000
2 0 9058 9058 942
1 0 10000
1 0 10000
2 0 5644 5644 4356
2 0 2182 2182 7818
1 0 10000
1 0 10000
2 0 8973 8973 1027
1 0 10000
1 0 10000
1 0 10000
1 0 10000
2 0 9701 9701 299
2 0 6988 6988 3012
1 0 10000
1 0 10000
1 0 10000
3 0 2905 2905 2006 4911 5089
2 0 3443 3443 6557
1 0 10000
1 0 10000
1 0 10000
1 0 10000
2 0 267 267 9733
1 0 10000
1 0 10000
1 0 10000
1 0 10000
2 0 4824 4824 5176
2 0 8211 8211 1789
1 0 10000
1 0 10000
2 0 5022 5022 4978
1 0 10000
1 0 10000
1 0 10000
2 0 6761 6761 3239
1 0 10000
1 0 10000
2 0 8358 8358 1642
1 0 10000
2 0 653 653 9347
2 0 4343 4343 5657
3 0 2223 2223 5417 7640 2360
1 0 10000
1 0 10000
1 0 10000
1 0 10000
1 0 10000
1 0 10000
1 0 10000
1 0 10000
1 0 10000
2 0 6296 6296 3704
1 0 10000
1 0 10000
1 0 10000
1 0 10000
1 0 10000
1 0 10000
2 0 5325 5325 4675
2 0 1833 1833 8167
1 0 10000
2 0 3474 3474 6526
1 0 10000
1 0 10000
1 0 10000
3 0 2104 2104 5328 7432 2568
3 0 747 747 1175 1922 8078
1 0 10000
1 0 10000
1 0 10000
2 0 2954 2954 7046
1 0 10000
1 0 10000
1 0 10000
1 0 10000
1 0 10000
1 0 10000
2 0 4333 4333 5667
1 0 10000
1 0 10000
1 0 10000
1 0 10000
2 0 6736 6736 3264
1 0 10000
1 0 10000
1 0 10000
1 0 10000
1 0 10000
2 0 7145 7145 2855
1 0 10000
2 0 7539 7539 2461
2 0 8699 8699 1301
2 0 7017 7017 2983
3 0 5267 5267 3159 8426 1574
1 0 10000
3 0 1509 1509 8190 9699 301
2 0 5119 5119 4881
1 0 10000
2 0 6673 6673 3327
1 0 10000
1 0 10000
1 0 10000
1 0 10000
2 0 5399 5399 4601
1 0 10000
3 0 7887 7887 318 8205 1795
1 0 10000
1 0 10000
1 0 10000
3 0 4673 4673 2081 6754 3246
3 0 7221 7221 191 7412 2588
1 0 10000
1 0 10000
1 0 10000
1 0 10000
1 0 10000
1 0 10000
1 0 10000
2 0 5731 5731 4269
2 0 6710 6710 3290
1 0 10000
1 0 10000
1 0 10000
1 0 10000
3 0 1602 1602 4092 5694 4306
2 0 2818 2818 7182
2 0 3780 3780 6220
2 0 1448 1448 8552
1 0 10000
1 0 10000
2 0 8136 8136 1864
1 0 10000
1 0 10000
1 0 10000
1 0 10000
1 0 10000
3 0 8012 8012 954 8966 1034
1 0 10000
1 0 10000
1 0 10000
1 0 10000
4 0 258 258 5524 5782 495 6277 3723
1 0 10000
1 0 10000
1 0 10000
1 0 10000
3 0 2119 2119 7717 9836 164
2 0 5614 5614 4386
1 0 10000
2 0 5758 5758 4242
4 0 576 576 6110 6686 872 7558 2442
2 0 5181 5181 4819
1 0 10000
1 0 10000
2 0 1444 1444 8556
1 0 10000
1 0 10000
3 0 2252 2252 3431 5683 4317
2 0 9653 9653 347
1 0 10000
1 0 10000
1 0 10000
1 0 10000
1 0 10000
1 0 10000
2 0 2243 2243 7757
1 0 10000
1 0 10000
2 0 9738 9738 262
1 0 10000
1 0 10000
1 0 10000
1 0 10000
2 0 6369 6369 3631
2 0 2016 2016 7984
1 0 10000
2 0 281 281 9719
2 0 5711 5711 4289
2 0 219 219 9781
1 0 10000
1 0 10000
2 0 6295 6295 3705
1 0 10000
2 0 5141 5141 4859
2 0 8650 8650 1350
1 0 10000
1 0 10000
2 0 8490 8490 1510
1 0 10000
1 0 10000
1 0 10000
