10000 984
4 0 2735 2735 922 3657 1209 4866 5134
4 0 613 613 410 1023 1661 2684 7316
3 0 8204 8204 291 8495 1505
3 0 2629 2629 684 3313 6687
4 0 2630 2630 5814 8444 1351 9795 205
4 0 1600 1600 1082 2682 3700 6382 3618
4 0 5990 5990 1583 7573 2175 9748 252
3 0 2918 2918 1234 4152 5848
3 0 4075 4075 817 4892 5108
4 0 2447 2447 1556 4003 2741 6744 3256
3 0 8889 8889 892 9781 219
4 0 1693 1693 1061 2754 1013 3767 6233
3 0 3652 3652 4033 7685 2315
4 0 4829 4829 1538 6367 2483 8850 1150
3 0 1581 1581 7785 9366 634
4 0 704 704 3331 4035 1509 5544 4456
3 0 1630 1630 3578 5208 4792
3 0 3231 3231 3218 6449 3551
3 0 5233 5233 1084 6317 3683
3 0 3491 3491 4167 7658 2342
2 0 1914 1914 8086
4 0 5817 5817 2125 7942 2049 9991 9
3 0 2257 2257 3242 5499 4501
3 0 4692 4692 656 5348 4652
3 0 546 546 5310 5856 4144
4 0 392 392 5937 6329 1210 7539 2461
3 0 3890 3890 4738 8628 1372
3 0 1477 1477 1900 3377 6623
4 0 1287 1287 1413 2700 2193 4893 5107
3 0 8294 8294 614 8908 1092
4 0 4292 4292 1496 5788 590 6378 3622
3 0 4020 4020 496 4516 5484
3 0 1254 1254 522 1776 8224
3 0 780 780 511 1291 8709
4 0 201 201 1611 1812 2054 3866 6134
3 0 1918 1918 2560 4478 5522
4 0 2970 2970 3013 5983 1371 7354 2646
3 0 6326 6326 750 7076 2924
3 0 6529 6529 1475 8004 1996
3 0 582 582 5653 6235 3765
2 0 8721 8721 1279
4 0 3920 3920 1005 4925 237 5162 4838
3 0 807 807 5101 5908 4092
4 0 5645 5645 664 6309 3519 9828 172
3 0 4020 4020 1832 5852 4148
3 0 300 300 5197 5497 4503
3 0 6504 6504 3046 9550 450
2 0 8941 8941 1059
3 0 846 846 663 1509 8491
3 0 7943 7943 1922 9865 135
4 0 3616 3616 534 4150 754 4904 5096
3 0 2055 2055 1784 3839 6161
4 0 4996 4996 3621 8617 382 8999 1001
4 0 2984 2984 2310 5294 487 5781 4219
3 0 5837 5837 1816 7653 2347
3 0 1197 1197 3798 4995 5005
4 0 785 785 186 971 4177 5148 4852
3 0 1695 1695 4843 6538 3462
3 0 318 318 4643 4961 5039
3 0 4549 4549 2199 6748 3252
3 0 6074 6074 2651 8725 1275
4 0 2756 2756 191 2947 3996 6943 3057
3 0 5445 5445 1940 7385 2615
3 0 2910 2910 5448 8358 1642
3 0 1966 1966 3036 5002 4998
4 0 6200 6200 598 6798 323 7121 2879
4 0 3895 3895 110 4005 3489 7494 2506
4 0 5167 5167 202 5369 2688 8057 1943
3 0 3832 3832 1626 5458 4542
4 0 4837 4837 233 5070 3055 8125 1875
4 0 6690 6690 1446 8136 728 8864 1136
3 0 3743 3743 470 4213 5787
3 0 4260 4260 4435 8695 1305
3 0 3370 3370 3332 6702 3298
4 0 733 733 3010 3743 5129 8872 1128
3 0 1957 1957 5003 6960 3040
3 0 7831 7831 1093 8924 1076
4 0 951 951 6617 7568 1585 9153 847
2 0 4534 4534 5466
3 0 580 580 7083 7663 2337
4 0 5699 5699 826 6525 975 7500 2500
3 0 2909 2909 5757 8666 1334
4 0 6428 6428 427 6855 2318 9173 827
3 0 798 798 6324 7122 2878
3 0 8031 8031 1558 9589 411
3 0 3418 3418 2211 5629 4371
3 0 5939 5939 2761 8700 1300
3 0 1830 1830 593 2423 7577
4 0 1017 1017 1828 2845 2028 4873 5127
4 0 4588 4588 1584 6172 522 6694 3306
4 0 7275 7275 247 7522 442 7964 2036
3 0 140 140 4825 4965 5035
3 0 4785 4785 3068 7853 2147
3 0 4657 4657 2516 7173 2827
4 0 667 667 349 1016 2191 3207 6793
3 0 1336 1336 318 1654 8346
4 0 1248 1248 4122 5370 3969 9339 661
3 0 6687 6687 2393 9080 920
3 0 4999 4999 4098 9097 903
4 0 6576 6576 104 6680 274 6954 3046
3 0 6987 6987 2392 9379 621
3 0 1601 1601 850 2451 7549
2 0 1968 1968 8032
3 0 6397 6397 905 7302 2698
3 0 2501 2501 4897 7398 2602
4 0 3309 3309 2094 5403 491 5894 4106
4 0 88 88 3561 3649 2928 6577 3423
3 0 4773 4773 304 5077 4923
3 0 2320 2320 2158 4478 5522
3 0 4440 4440 4191 8631 1369
3 0 7587 7587 1180 8767 1233
3 0 4637 4637 4716 9353 647
4 0 1180 1180 645 1825 4188 6013 3987
3 0 2674 2674 4642 7316 2684
3 0 1922 1922 2493 4415 5585
3 0 5858 5858 154 6012 3988
3 0 849 849 1090 1939 8061
3 0 6177 6177 1439 7616 2384
3 0 503 503 3151 3654 6346
3 0 5979 5979 1436 7415 2585
3 0 3460 3460 4220 7680 2320
3 0 3163 3163 4608 7771 2229
3 0 56 56 3465 3521 6479
3 0 4019 4019 3082 7101 2899
3 0 875 875 1201 2076 7924
3 0 7060 7060 935 7995 2005
3 0 2357 2357 1263 3620 6380
3 0 3513 3513 3113 6626 3374
3 0 2042 2042 4693 6735 3265
3 0 2830 2830 1625 4455 5545
3 0 8428 8428 640 9068 932
3 0 3133 3133 4833 7966 2034
3 0 4949 4949 2673 7622 2378
4 0 5299 5299 1585 6884 2387 9271 729
3 0 4714 4714 448 5162 4838
3 0 784 784 7825 8609 1391
3 0 1245 1245 6356 7601 2399
3 0 4610 4610 421 5031 4969
3 0 4703 4703 2965 7668 2332
4 0 4422 4422 90 4512 433 4945 5055
3 0 2425 2425 3743 6168 3832
3 0 5257 5257 1317 6574 3426
3 0 5062 5062 1614 6676 3324
3 0 2513 2513 41 2554 7446
4 0 1268 1268 2940 4208 2508 6716 3284
2 0 8440 8440 1560
3 0 6193 6193 3736 9929 71
3 0 2686 2686 3559 6245 3755
3 0 6480 6480 1326 7806 2194
3 0 388 388 1993 2381 7619
4 0 6579 6579 1469 8048 194 8242 1758
4 0 321 321 270 591 9240 9831 169
3 0 185 185 5959 6144 3856
4 0 2628 2628 332 2960 2531 5491 4509
3 0 4607 4607 840 5447 4553
4 0 112 112 238 350 3710 4060 5940
4 0 237 237 1887 2124 2086 4210 5790
3 0 7814 7814 398 8212 1788
4 0 691 691 1036 1727 6182 7909 2091
3 0 4441 4441 3050 7491 2509
3 0 8745 8745 763 9508 492
3 0 1145 1145 7996 9141 859
3 0 6807 6807 706 7513 2487
3 0 1535 1535 1195 2730 7270
3 0 2878 2878 1947 4825 5175
4 0 5139 5139 174 5313 3310 8623 1377
3 0 6509 6509 776 7285 2715
3 0 3335 3335 832 4167 5833
4 0 1049 1049 4911 5960 601 6561 3439
4 0 2598 2598 2162 4760 3665 8425 1575
3 0 754 754 2714 3468 6532
4 0 2314 2314 529 2843 1364 4207 5793
3 0 6063 6063 1149 7212 2788
3 0 2183 2183 1521 3704 6296
4 0 1544 1544 447 1991 4566 6557 3443
3 0 2571 2571 5915 8486 1514
3 0 5139 5139 3745 8884 1116
3 0 975 975 3513 4488 5512
3 0 4541 4541 1565 6106 3894
4 0 491 491 1349 1840 5219 7059 2941
3 0 2062 2062 617 2679 7321
3 0 5811 5811 3675 9486 514
3 0 6878 6878 1113 7991 2009
4 0 6041 6041 1809 7850 563 8413 1587
3 0 5457 5457 2483 7940 2060
3 0 80 80 3732 3812 6188
3 0 2153 2153 3381 5534 4466
3 0 1376 1376 6301 7677 2323
3 0 4895 4895 371 5266 4734
4 0 1369 1369 3456 4825 113 4938 5062
3 0 1260 1260 3448 4708 5292
2 0 3136 3136 6864
3 0 2109 2109 4494 6603 3397
4 0 2569 2569 1837 4406 3386 7792 2208
4 0 2989 2989 3041 6030 1038 7068 2932
3 0 5469 5469 2961 8430 1570
3 0 2336 2336 4438 6774 3226
4 0 7141 7141 1199 8340 240 8580 1420
3 0 756 756 3041 3797 6203
3 0 5350 5350 233 5583 4417
3 0 219 219 6406 6625 3375
4 0 5021 5021 585 5606 292 5898 4102
3 0 684 684 3123 3807 6193
3 0 6595 6595 2587 9182 818
3 0 3869 3869 3731 7600 2400
3 0 3092 3092 246 3338 6662
3 0 972 972 255 1227 8773
3 0 7386 7386 100 7486 2514
4 0 3837 3837 121 3958 3732 7690 2310
4 0 6000 6000 1194 7194 693 7887 2113
3 0 7977 7977 1271 9248 752
3 0 149 149 1774 1923 8077
3 0 3455 3455 57 3512 6488
3 0 1876 1876 6141 8017 1983
3 0 1935 1935 5519 7454 2546
3 0 353 353 5028 5381 4619
3 0 1366 1366 7201 8567 1433
3 0 1158 1158 879 2037 7963
4 0 1328 1328 3416 4744 2950 7694 2306
4 0 440 440 1344 1784 1118 2902 7098
3 0 5066 5066 2362 7428 2572
3 0 4274 4274 121 4395 5605
3 0 2221 2221 1391 3612 6388
4 0 499 499 824 1323 3270 4593 5407
3 0 2351 2351 5158 7509 2491
3 0 1448 1448 7003 8451 1549
3 0 1839 1839 104 1943 8057
4 0 830 830 2096 2926 6730 9656 344
3 0 2084 2084 4682 6766 3234
3 0 5284 5284 2756 8040 1960
4 0 3034 3034 76 3110 1130 4240 5760
4 0 385 385 4015 4400 1089 5489 4511
3 0 6458 6458 1745 8203 1797
3 0 2633 2633 2286 4919 5081
3 0 4268 4268 4488 8756 1244
4 0 627 627 775 1402 2384 3786 6214
3 0 3292 3292 1860 5152 4848
3 0 567 567 4551 5118 4882
3 0 757 757 1600 2357 7643
4 0 1641 1641 2091 3732 488 4220 5780
4 0 2705 2705 2173 4878 1762 6640 3360
3 0 8745 8745 314 9059 941
3 0 4761 4761 1097 5858 4142
4 0 6082 6082 3105 9187 347 9534 466
3 0 248 248 4345 4593 5407
3 0 831 831 3708 4539 5461
3 0 3821 3821 51 3872 6128
3 0 1253 1253 348 1601 8399
3 0 7530 7530 2277 9807 193
3 0 1839 1839 1643 3482 6518
3 0 3004 3004 265 3269 6731
4 0 3749 3749 72 3821 4659 8480 1520
3 0 257 257 1095 1352 8648
3 0 1454 1454 2063 3517 6483
3 0 5001 5001 2877 7878 2122
3 0 1426 1426 4426 5852 4148
4 0 3965 3965 1265 5230 3408 8638 1362
3 0 1734 1734 2576 4310 5690
3 0 2017 2017 2901 4918 5082
3 0 236 236 1423 1659 8341
3 0 483 483 5500 5983 4017
4 0 1160 1160 422 1582 3513 5095 4905
3 0 6940 6940 1234 8174 1826
3 0 7267 7267 1294 8561 1439
4 0 2072 2072 245 2317 2508 4825 5175
4 0 1205 1205 7083 8288 301 8589 1411
3 0 2114 2114 4547 6661 3339
3 0 896 896 5663 6559 3441
3 0 4592 4592 43 4635 5365
3 0 204 204 3913 4117 5883
3 0 3061 3061 4646 7707 2293
3 0 5583 5583 2827 8410 1590
3 0 7870 7870 568 8438 1562
3 0 7709 7709 528 8237 1763
4 0 1238 1238 307 1545 331 1876 8124
4 0 4981 4981 994 5975 3954 9929 71
3 0 6205 6205 1614 7819 2181
4 0 3002 3002 2 3004 1736 4740 5260
4 0 571 571 1164 1735 554 2289 7711
3 0 3560 3560 4805 8365 1635
4 0 1715 1715 975 2690 3602 6292 3708
3 0 326 326 2010 2336 7664
3 0 2023 2023 6107 8130 1870
3 0 4351 4351 1708 6059 3941
3 0 8058 8058 785 8843 1157
4 0 462 462 2023 2485 1770 4255 5745
3 0 280 280 5046 5326 4674
3 0 603 603 1520 2123 7877
3 0 2639 2639 1546 4185 5815
4 0 4919 4919 319 5238 3211 8449 1551
4 0 4277 4277 1510 5787 3700 9487 513
3 0 1761 1761 1730 3491 6509
3 0 3374 3374 3239 6613 3387
3 0 5424 5424 462 5886 4114
3 0 9131 9131 387 9518 482
3 0 4584 4584 3166 7750 2250
4 0 7263 7263 193 7456 2284 9740 260
4 0 994 994 1067 2061 1365 3426 6574
3 0 4313 4313 5516 9829 171
3 0 8206 8206 1131 9337 663
3 0 3941 3941 3584 7525 2475
4 0 5493 5493 251 5744 172 5916 4084
3 0 4915 4915 3632 8547 1453
3 0 6006 6006 976 6982 3018
3 0 5818 5818 3159 8977 1023
3 0 7521 7521 18 7539 2461
3 0 8529 8529 387 8916 1084
4 0 1628 1628 668 2296 1350 3646 6354
3 0 5426 5426 1700 7126 2874
3 0 5150 5150 3654 8804 1196
4 0 4617 4617 152 4769 199 4968 5032
4 0 1920 1920 1872 3792 3837 7629 2371
3 0 4160 4160 5834 9994 6
3 0 4046 4046 948 4994 5006
3 0 4917 4917 1743 6660 3340
3 0 2823 2823 4172 6995 3005
3 0 4799 4799 3678 8477 1523
3 0 3457 3457 2925 6382 3618
3 0 3624 3624 1408 5032 4968
3 0 334 334 4422 4756 5244
4 0 2409 2409 1878 4287 298 4585 5415
3 0 4887 4887 3330 8217 1783
3 0 3271 3271 1190 4461 5539
4 0 3289 3289 172 3461 2347 5808 4192
3 0 1729 1729 2634 4363 5637
3 0 5717 5717 486 6203 3797
3 0 2887 2887 6488 9375 625
3 0 4890 4890 3796 8686 1314
3 0 594 594 5265 5859 4141
3 0 3705 3705 3789 7494 2506
3 0 4838 4838 2556 7394 2606
4 0 3532 3532 1510 5042 3017 8059 1941
4 0 1759 1759 4284 6043 393 6436 3564
3 0 295 295 8567 8862 1138
3 0 3409 3409 714 4123 5877
3 0 8300 8300 205 8505 1495
3 0 6723 6723 633 7356 2644
2 0 4739 4739 5261
3 0 1610 1610 4063 5673 4327
4 0 548 548 33 581 687 1268 8732
2 0 6653 6653 3347
2 0 8956 8956 1044
3 0 6586 6586 1779 8365 1635
3 0 4514 4514 4105 8619 1381
3 0 4703 4703 4540 9243 757
4 0 2595 2595 328 2923 2646 5569 4431
3 0 5110 5110 4557 9667 333
3 0 6691 6691 2422 9113 887
3 0 1124 1124 3391 4515 5485
3 0 1998 1998 420 2418 7582
4 0 268 268 3467 3735 5515 9250 750
3 0 5404 5404 4342 9746 254
3 0 1519 1519 1772 3291 6709
2 0 7410 7410 2590
4 0 5350 5350 2023 7373 506 7879 2121
4 0 101 101 6345 6446 3420 9866 134
4 0 6443 6443 1940 8383 843 9226 774
3 0 4192 4192 548 4740 5260
3 0 440 440 9256 9696 304
4 0 5829 5829 374 6203 1006 7209 2791
3 0 2374 2374 3163 5537 4463
3 0 8105 8105 1559 9664 336
3 0 8411 8411 1355 9766 234
3 0 336 336 630 966 9034
3 0 1257 1257 7529 8786 1214
3 0 1078 1078 1702 2780 7220
3 0 2979 2979 4775 7754 2246
4 0 2196 2196 211 2407 1686 4093 5907
4 0 4455 4455 963 5418 1664 7082 2918
3 0 5328 5328 2061 7389 2611
3 0 4938 4938 457 5395 4605
3 0 1998 1998 1661 3659 6341
4 0 4036 4036 3327 7363 2531 9894 106
3 0 3444 3444 6430 9874 126
3 0 2450 2450 4473 6923 3077
3 0 4102 4102 768 4870 5130
4 0 1755 1755 3443 5198 603 5801 4199
3 0 7919 7919 386 8305 1695
4 0 3709 3709 164 3873 1117 4990 5010
3 0 5464 5464 402 5866 4134
4 0 2301 2301 2308 4609 4225 8834 1166
4 0 971 971 2063 3034 838 3872 6128
3 0 5255 5255 531 5786 4214
3 0 3587 3587 1330 4917 5083
3 0 7316 7316 2424 9740 260
3 0 3385 3385 1877 5262 4738
3 0 1056 1056 1402 2458 7542
4 0 2540 2540 1150 3690 2315 6005 3995
3 0 8547 8547 66 8613 1387
3 0 7639 7639 1085 8724 1276
4 0 3771 3771 2637 6408 2475 8883 1117
3 0 3064 3064 369 3433 6567
4 0 783 783 5617 6400 1544 7944 2056
3 0 3143 3143 2201 5344 4656
3 0 5030 5030 3581 8611 1389
3 0 5176 5176 758 5934 4066
2 0 8501 8501 1499
4 0 1483 1483 4963 6446 2007 8453 1547
3 0 1151 1151 5623 6774 3226
4 0 1393 1393 159 1552 1779 3331 6669
4 0 6947 6947 421 7368 1268 8636 1364
4 0 2384 2384 3527 5911 1783 7694 2306
3 0 4456 4456 5130 9586 414
4 0 8059 8059 1487 9546 236 9782 218
3 0 6760 6760 1930 8690 1310
4 0 455 455 1507 1962 489 2451 7549
3 0 6972 6972 773 7745 2255
2 0 8610 8610 1390
3 0 4122 4122 2603 6725 3275
3 0 2483 2483 6032 8515 1485
3 0 831 831 5207 6038 3962
4 0 688 688 4853 5541 2518 8059 1941
4 0 4650 4650 438 5088 279 5367 4633
4 0 5765 5765 2197 7962 1130 9092 908
3 0 5834 5834 489 6323 3677
3 0 6183 6183 470 6653 3347
3 0 6748 6748 1448 8196 1804
3 0 357 357 5261 5618 4382
3 0 2150 2150 2747 4897 5103
3 0 4795 4795 2894 7689 2311
3 0 8641 8641 827 9468 532
3 0 6212 6212 1033 7245 2755
3 0 48 48 1984 2032 7968
4 0 1852 1852 289 2141 1412 3553 6447
3 0 5686 5686 2616 8302 1698
4 0 9387 9387 120 9507 89 9596 404
3 0 1899 1899 897 2796 7204
2 0 4379 4379 5621
3 0 8026 8026 661 8687 1313
3 0 2462 2462 267 2729 7271
3 0 444 444 2352 2796 7204
3 0 589 589 5927 6516 3484
4 0 3301 3301 816 4117 1833 5950 4050
3 0 1145 1145 85 1230 8770
3 0 6630 6630 1239 7869 2131
3 0 1863 1863 2704 4567 5433
3 0 6921 6921 2520 9441 559
4 0 4994 4994 5 4999 336 5335 4665
3 0 4193 4193 4055 8248 1752
3 0 7341 7341 325 7666 2334
3 0 1014 1014 96 1110 8890
3 0 7909 7909 1643 9552 448
3 0 6794 6794 1783 8577 1423
3 0 3511 3511 3187 6698 3302
2 0 9164 9164 836
3 0 5058 5058 847 5905 4095
3 0 4919 4919 1387 6306 3694
4 0 2168 2168 4595 6763 1974 8737 1263
3 0 3972 3972 2403 6375 3625
4 0 5610 5610 2390 8000 375 8375 1625
3 0 7695 7695 1197 8892 1108
3 0 5112 5112 1607 6719 3281
3 0 4073 4073 291 4364 5636
3 0 3564 3564 1086 4650 5350
4 0 6650 6650 354 7004 23 7027 2973
4 0 1419 1419 1966 3385 5479 8864 1136
3 0 651 651 5883 6534 3466
4 0 797 797 2847 3644 1440 5084 4916
3 0 3444 3444 2128 5572 4428
3 0 5864 5864 334 6198 3802
3 0 3185 3185 1824 5009 4991
3 0 1769 1769 4075 5844 4156
3 0 6757 6757 1478 8235 1765
3 0 7655 7655 1354 9009 991
4 0 4560 4560 414 4974 3966 8940 1060
4 0 868 868 3674 4542 261 4803 5197
3 0 5808 5808 708 6516 3484
3 0 9270 9270 597 9867 133
3 0 1049 1049 2928 3977 6023
3 0 4318 4318 2287 6605 3395
3 0 1598 1598 6442 8040 1960
3 0 4560 4560 2273 6833 3167
3 0 3224 3224 4036 7260 2740
3 0 4955 4955 916 5871 4129
3 0 415 415 457 872 9128
3 0 1568 1568 938 2506 7494
3 0 5527 5527 1706 7233 2767
2 0 100 100 9900
4 0 1246 1246 380 1626 7298 8924 1076
3 0 1071 1071 6193 7264 2736
3 0 2377 2377 1885 4262 5738
4 0 818 818 1397 2215 559 2774 7226
3 0 2383 2383 1358 3741 6259
4 0 678 678 6528 7206 334 7540 2460
3 0 3071 3071 3472 6543 3457
3 0 8078 8078 202 8280 1720
4 0 4041 4041 837 4878 1284 6162 3838
3 0 2117 2117 2007 4124 5876
3 0 1122 1122 726 1848 8152
3 0 6794 6794 2211 9005 995
3 0 5378 5378 695 6073 3927
4 0 1766 1766 3689 5455 2092 7547 2453
3 0 2466 2466 1421 3887 6113
4 0 115 115 2444 2559 1260 3819 6181
4 0 5185 5185 181 5366 3603 8969 1031
3 0 2297 2297 821 3118 6882
4 0 3715 3715 2020 5735 533 6268 3732
3 0 7107 7107 1884 8991 1009
3 0 2525 2525 1748 4273 5727
4 0 7212 7212 308 7520 106 7626 2374
3 0 4947 4947 1103 6050 3950
4 0 5033 5033 1032 6065 1873 7938 2062
3 0 1047 1047 986 2033 7967
4 0 1179 1179 5338 6517 864 7381 2619
3 0 755 755 1609 2364 7636
3 0 4489 4489 5254 9743 257
4 0 5246 5246 184 5430 4408 9838 162
3 0 5575 5575 2315 7890 2110
3 0 2634 2634 2746 5380 4620
3 0 6544 6544 1720 8264 1736
2 0 7944 7944 2056
3 0 7131 7131 1546 8677 1323
3 0 1116 1116 6724 7840 2160
4 0 239 239 3549 3788 1535 5323 4677
4 0 2406 2406 2775 5181 4 5185 4815
3 0 7039 7039 630 7669 2331
3 0 3138 3138 2066 5204 4796
3 0 9768 9768 114 9882 118
3 0 4091 4091 1464 5555 4445
3 0 6875 6875 601 7476 2524
3 0 42 42 2234 2276 7724
3 0 2974 2974 461 3435 6565
3 0 2727 2727 2478 5205 4795
3 0 2287 2287 3863 6150 3850
3 0 1127 1127 426 1553 8447
3 0 5938 5938 1746 7684 2316
3 0 1879 1879 1971 3850 6150
4 0 5167 5167 992 6159 3380 9539 461
3 0 6403 6403 2176 8579 1421
4 0 2028 2028 502 2530 6860 9390 610
3 0 3582 3582 3827 7409 2591
3 0 5980 5980 2667 8647 1353
3 0 6851 6851 202 7053 2947
3 0 2864 2864 4110 6974 3026
4 0 1220 1220 7697 8917 94 9011 989
3 0 1366 1366 2441 3807 6193
3 0 370 370 450 820 9180
3 0 4259 4259 4735 8994 1006
4 0 604 604 169 773 2234 3007 6993
3 0 3500 3500 3416 6916 3084
3 0 5343 5343 1088 6431 3569
4 0 4960 4960 2818 7778 1989 9767 233
3 0 3642 3642 493 4135 5865
3 0 6741 6741 1188 7929 2071
3 0 3910 3910 166 4076 5924
4 0 113 113 3830 3943 1736 5679 4321
4 0 4645 4645 888 5533 856 6389 3611
3 0 2399 2399 459 2858 7142
3 0 884 884 48 932 9068
3 0 2819 2819 3599 6418 3582
3 0 4164 4164 5086 9250 750
4 0 436 436 4074 4510 4392 8902 1098
3 0 2694 2694 77 2771 7229
3 0 3301 3301 3886 7187 2813
3 0 4166 4166 268 4434 5566
2 0 3597 3597 6403
3 0 1021 1021 1325 2346 7654
3 0 4134 4134 461 4595 5405
4 0 2684 2684 777 3461 5479 8940 1060
3 0 1793 1793 5818 7611 2389
4 0 4130 4130 4981 9111 21 9132 868
3 0 4441 4441 5508 9949 51
3 0 1017 1017 4601 5618 4382
3 0 5096 5096 116 5212 4788
3 0 1035 1035 8645 9680 320
4 0 1731 1731 2260 3991 1362 5353 4647
3 0 7483 7483 1784 9267 733
3 0 7323 7323 2220 9543 457
4 0 3340 3340 1895 5235 2117 7352 2648
3 0 2980 2980 5670 8650 1350
3 0 3169 3169 5068 8237 1763
3 0 3944 3944 3078 7022 2978
3 0 5810 5810 483 6293 3707
3 0 5912 5912 1729 7641 2359
3 0 270 270 5076 5346 4654
4 0 1984 1984 849 2833 2656 5489 4511
3 0 439 439 358 797 9203
3 0 6643 6643 2679 9322 678
3 0 3946 3946 1975 5921 4079
3 0 1028 1028 7194 8222 1778
4 0 4053 4053 126 4179 3433 7612 2388
3 0 3865 3865 3648 7513 2487
3 0 539 539 628 1167 8833
3 0 5272 5272 3654 8926 1074
3 0 4360 4360 3239 7599 2401
4 0 2043 2043 3728 5771 2246 8017 1983
3 0 4374 4374 5400 9774 226
3 0 3528 3528 5687 9215 785
4 0 614 614 2625 3239 651 3890 6110
3 0 4933 4933 195 5128 4872
3 0 4948 4948 1374 6322 3678
3 0 8191 8191 1501 9692 308
3 0 5598 5598 1538 7136 2864
3 0 4781 4781 353 5134 4866
3 0 4755 4755 2721 7476 2524
3 0 1963 1963 6110 8073 1927
3 0 3948 3948 2505 6453 3547
4 0 5272 5272 407 5679 466 6145 3855
4 0 6467 6467 1310 7777 1006 8783 1217
3 0 59 59 685 744 9256
3 0 5710 5710 3966 9676 324
3 0 9059 9059 676 9735 265
4 0 4119 4119 1506 5625 283 5908 4092
3 0 6700 6700 2663 9363 637
4 0 1053 1053 3773 4826 1535 6361 3639
3 0 5376 5376 4185 9561 439
3 0 1705 1705 4693 6398 3602
3 0 2128 2128 539 2667 7333
3 0 676 676 7570 8246 1754
4 0 851 851 522 1373 2504 3877 6123
4 0 6473 6473 2295 8768 127 8895 1105
3 0 2584 2584 418 3002 6998
4 0 1517 1517 5599 7116 608 7724 2276
3 0 5106 5106 4 5110 4890
3 0 4730 4730 1425 6155 3845
3 0 2286 2286 4167 6453 3547
3 0 872 872 1296 2168 7832
3 0 4335 4335 2957 7292 2708
4 0 5744 5744 2497 8241 1065 9306 694
4 0 1161 1161 802 1963 5484 7447 2553
4 0 3768 3768 642 4410 3744 8154 1846
3 0 2068 2068 1856 3924 6076
3 0 7701 7701 751 8452 1548
4 0 1509 1509 622 2131 2603 4734 5266
3 0 196 196 2012 2208 7792
3 0 2330 2330 651 2981 7019
4 0 2707 2707 4813 7520 386 7906 2094
3 0 3166 3166 3197 6363 3637
4 0 5759 5759 1354 7113 5 7118 2882
3 0 7038 7038 1099 8137 1863
1 0 10000
4 0 1193 1193 6859 8052 246 8298 1702
3 0 2163 2163 3807 5970 4030
4 0 329 329 3436 3765 3704 7469 2531
3 0 2284 2284 5036 7320 2680
3 0 7552 7552 397 7949 2051
4 0 8188 8188 1203 9391 110 9501 499
4 0 3612 3612 317 3929 5485 9414 586
3 0 6361 6361 484 6845 3155
3 0 8476 8476 580 9056 944
3 0 360 360 5028 5388 4612
3 0 1542 1542 3908 5450 4550
3 0 6584 6584 3033 9617 383
4 0 3843 3843 456 4299 863 5162 4838
4 0 5491 5491 815 6306 2385 8691 1309
3 0 5386 5386 2683 8069 1931
4 0 1446 1446 4840 6286 2500 8786 1214
4 0 1638 1638 3137 4775 1439 6214 3786
3 0 1881 1881 4152 6033 3967
3 0 2321 2321 4996 7317 2683
4 0 1056 1056 889 1945 2546 4491 5509
3 0 4267 4267 1122 5389 4611
3 0 6180 6180 1529 7709 2291
3 0 5943 5943 410 6353 3647
4 0 1386 1386 1431 2817 4478 7295 2705
3 0 8588 8588 54 8642 1358
3 0 6035 6035 1466 7501 2499
4 0 740 740 1649 2389 1804 4193 5807
3 0 4677 4677 5066 9743 257
3 0 4235 4235 4392 8627 1373
3 0 3315 3315 206 3521 6479
3 0 1027 1027 6411 7438 2562
3 0 1348 1348 3538 4886 5114
3 0 790 790 5013 5803 4197
4 0 1176 1176 1356 2532 5631 8163 1837
4 0 157 157 5022 5179 671 5850 4150
3 0 2135 2135 3533 5668 4332
4 0 565 565 945 1510 2671 4181 5819
3 0 534 534 3685 4219 5781
3 0 2602 2602 926 3528 6472
4 0 2274 2274 1606 3880 1447 5327 4673
3 0 5850 5850 3874 9724 276
4 0 1297 1297 208 1505 2619 4124 5876
3 0 3477 3477 2415 5892 4108
3 0 688 688 1464 2152 7848
4 0 187 187 4463 4650 2584 7234 2766
3 0 3601 3601 401 4002 5998
3 0 7330 7330 1414 8744 1256
4 0 3914 3914 4064 7978 1233 9211 789
3 0 5827 5827 3666 9493 507
3 0 1019 1019 161 1180 8820
3 0 2342 2342 5051 7393 2607
3 0 8806 8806 138 8944 1056
3 0 5548 5548 2391 7939 2061
4 0 6516 6516 3181 9697 171 9868 132
2 0 4834 4834 5166
3 0 8944 8944 82 9026 974
3 0 3093 3093 3586 6679 3321
3 0 1294 1294 4427 5721 4279
3 0 4414 4414 274 4688 5312
3 0 2510 2510 531 3041 6959
3 0 2082 2082 6030 8112 1888
3 0 303 303 4987 5290 4710
4 0 7112 7112 1461 8573 1314 9887 113
3 0 1999 1999 1744 3743 6257
3 0 646 646 3615 4261 5739
4 0 1456 1456 2639 4095 2233 6328 3672
3 0 2143 2143 1107 3250 6750
4 0 3153 3153 1416 4569 126 4695 5305
3 0 2425 2425 97 2522 7478
4 0 2525 2525 384 2909 730 3639 6361
3 0 1711 1711 1788 3499 6501
3 0 7937 7937 972 8909 1091
3 0 2869 2869 3416 6285 3715
3 0 3879 3879 3689 7568 2432
3 0 4212 4212 3939 8151 1849
3 0 1832 1832 388 2220 7780
4 0 3624 3624 788 4412 2692 7104 2896
3 0 907 907 4911 5818 4182
4 0 3894 3894 641 4535 3744 8279 1721
3 0 9289 9289 552 9841 159
3 0 4168 4168 4901 9069 931
3 0 1433 1433 4010 5443 4557
3 0 6644 6644 64 6708 3292
4 0 2192 2192 117 2309 3734 6043 3957
3 0 3427 3427 1796 5223 4777
3 0 4582 4582 3989 8571 1429
3 0 2510 2510 6637 9147 853
4 0 2835 2835 1270 4105 1049 5154 4846
3 0 3117 3117 3537 6654 3346
3 0 8703 8703 267 8970 1030
4 0 2034 2034 5435 7469 336 7805 2195
4 0 4075 4075 2028 6103 2896 8999 1001
4 0 2367 2367 2409 4776 379 5155 4845
4 0 5297 5297 1908 7205 584 7789 2211
4 0 9 9 203 212 3141 3353 6647
3 0 5152 5152 1855 7007 2993
3 0 6331 6331 1013 7344 2656
4 0 5944 5944 146 6090 1172 7262 2738
3 0 1331 1331 444 1775 8225
4 0 567 567 1456 2023 956 2979 7021
4 0 841 841 440 1281 4867 6148 3852
4 0 399 399 1023 1422 3333 4755 5245
3 0 4810 4810 2285 7095 2905
3 0 4249 4249 3586 7835 2165
3 0 1882 1882 1036 2918 7082
3 0 3237 3237 3249 6486 3514
4 0 3298 3298 757 4055 3461 7516 2484
4 0 3985 3985 2876 6861 3041 9902 98
4 0 6885 6885 941 7826 88 7914 2086
3 0 4964 4964 2162 7126 2874
4 0 1420 1420 42 1462 1525 2987 7013
3 0 1317 1317 1712 3029 6971
3 0 1277 1277 5937 7214 2786
4 0 9406 9406 446 9852 41 9893 107
4 0 3095 3095 4327 7422 1438 8860 1140
3 0 1217 1217 3688 4905 5095
3 0 817 817 2705 3522 6478
3 0 4963 4963 1223 6186 3814
3 0 8530 8530 1169 9699 301
3 0 159 159 1827 1986 8014
2 0 2421 2421 7579
3 0 5427 5427 658 6085 3915
4 0 5207 5207 779 5986 1918 7904 2096
4 0 5817 5817 2221 8038 1430 9468 532
3 0 3898 3898 1068 4966 5034
3 0 1029 1029 1742 2771 7229
3 0 4983 4983 1123 6106 3894
3 0 575 575 4067 4642 5358
3 0 9146 9146 442 9588 412
3 0 2287 2287 7544 9831 169
3 0 2904 2904 3410 6314 3686
3 0 5109 5109 1370 6479 3521
4 0 1442 1442 2027 3469 791 4260 5740
3 0 707 707 2687 3394 6606
3 0 3755 3755 5811 9566 434
3 0 6319 6319 1518 7837 2163
3 0 3020 3020 1463 4483 5517
4 0 2435 2435 4753 7188 1208 8396 1604
4 0 5121 5121 358 5479 4497 9976 24
4 0 1641 1641 522 2163 2313 4476 5524
4 0 2185 2185 3279 5464 2931 8395 1605
3 0 815 815 2392 3207 6793
4 0 1187 1187 3092 4279 1416 5695 4305
4 0 3775 3775 535 4310 920 5230 4770
3 0 1186 1186 1361 2547 7453
3 0 1874 1874 291 2165 7835
3 0 5552 5552 2748 8300 1700
3 0 905 905 5809 6714 3286
3 0 601 601 3197 3798 6202
3 0 1268 1268 6555 7823 2177
4 0 1978 1978 1736 3714 3276 6990 3010
4 0 571 571 1395 1966 5085 7051 2949
4 0 7 7 178 185 3749 3934 6066
3 0 348 348 7668 8016 1984
3 0 2913 2913 2893 5806 4194
4 0 1141 1141 1128 2269 3228 5497 4503
4 0 2841 2841 3857 6698 1778 8476 1524
3 0 1501 1501 865 2366 7634
4 0 3215 3215 2567 5782 9 5791 4209
3 0 3832 3832 4402 8234 1766
4 0 4740 4740 293 5033 2526 7559 2441
3 0 6729 6729 549 7278 2722
3 0 4103 4103 5348 9451 549
3 0 1217 1217 3183 4400 5600
3 0 5318 5318 4310 9628 372
3 0 6248 6248 1047 7295 2705
3 0 5311 5311 1589 6900 3100
3 0 2898 2898 2839 5737 4263
3 0 8517 8517 214 8731 1269
3 0 4464 4464 1624 6088 3912
3 0 7452 7452 1846 9298 702
4 0 1444 1444 1896 3340 114 3454 6546
4 0 5341 5341 2547 7888 405 8293 1707
3 0 6367 6367 1920 8287 1713
3 0 3452 3452 6480 9932 68
3 0 4193 4193 2783 6976 3024
3 0 5177 5177 1176 6353 3647
3 0 6172 6172 1873 8045 1955
3 0 2963 2963 3487 6450 3550
3 0 1216 1216 6073 7289 2711
3 0 311 311 5859 6170 3830
3 0 6074 6074 3454 9528 472
3 0 8300 8300 37 8337 1663
3 0 4884 4884 4253 9137 863
3 0 4123 4123 1329 5452 4548
3 0 146 146 483 629 9371
3 0 677 677 2761 3438 6562
3 0 7466 7466 432 7898 2102
3 0 3324 3324 1364 4688 5312
3 0 1109 1109 3000 4109 5891
3 0 5244 5244 2861 8105 1895
4 0 800 800 2761 3561 4664 8225 1775
3 0 7005 7005 854 7859 2141
3 0 6503 6503 1739 8242 1758
4 0 2711 2711 338 3049 1292 4341 5659
4 0 5541 5541 784 6325 285 6610 3390
3 0 6984 6984 2842 9826 174
2 0 4077 4077 5923
3 0 5913 5913 2978 8891 1109
3 0 159 159 1993 2152 7848
3 0 3198 3198 5096 8294 1706
3 0 4102 4102 1422 5524 4476
3 0 2825 2825 7084 9909 91
4 0 871 871 789 1660 5968 7628 2372
3 0 4570 4570 2792 7362 2638
3 0 3547 3547 5161 8708 1292
3 0 6728 6728 821 7549 2451
3 0 4632 4632 454 5086 4914
3 0 6321 6321 197 6518 3482
3 0 7700 7700 775 8475 1525
3 0 8906 8906 984 9890 110
3 0 3991 3991 2052 6043 3957
3 0 5511 5511 391 5902 4098
3 0 4849 4849 312 5161 4839
3 0 1770 1770 6471 8241 1759
4 0 6555 6555 600 7155 1840 8995 1005
4 0 2314 2314 923 3237 3303 6540 3460
3 0 4590 4590 5300 9890 110
4 0 3681 3681 282 3963 656 4619 5381
3 0 25 25 2075 2100 7900
3 0 8966 8966 194 9160 840
3 0 4271 4271 4568 8839 1161
4 0 4251 4251 1938 6189 176 6365 3635
4 0 6941 6941 319 7260 716 7976 2024
2 0 8258 8258 1742
3 0 4292 4292 5602 9894 106
4 0 981 981 3946 4927 1946 6873 3127
3 0 3554 3554 381 3935 6065
4 0 1665 1665 2374 4039 572 4611 5389
4 0 5578 5578 414 5992 2689 8681 1319
3 0 2356 2356 2873 5229 4771
3 0 4612 4612 4858 9470 530
3 0 822 822 6069 6891 3109
3 0 1178 1178 1519 2697 7303
3 0 5347 5347 1312 6659 3341
3 0 3431 3431 712 4143 5857
3 0 7310 7310 2340 9650 350
3 0 2908 2908 1865 4773 5227
3 0 2481 2481 2641 5122 4878
3 0 2069 2069 6347 8416 1584
3 0 1841 1841 5934 7775 2225
3 0 319 319 983 1302 8698
3 0 3114 3114 1199 4313 5687
4 0 6336 6336 2649 8985 417 9402 598
3 0 178 178 1157 1335 8665
3 0 9879 9879 32 9911 89
4 0 6195 6195 540 6735 244 6979 3021
4 0 2903 2903 418 3321 1367 4688 5312
3 0 2998 2998 997 3995 6005
3 0 7634 7634 1620 9254 746
3 0 555 555 3631 4186 5814
3 0 2151 2151 3888 6039 3961
3 0 4817 4817 2393 7210 2790
4 0 1818 1818 6839 8657 23 8680 1320
4 0 5021 5021 1526 6547 5 6552 3448
4 0 365 365 1084 1449 5756 7205 2795
3 0 5579 5579 84 5663 4337
3 0 4950 4950 3846 8796 1204
3 0 1449 1449 8053 9502 498
3 0 4424 4424 3087 7511 2489
3 0 1203 1203 83 1286 8714
3 0 4785 4785 1888 6673 3327
3 0 8043 8043 1446 9489 511
4 0 78 78 937 1015 6965 7980 2020
3 0 3110 3110 3925 7035 2965
3 0 2583 2583 2577 5160 4840
3 0 4768 4768 634 5402 4598
4 0 6809 6809 1070 7879 884 8763 1237
3 0 2400 2400 958 3358 6642
4 0 1669 1669 787 2456 598 3054 6946
3 0 5603 5603 779 6382 3618
3 0 1396 1396 381 1777 8223
4 0 2775 2775 1477 4252 5315 9567 433
3 0 1450 1450 541 1991 8009
4 0 5674 5674 1836 7510 2151 9661 339
3 0 8103 8103 1507 9610 390
3 0 1707 1707 3948 5655 4345
4 0 5718 5718 2151 7869 1607 9476 524
3 0 7370 7370 1085 8455 1545
4 0 4313 4313 425 4738 3062 7800 2200
3 0 67 67 470 537 9463
3 0 1245 1245 3256 4501 5499
3 0 338 338 2324 2662 7338
4 0 3892 3892 919 4811 2565 7376 2624
3 0 2100 2100 4089 6189 3811
3 0 2780 2780 936 3716 6284
4 0 6367 6367 676 7043 2224 9267 733
4 0 815 815 1721 2536 2210 4746 5254
3 0 1891 1891 2303 4194 5806
4 0 4531 4531 29 4560 597 5157 4843
4 0 2296 2296 2951 5247 172 5419 4581
4 0 2388 2388 186 2574 1889 4463 5537
3 0 7850 7850 1087 8937 1063
3 0 5208 5208 745 5953 4047
4 0 2277 2277 852 3129 5162 8291 1709
4 0 2482 2482 1034 3516 1694 5210 4790
3 0 1916 1916 3904 5820 4180
3 0 4314 4314 4178 8492 1508
4 0 4655 4655 874 5529 1327 6856 3144
3 0 1398 1398 1015 2413 7587
4 0 2787 2787 3671 6458 833 7291 2709
4 0 5327 5327 2511 7838 41 7879 2121
3 0 6355 6355 2189 8544 1456
3 0 6236 6236 2201 8437 1563
3 0 3276 3276 3830 7106 2894
3 0 5877 5877 1612 7489 2511
3 0 4547 4547 621 5168 4832
3 0 6287 6287 2224 8511 1489
3 0 5696 5696 1330 7026 2974
3 0 4274 4274 4490 8764 1236
3 0 6190 6190 1513 7703 2297
3 0 6556 6556 893 7449 2551
3 0 2513 2513 1494 4007 5993
3 0 3156 3156 148 3304 6696
3 0 7866 7866 132 7998 2002
3 0 6833 6833 1084 7917 2083
4 0 191 191 1561 1752 2296 4048 5952
3 0 9057 9057 406 9463 537
3 0 7169 7169 860 8029 1971
2 0 7098 7098 2902
4 0 5501 5501 279 5780 1213 6993 3007
3 0 4824 4824 4899 9723 277
4 0 3719 3719 1464 5183 1035 6218 3782
3 0 614 614 3407 4021 5979
3 0 4817 4817 3984 8801 1199
3 0 6508 6508 1351 7859 2141
4 0 4938 4938 2499 7437 1063 8500 1500
3 0 2404 2404 1418 3822 6178
3 0 1843 1843 1363 3206 6794
3 0 8252 8252 649 8901 1099
3 0 712 712 4508 5220 4780
4 0 2600 2600 937 3537 793 4330 5670
4 0 2299 2299 3082 5381 784 6165 3835
3 0 669 669 796 1465 8535
3 0 2524 2524 2135 4659 5341
3 0 6786 6786 51 6837 3163
3 0 6970 6970 358 7328 2672
3 0 351 351 2458 2809 7191
3 0 797 797 407 1204 8796
4 0 2833 2833 110 2943 1478 4421 5579
3 0 580 580 7262 7842 2158
4 0 4398 4398 4294 8692 1078 9770 230
3 0 520 520 7113 7633 2367
3 0 4174 4174 2047 6221 3779
4 0 3386 3386 1696 5082 2801 7883 2117
3 0 5730 5730 1421 7151 2849
3 0 2794 2794 2226 5020 4980
3 0 2658 2658 5588 8246 1754
3 0 1176 1176 776 1952 8048
4 0 691 691 1447 2138 319 2457 7543
3 0 3484 3484 6245 9729 271
4 0 3394 3394 1359 4753 1400 6153 3847
3 0 10 10 3494 3504 6496
