10000 2413
1 0 10000
2 0 2929 2929 7071
1 0 10000
1 0 10000
2 0 2198 2198 7802
1 0 10000
1 0 10000
1 0 10000
2 0 3539 3539 6461
1 0 10000
1 0 10000
1 0 10000
2 0 7276 7276 2724
1 0 10000
2 0 8014 8014 1986
1 0 10000
1 0 10000
3 0 1126 1126 25 1151 8849
4 0 594 594 6673 7267 2427 9694 306
1 0 10000
1 0 10000
1 0 10000
1 0 10000
1 0 10000
1 0 10000
1 0 10000
2 0 4169 4169 5831
1 0 10000
1 0 10000
1 0 10000
1 0 10000
2 0 2938 2938 7062
1 0 10000
1 0 10000
1 0 10000
1 0 10000
1 0 10000
1 0 10000
1 0 10000
1 0 10000
2 0 7964 7964 2036
1 0 10000
1 0 10000
2 0 7177 7177 2823
1 0 10000
1 0 10000
1 0 10000
2 0 2814 2814 7186
1 0 10000
1 0 10000
2 0 4592 4592 5408
1 0 10000
1 0 10000
1 0 10000
1 0 10000
3 0 4600 4600 119 4719 5281
2 0 224 224 9776
3 0 1263 1263 3169 4432 5568
2 0 5993 5993 4007
1 0 10000
1 0 10000
1 0 10000
2 0 9102 9102 898
1 0 10000
1 0 10000
2 0 701 701 9299
1 0 10000
1 0 10000
1 0 10000
2 0 7979 7979 2021
1 0 10000
1 0 10000
1 0 10000
3 0 1124 1124 2924 4048 5952
1 0 10000
2 0 4160 4160 5840
2 0 6942 6942 3058
1 0 10000
2 0 9447 9447 553
2 0 4703 4703 5297
2 0 5328 5328 4672
1 0 10000
2 0 146 146 9854
2 0 1665 1665 8335
1 0 10000
2 0 6021 6021 3979
2 0 5795 5795 4205
1 0 10000
2 0 5477 5477 4523
2 0 843 843 9157
2 0 7901 7901 2099
1 0 10000
1 0 10000
1 0 10000
1 0 10000
2 0 3389 3389 6611
1 0 10000
2 0 3447 3447 6553
1 0 10000
1 0 10000
2 0 1252 1252 8748
1 0 10000
1 0 10000
1 0 10000
3 0 3643 3643 4158 7801 2199
2 0 8951 8951 1049
3 0 1340 1340 2824 4164 5836
2 0 3266 3266 6734
1 0 10000
1 0 10000
1 0 10000
1 0 10000
1 0 10000
1 0 10000
1 0 10000
2 0 8052 8052 1948
1 0 10000
1 0 10000
1 0 10000
2 0 9196 9196 804
2 0 9410 9410 590
1 0 10000
1 0 10000
2 0 698 698 9302
1 0 10000
1 0 10000
1 0 10000
2 0 7697 7697 2303
2 0 2009 2009 7991
1 0 10000
2 0 2859 2859 7141
1 0 10000
1 0 10000
2 0 6648 6648 3352
1 0 10000
1 0 10000
2 0 3255 3255 6745
1 0 10000
2 0 4226 4226 5774
1 0 10000
1 0 10000
1 0 10000
1 0 10000
4 0 918 918 434 1352 2620 3972 6028
3 0 2522 2522 4981 7503 2497
1 0 10000
1 0 10000
2 0 3391 3391 6609
1 0 10000
1 0 10000
1 0 10000
3 0 7726 7726 1334 9060 940
1 0 10000
1 0 10000
1 0 10000
1 0 10000
1 0 10000
1 0 10000
2 0 3705 3705 6295
1 0 10000
2 0 125 125 9875
1 0 10000
1 0 10000
1 0 10000
1 0 10000
2 0 4263 4263 5737
3 0 77 77 1589 1666 8334
1 0 10000
1 0 10000
2 0 3172 3172 6828
1 0 10000
1 0 10000
1 0 10000
3 0 7790 7790 483 8273 1727
3 0 3894 3894 6022 9916 84
1 0 10000
1 0 10000
1 0 10000
2 0 8780 8780 1220
3 0 176 176 6778 6954 3046
1 0 10000
1 0 10000
2 0 2044 2044 7956
1 0 10000
1 0 10000
1 0 10000
1 0 10000
1 0 10000
2 0 8128 8128 1872
1 0 10000
1 0 10000
1 0 10000
1 0 10000
2 0 2633 2633 7367
1 0 10000
1 0 10000
1 0 10000
1 0 10000
2 0 4356 4356 5644
1 0 10000
1 0 10000
2 0 7867 7867 2133
1 0 10000
1 0 10000
1 0 10000
2 0 8774 8774 1226
1 0 10000
1 0 10000
1 0 10000
2 0 966 966 9034
1 0 10000
2 0 1317 1317 8683
1 0 10000
2 0 2985 2985 7015
3 0 186 186 7275 7461 2539
1 0 10000
3 0 7250 7250 751 8001 1999
1 0 10000
2 0 8431 8431 1569
2 0 1159 1159 8841
2 0 7315 7315 2685
3 0 2532 2532 2586 5118 4882
1 0 10000
1 0 10000
2 0 6012 6012 3988
1 0 10000
1 0 10000
1 0 10000
2 0 2004 2004 7996
3 0 5637 5637 4352 9989 11
1 0 10000
2 0 7514 7514 2486
1 0 10000
1 0 10000
1 0 10000
1 0 10000
1 0 10000
2 0 3399 3399 6601
1 0 10000
1 0 10000
1 0 10000
3 0 4318 4318 3835 8153 1847
2 0 6030 6030 3970
1 0 10000
1 0 10000
2 0 4366 4366 5634
3 0 1940 1940 4526 6466 3534
2 0 1969 1969 8031
2 0 4390 4390 5610
1 0 10000
1 0 10000
1 0 10000
1 0 10000
1 0 10000
1 0 10000
1 0 10000
2 0 2390 2390 7610
2 0 5519 5519 4481
1 0 10000
1 0 10000
2 0 4980 4980 5020
3 0 7683 7683 408 8091 1909
1 0 10000
2 0 1723 1723 8277
2 0 6769 6769 3231
1 0 10000
1 0 10000
1 0 10000
1 0 10000
1 0 10000
1 0 10000
2 0 9801 9801 199
1 0 10000
2 0 9786 9786 214
2 0 1838 1838 8162
1 0 10000
3 0 251 251 7102 7353 2647
2 0 1942 1942 8058
2 0 3072 3072 6928
2 0 1213 1213 8787
2 0 8519 8519 1481
1 0 10000
1 0 10000
1 0 10000
2 0 6019 6019 3981
1 0 10000
1 0 10000
1 0 10000
1 0 10000
1 0 10000
2 0 1501 1501 8499
1 0 10000
3 0 111 111 239 350 9650
1 0 10000
1 0 10000
1 0 10000
1 0 10000
1 0 10000
1 0 10000
2 0 7442 7442 2558
1 0 10000
1 0 10000
2 0 8551 8551 1449
1 0 10000
2 0 5150 5150 4850
1 0 10000
1 0 10000
1 0 10000
3 0 5002 5002 3235 8237 1763
1 0 10000
2 0 4862 4862 5138
2 0 9222 9222 778
1 0 10000
1 0 10000
2 0 5665 5665 4335
1 0 10000
2 0 7839 7839 2161
1 0 10000
2 0 485 485 9515
1 0 10000
1 0 10000
1 0 10000
2 0 6533 6533 3467
3 0 2172 2172 2073 4245 5755
1 0 10000
1 0 10000
1 0 10000
1 0 10000
1 0 10000
1 0 10000
2 0 7629 7629 2371
1 0 10000
1 0 10000
1 0 10000
1 0 10000
1 0 10000
1 0 10000
2 0 7608 7608 2392
2 0 2200 2200 7800
2 0 6606 6606 3394
1 0 10000
1 0 10000
1 0 10000
2 0 8810 8810 1190
2 0 5813 5813 4187
2 0 9092 9092 908
1 0 10000
1 0 10000
2 0 8082 8082 1918
2 0 9976 9976 24
2 0 6382 6382 3618
1 0 10000
2 0 7653 7653 2347
1 0 10000
2 0 7011 7011 2989
2 0 8967 8967 1033
1 0 10000
1 0 10000
1 0 10000
1 0 10000
2 0 1724 1724 8276
2 0 7530 7530 2470
1 0 10000
1 0 10000
1 0 10000
1 0 10000
1 0 10000
3 0 8408 8408 1435 9843 157
2 0 9385 9385 615
1 0 10000
2 0 810 810 9190
1 0 10000
2 0 5080 5080 4920
1 0 10000
1 0 10000
1 0 10000
1 0 10000
3 0 5526 5526 4109 9635 365
1 0 10000
1 0 10000
2 0 4302 4302 5698
1 0 10000
1 0 10000
2 0 3439 3439 6561
1 0 10000
1 0 10000
2 0 9108 9108 892
1 0 10000
1 0 10000
2 0 3247 3247 6753
2 0 649 649 9351
1 0 10000
1 0 10000
1 0 10000
1 0 10000
3 0 9006 9006 990 9996 4
1 0 10000
1 0 10000
1 0 10000
1 0 10000
1 0 10000
1 0 10000
1 0 10000
1 0 10000
1 0 10000
2 0 1841 1841 8159
1 0 10000
2 0 3477 3477 6523
1 0 10000
1 0 10000
2 0 343 343 9657
1 0 10000
1 0 10000
2 0 5756 5756 4244
2 0 408 408 9592
1 0 10000
1 0 10000
2 0 5139 5139 4861
1 0 10000
1 0 10000
1 0 10000
2 0 990 990 9010
1 0 10000
1 0 10000
1 0 10000
1 0 10000
1 0 10000
2 0 1785 1785 8215
1 0 10000
2 0 4230 4230 5770
1 0 10000
1 0 10000
2 0 8741 8741 1259
1 0 10000
1 0 10000
1 0 10000
2 0 7855 7855 2145
1 0 10000
2 0 8511 8511 1489
1 0 10000
1 0 10000
1 0 10000
3 0 7299 7299 1823 9122 878
1 0 10000
3 0 177 177 2604 2781 7219
2 0 6404 6404 3596
1 0 10000
1 0 10000
1 0 10000
2 0 2371 2371 7629
1 0 10000
1 0 10000
2 0 4905 4905 5095
1 0 10000
2 0 708 708 9292
1 0 10000
1 0 10000
1 0 10000
1 0 10000
2 0 7866 7866 2134
1 0 10000
1 0 10000
1 0 10000
2 0 1814 1814 8186
1 0 10000
1 0 10000
1 0 10000
3 0 6634 6634 17 6651 3349
1 0 10000
1 0 10000
3 0 1411 1411 1491 2902 7098
1 0 10000
3 0 5855 5855 3880 9735 265
1 0 10000
1 0 10000
1 0 10000
2 0 3631 3631 6369
1 0 10000
1 0 10000
2 0 2874 2874 7126
1 0 10000
2 0 7897 7897 2103
2 0 3114 3114 6886
1 0 10000
2 0 8824 8824 1176
1 0 10000
3 0 1790 1790 7875 9665 335
1 0 10000
1 0 10000
1 0 10000
1 0 10000
2 0 8609 8609 1391
1 0 10000
1 0 10000
2 0 7938 7938 2062
1 0 10000
1 0 10000
2 0 5489 5489 4511
1 0 10000
1 0 10000
1 0 10000
1 0 10000
2 0 8389 8389 1611
1 0 10000
2 0 3657 3657 6343
1 0 10000
3 0 3694 3694 2497 6191 3809
1 0 10000
2 0 545 545 9455
2 0 1473 1473 8527
2 0 3928 3928 6072
1 0 10000
1 0 10000
1 0 10000
1 0 10000
2 0 8835 8835 1165
1 0 10000
1 0 10000
1 0 10000
2 0 2883 2883 7117
3 0 2408 2408 3477 5885 4115
1 0 10000
1 0 10000
1 0 10000
1 0 10000
2 0 6910 6910 3090
3 0 1528 1528 7814 9342 658
1 0 10000
1 0 10000
1 0 10000
1 0 10000
2 0 1795 1795 8205
1 0 10000
2 0 4093 4093 5907
3 0 2488 2488 5787 8275 1725
1 0 10000
3 0 2566 2566 783 3349 6651
1 0 10000
1 0 10000
2 0 4527 4527 5473
1 0 10000
2 0 9379 9379 621
1 0 10000
1 0 10000
2 0 8663 8663 1337
1 0 10000
2 0 1755 1755 8245
1 0 10000
1 0 10000
1 0 10000
1 0 10000
1 0 10000
1 0 10000
1 0 10000
1 0 10000
1 0 10000
2 0 1230 1230 8770
1 0 10000
2 0 8952 8952 1048
1 0 10000
1 0 10000
1 0 10000
2 0 2587 2587 7413
2 0 2729 2729 7271
1 0 10000
1 0 10000
2 0 495 495 9505
1 0 10000
2 0 7122 7122 2878
1 0 10000
1 0 10000
3 0 6368 6368 2334 8702 1298
1 0 10000
3 0 778 778 4033 4811 5189
2 0 7788 7788 2212
1 0 10000
2 0 9899 9899 101
3 0 598 598 6031 6629 3371
1 0 10000
1 0 10000
2 0 7123 7123 2877
1 0 10000
1 0 10000
1 0 10000
2 0 3268 3268 6732
2 0 9724 9724 276
1 0 10000
2 0 8063 8063 1937
1 0 10000
2 0 3059 3059 6941
1 0 10000
1 0 10000
1 0 10000
1 0 10000
1 0 10000
2 0 6169 6169 3831
1 0 10000
1 0 10000
2 0 7226 7226 2774
1 0 10000
1 0 10000
1 0 10000
1 0 10000
1 0 10000
1 0 10000
2 0 3397 3397 6603
1 0 10000
2 0 3910 3910 6090
2 0 1471 1471 8529
1 0 10000
1 0 10000
3 0 1324 1324 2344 3668 6332
1 0 10000
1 0 10000
1 0 10000
1 0 10000
1 0 10000
2 0 845 845 9155
1 0 10000
1 0 10000
1 0 10000
1 0 10000
1 0 10000
2 0 1128 1128 8872
1 0 10000
1 0 10000
1 0 10000
1 0 10000
1 0 10000
1 0 10000
1 0 10000
1 0 10000
1 0 10000
3 0 2818 2818 1791 4609 5391
1 0 10000
1 0 10000
1 0 10000
1 0 10000
1 0 10000
1 0 10000
2 0 3239 3239 6761
2 0 5165 5165 4835
1 0 10000
2 0 6709 6709 3291
1 0 10000
1 0 10000
1 0 10000
1 0 10000
2 0 683 683 9317
1 0 10000
2 0 481 481 9519
1 0 10000
3 0 4135 4135 1748 5883 4117
1 0 10000
1 0 10000
2 0 6507 6507 3493
1 0 10000
1 0 10000
1 0 10000
2 0 5939 5939 4061
3 0 564 564 4558 5122 4878
2 0 3689 3689 6311
1 0 10000
2 0 1834 1834 8166
2 0 4194 4194 5806
3 0 5161 5161 2213 7374 2626
1 0 10000
1 0 10000
2 0 6459 6459 3541
1 0 10000
1 0 10000
1 0 10000
1 0 10000
1 0 10000
1 0 10000
1 0 10000
1 0 10000
1 0 10000
1 0 10000
1 0 10000
2 0 5983 5983 4017
1 0 10000
1 0 10000
3 0 4777 4777 5158 9935 65
1 0 10000
1 0 10000
3 0 4980 4980 4310 9290 710
1 0 10000
2 0 7079 7079 2921
1 0 10000
1 0 10000
1 0 10000
1 0 10000
3 0 3766 3766 6049 9815 185
1 0 10000
1 0 10000
1 0 10000
1 0 10000
1 0 10000
1 0 10000
1 0 10000
2 0 9413 9413 587
1 0 10000
1 0 10000
2 0 2409 2409 7591
2 0 4365 4365 5635
2 0 5755 5755 4245
1 0 10000
2 0 280 280 9720
2 0 8137 8137 1863
1 0 10000
1 0 10000
1 0 10000
1 0 10000
1 0 10000
1 0 10000
2 0 1566 1566 8434
1 0 10000
1 0 10000
2 0 2712 2712 7288
1 0 10000
2 0 1050 1050 8950
2 0 7119 7119 2881
1 0 10000
1 0 10000
1 0 10000
1 0 10000
1 0 10000
2 0 7571 7571 2429
2 0 203 203 9797
1 0 10000
1 0 10000
1 0 10000
1 0 10000
1 0 10000
1 0 10000
1 0 10000
2 0 4573 4573 5427
1 0 10000
1 0 10000
1 0 10000
1 0 10000
1 0 10000
3 0 1925 1925 2500 4425 5575
1 0 10000
3 0 1908 1908 3661 5569 4431
1 0 10000
1 0 10000
1 0 10000
1 0 10000
2 0 3617 3617 6383
1 0 10000
1 0 10000
1 0 10000
3 0 8588 8588 800 9388 612
1 0 10000
1 0 10000
1 0 10000
3 0 4608 4608 4049 8657 1343
1 0 10000
2 0 8310 8310 1690
1 0 10000
1 0 10000
1 0 10000
1 0 10000
2 0 4674 4674 5326
1 0 10000
1 0 10000
1 0 10000
2 0 8 8 9992
1 0 10000
2 0 7567 7567 2433
1 0 10000
1 0 10000
3 0 4794 4794 259 5053 4947
1 0 10000
2 0 7523 7523 2477
3 0 670 670 5294 5964 4036
2 0 9841 9841 159
1 0 10000
2 0 8509 8509 1491
2 0 2372 2372 7628
3 0 698 698 1387 2085 7915
3 0 3267 3267 6348 9615 385
2 0 9142 9142 858
2 0 8900 8900 1100
1 0 10000
1 0 10000
1 0 10000
1 0 10000
1 0 10000
1 0 10000
1 0 10000
2 0 2101 2101 7899
1 0 10000
2 0 5358 5358 4642
3 0 2330 2330 175 2505 7495
2 0 777 777 9223
2 0 3478 3478 6522
1 0 10000
1 0 10000
2 0 8159 8159 1841
1 0 10000
1 0 10000
2 0 1913 1913 8087
1 0 10000
2 0 4721 4721 5279
2 0 2976 2976 7024
1 0 10000
1 0 10000
2 0 6611 6611 3389
1 0 10000
1 0 10000
1 0 10000
1 0 10000
1 0 10000
1 0 10000
1 0 10000
2 0 4189 4189 5811
2 0 9155 9155 845
1 0 10000
2 0 1970 1970 8030
1 0 10000
1 0 10000
1 0 10000
2 0 2544 2544 7456
1 0 10000
1 0 10000
1 0 10000
1 0 10000
1 0 10000
1 0 10000
2 0 7681 7681 2319
1 0 10000
2 0 9080 9080 920
1 0 10000
2 0 4025 4025 5975
1 0 10000
1 0 10000
1 0 10000
2 0 6683 6683 3317
1 0 10000
1 0 10000
1 0 10000
3 0 4514 4514 2737 7251 2749
1 0 10000
1 0 10000
2 0 3157 3157 6843
1 0 10000
1 0 10000
2 0 2306 2306 7694
1 0 10000
1 0 10000
1 0 10000
2 0 2413 2413 7587
3 0 976 976 747 1723 8277
1 0 10000
1 0 10000
2 0 3363 3363 6637
1 0 10000
1 0 10000
1 0 10000
1 0 10000
2 0 2778 2778 7222
1 0 10000
1 0 10000
2 0 3152 3152 6848
1 0 10000
1 0 10000
2 0 9563 9563 437
1 0 10000
1 0 10000
1 0 10000
1 0 10000
2 0 5179 5179 4821
1 0 10000
1 0 10000
1 0 10000
3 0 3605 3605 4676 8281 1719
2 0 3831 3831 6169
1 0 10000
2 0 9252 9252 748
1 0 10000
2 0 2760 2760 7240
1 0 10000
1 0 10000
1 0 10000
1 0 10000
1 0 10000
1 0 10000
1 0 10000
1 0 10000
1 0 10000
3 0 3003 3003 6554 9557 443
1 0 10000
1 0 10000
1 0 10000
2 0 3115 3115 6885
1 0 10000
1 0 10000
1 0 10000
1 0 10000
3 0 4702 4702 462 5164 4836
3 0 1027 1027 751 1778 8222
2 0 2719 2719 7281
1 0 10000
2 0 1780 1780 8220
3 0 470 470 2421 2891 7109
1 0 10000
1 0 10000
3 0 5907 5907 2767 8674 1326
3 0 1212 1212 242 1454 8546
1 0 10000
2 0 224 224 9776
2 0 6214 6214 3786
1 0 10000
1 0 10000
1 0 10000
1 0 10000
1 0 10000
1 0 10000
2 0 178 178 9822
1 0 10000
1 0 10000
1 0 10000
4 0 2055 2055 5093 7148 2405 9553 447
1 0 10000
1 0 10000
1 0 10000
1 0 10000
3 0 7143 7143 247 7390 2610
1 0 10000
1 0 10000
3 0 3212 3212 2642 5854 4146
1 0 10000
1 0 10000
2 0 8778 8778 1222
1 0 10000
2 0 8195 8195 1805
1 0 10000
1 0 10000
1 0 10000
1 0 10000
2 0 6732 6732 3268
1 0 10000
1 0 10000
1 0 10000
1 0 10000
1 0 10000
2 0 7827 7827 2173
3 0 1184 1184 7404 8588 1412
1 0 10000
2 0 8702 8702 1298
2 0 6755 6755 3245
1 0 10000
2 0 9687 9687 313
1 0 10000
2 0 5040 5040 4960
3 0 2617 2617 881 3498 6502
1 0 10000
1 0 10000
2 0 6179 6179 3821
2 0 606 606 9394
2 0 3996 3996 6004
2 0 567 567 9433
1 0 10000
1 0 10000
2 0 5642 5642 4358
2 0 4418 4418 5582
1 0 10000
2 0 2233 2233 7767
1 0 10000
1 0 10000
2 0 1905 1905 8095
1 0 10000
1 0 10000
1 0 10000
1 0 10000
1 0 10000
1 0 10000
1 0 10000
1 0 10000
2 0 4300 4300 5700
2 0 2266 2266 7734
2 0 3636 3636 6364
1 0 10000
1 0 10000
2 0 35 35 9965
1 0 10000
1 0 10000
2 0 3548 3548 6452
1 0 10000
1 0 10000
1 0 10000
3 0 3524 3524 4047 7571 2429
1 0 10000
2 0 8484 8484 1516
2 0 1230 1230 8770
2 0 7781 7781 2219
2 0 2624 2624 7376
1 0 10000
2 0 2187 2187 7813
3 0 7206 7206 1319 8525 1475
1 0 10000
1 0 10000
1 0 10000
2 0 751 751 9249
2 0 9812 9812 188
2 0 901 901 9099
1 0 10000
2 0 2953 2953 7047
2 0 7973 7973 2027
1 0 10000
1 0 10000
2 0 1965 1965 8035
2 0 7029 7029 2971
2 0 2392 2392 7608
2 0 3741 3741 6259
2 0 279 279 9721
1 0 10000
1 0 10000
3 0 641 641 5329 5970 4030
2 0 6992 6992 3008
1 0 10000
2 0 4772 4772 5228
1 0 10000
3 0 89 89 2339 2428 7572
1 0 10000
1 0 10000
1 0 10000
2 0 8102 8102 1898
1 0 10000
1 0 10000
3 0 317 317 4438 4755 5245
2 0 4764 4764 5236
1 0 10000
1 0 10000
3 0 4581 4581 2822 7403 2597
1 0 10000
2 0 4639 4639 5361
1 0 10000
1 0 10000
1 0 10000
2 0 2130 2130 7870
2 0 8872 8872 1128
2 0 6142 6142 3858
1 0 10000
2 0 2229 2229 7771
1 0 10000
1 0 10000
1 0 10000
3 0 830 830 5993 6823 3177
1 0 10000
2 0 7847 7847 2153
1 0 10000
1 0 10000
1 0 10000
1 0 10000
1 0 10000
1 0 10000
2 0 8053 8053 1947
1 0 10000
1 0 10000
1 0 10000
1 0 10000
2 0 6175 6175 3825
2 0 6772 6772 3228
1 0 10000
1 0 10000
1 0 10000
1 0 10000
1 0 10000
2 0 9571 9571 429
2 0 3980 3980 6020
1 0 10000
1 0 10000
1 0 10000
1 0 10000
1 0 10000
2 0 4615 4615 5385
2 0 7294 7294 2706
1 0 10000
1 0 10000
2 0 9209 9209 791
1 0 10000
4 0 1947 1947 738 2685 4116 6801 3199
1 0 10000
1 0 10000
1 0 10000
1 0 10000
1 0 10000
2 0 7833 7833 2167
1 0 10000
1 0 10000
1 0 10000
1 0 10000
2 0 4189 4189 5811
2 0 5938 5938 4062
1 0 10000
1 0 10000
1 0 10000
1 0 10000
1 0 10000
1 0 10000
1 0 10000
2 0 5372 5372 4628
1 0 10000
1 0 10000
3 0 7848 7848 1333 9181 819
1 0 10000
1 0 10000
1 0 10000
1 0 10000
2 0 7270 7270 2730
2 0 3228 3228 6772
1 0 10000
1 0 10000
2 0 1784 1784 8216
2 0 1187 1187 8813
2 0 9253 9253 747
2 0 7105 7105 2895
3 0 2076 2076 4185 6261 3739
3 0 3394 3394 5976 9370 630
1 0 10000
1 0 10000
2 0 2116 2116 7884
1 0 10000
2 0 3600 3600 6400
2 0 7479 7479 2521
2 0 6501 6501 3499
1 0 10000
1 0 10000
1 0 10000
1 0 10000
1 0 10000
2 0 685 685 9315
1 0 10000
1 0 10000
1 0 10000
1 0 10000
3 0 1779 1779 6105 7884 2116
1 0 10000
2 0 4184 4184 5816
1 0 10000
1 0 10000
1 0 10000
3 0 1785 1785 239 2024 7976
1 0 10000
1 0 10000
2 0 7622 7622 2378
1 0 10000
1 0 10000
1 0 10000
1 0 10000
2 0 3631 3631 6369
2 0 7266 7266 2734
1 0 10000
2 0 1807 1807 8193
1 0 10000
1 0 10000
1 0 10000
1 0 10000
1 0 10000
2 0 2557 2557 7443
2 0 6650 6650 3350
1 0 10000
2 0 7496 7496 2504
1 0 10000
2 0 2903 2903 7097
2 0 1662 1662 8338
1 0 10000
1 0 10000
1 0 10000
1 0 10000
2 0 3902 3902 6098
2 0 1552 1552 8448
1 0 10000
3 0 4423 4423 4326 8749 1251
1 0 10000
2 0 5715 5715 4285
1 0 10000
1 0 10000
1 0 10000
1 0 10000
1 0 10000
1 0 10000
2 0 994 994 9006
1 0 10000
1 0 10000
1 0 10000
1 0 10000
1 0 10000
3 0 1876 1876 7454 9330 670
2 0 8040 8040 1960
1 0 10000
2 0 7967 7967 2033
2 0 6349 6349 3651
1 0 10000
1 0 10000
2 0 5936 5936 4064
1 0 10000
1 0 10000
1 0 10000
1 0 10000
3 0 3420 3420 3071 6491 3509
1 0 10000
1 0 10000
1 0 10000
1 0 10000
1 0 10000
1 0 10000
1 0 10000
1 0 10000
1 0 10000
2 0 4971 4971 5029
1 0 10000
1 0 10000
2 0 6883 6883 3117
2 0 3279 3279 6721
3 0 1887 1887 2740 4627 5373
3 0 1023 1023 2245 3268 6732
1 0 10000
1 0 10000
1 0 10000
1 0 10000
3 0 1699 1699 195 1894 8106
1 0 10000
1 0 10000
1 0 10000
1 0 10000
1 0 10000
1 0 10000
3 0 1782 1782 7636 9418 582
1 0 10000
2 0 5514 5514 4486
1 0 10000
2 0 2081 2081 7919
1 0 10000
1 0 10000
1 0 10000
1 0 10000
1 0 10000
2 0 7991 7991 2009
1 0 10000
1 0 10000
1 0 10000
2 0 8554 8554 1446
1 0 10000
3 0 3265 3265 5192 8457 1543
1 0 10000
2 0 6255 6255 3745
1 0 10000
2 0 9048 9048 952
1 0 10000
1 0 10000
4 0 1443 1443 900 2343 2558 4901 5099
1 0 10000
1 0 10000
1 0 10000
2 0 8751 8751 1249
1 0 10000
1 0 10000
3 0 633 633 2262 2895 7105
1 0 10000
1 0 10000
1 0 10000
3 0 1830 1830 4136 5966 4034
2 0 4182 4182 5818
2 0 1061 1061 8939
1 0 10000
3 0 3458 3458 6254 9712 288
1 0 10000
1 0 10000
1 0 10000
1 0 10000
3 0 562 562 6803 7365 2635
1 0 10000
1 0 10000
2 0 1373 1373 8627
1 0 10000
2 0 6240 6240 3760
1 0 10000
3 0 1926 1926 2600 4526 5474
1 0 10000
1 0 10000
2 0 5399 5399 4601
1 0 10000
3 0 365 365 22 387 9613
1 0 10000
1 0 10000
2 0 7496 7496 2504
1 0 10000
1 0 10000
3 0 5554 5554 1897 7451 2549
1 0 10000
1 0 10000
2 0 883 883 9117
1 0 10000
1 0 10000
2 0 5744 5744 4256
1 0 10000
2 0 5874 5874 4126
1 0 10000
1 0 10000
1 0 10000
1 0 10000
2 0 2212 2212 7788
1 0 10000
2 0 6249 6249 3751
2 0 7346 7346 2654
2 0 5428 5428 4572
1 0 10000
3 0 2093 2093 7749 9842 158
3 0 5565 5565 3900 9465 535
2 0 7214 7214 2786
1 0 10000
1 0 10000
1 0 10000
1 0 10000
1 0 10000
1 0 10000
2 0 7472 7472 2528
2 0 3002 3002 6998
4 0 6157 6157 2430 8587 353 8940 1060
1 0 10000
2 0 3136 3136 6864
1 0 10000
1 0 10000
2 0 2723 2723 7277
2 0 2797 2797 7203
1 0 10000
1 0 10000
1 0 10000
1 0 10000
1 0 10000
1 0 10000
2 0 6771 6771 3229
1 0 10000
2 0 5869 5869 4131
1 0 10000
1 0 10000
1 0 10000
1 0 10000
1 0 10000
3 0 2954 2954 1523 4477 5523
1 0 10000
1 0 10000
1 0 10000
1 0 10000
1 0 10000
1 0 10000
1 0 10000
1 0 10000
2 0 6374 6374 3626
1 0 10000
2 0 8835 8835 1165
1 0 10000
1 0 10000
1 0 10000
1 0 10000
2 0 7338 7338 2662
1 0 10000
2 0 6812 6812 3188
1 0 10000
3 0 8276 8276 1421 9697 303
1 0 10000
2 0 2083 2083 7917
2 0 7780 7780 2220
1 0 10000
1 0 10000
3 0 2588 2588 5909 8497 1503
1 0 10000
2 0 6422 6422 3578
1 0 10000
1 0 10000
2 0 3210 3210 6790
1 0 10000
1 0 10000
2 0 541 541 9459
1 0 10000
2 0 8951 8951 1049
1 0 10000
1 0 10000
1 0 10000
1 0 10000
2 0 3723 3723 6277
1 0 10000
1 0 10000
3 0 436 436 3959 4395 5605
1 0 10000
1 0 10000
1 0 10000
1 0 10000
2 0 8512 8512 1488
1 0 10000
3 0 2333 2333 2991 5324 4676
2 0 8989 8989 1011
2 0 6668 6668 3332
1 0 10000
3 0 3087 3087 4470 7557 2443
1 0 10000
2 0 2490 2490 7510
2 0 1149 1149 8851
3 0 1866 1866 160 2026 7974
3 0 486 486 8372 8858 1142
2 0 3415 3415 6585
1 0 10000
2 0 3427 3427 6573
1 0 10000
2 0 7799 7799 2201
1 0 10000
1 0 10000
1 0 10000
1 0 10000
1 0 10000
2 0 4205 4205 5795
1 0 10000
2 0 4258 4258 5742
2 0 1277 1277 8723
2 0 904 904 9096
2 0 2067 2067 7933
2 0 672 672 9328
1 0 10000
1 0 10000
1 0 10000
1 0 10000
2 0 3289 3289 6711
3 0 4357 4357 3357 7714 2286
1 0 10000
1 0 10000
1 0 10000
1 0 10000
1 0 10000
1 0 10000
1 0 10000
2 0 3216 3216 6784
2 0 3081 3081 6919
1 0 10000
2 0 6016 6016 3984
1 0 10000
2 0 1178 1178 8822
1 0 10000
1 0 10000
1 0 10000
2 0 4417 4417 5583
1 0 10000
1 0 10000
2 0 7295 7295 2705
1 0 10000
2 0 6854 6854 3146
1 0 10000
1 0 10000
1 0 10000
1 0 10000
3 0 4134 4134 549 4683 5317
2 0 2727 2727 7273
1 0 10000
2 0 6441 6441 3559
1 0 10000
2 0 2936 2936 7064
1 0 10000
1 0 10000
3 0 3404 3404 5880 9284 716
2 0 4718 4718 5282
2 0 8059 8059 1941
1 0 10000
1 0 10000
1 0 10000
1 0 10000
2 0 6132 6132 3868
3 0 5651 5651 443 6094 3906
1 0 10000
2 0 9434 9434 566
2 0 1718 1718 8282
1 0 10000
1 0 10000
1 0 10000
2 0 2249 2249 7751
1 0 10000
1 0 10000
2 0 6274 6274 3726
1 0 10000
1 0 10000
1 0 10000
1 0 10000
1 0 10000
1 0 10000
1 0 10000
2 0 3183 3183 6817
1 0 10000
1 0 10000
1 0 10000
1 0 10000
2 0 2457 2457 7543
1 0 10000
2 0 9177 9177 823
1 0 10000
2 0 2293 2293 7707
1 0 10000
1 0 10000
1 0 10000
1 0 10000
2 0 664 664 9336
1 0 10000
3 0 5104 5104 1956 7060 2940
1 0 10000
1 0 10000
2 0 3937 3937 6063
1 0 10000
1 0 10000
1 0 10000
1 0 10000
1 0 10000
1 0 10000
1 0 10000
1 0 10000
1 0 10000
2 0 9235 9235 765
1 0 10000
1 0 10000
2 0 4051 4051 5949
2 0 3115 3115 6885
1 0 10000
1 0 10000
1 0 10000
3 0 2971 2971 3038 6009 3991
3 0 2726 2726 5373 8099 1901
1 0 10000
1 0 10000
2 0 1522 1522 8478
2 0 2251 2251 7749
2 0 7655 7655 2345
2 0 7955 7955 2045
1 0 10000
3 0 1081 1081 4894 5975 4025
1 0 10000
1 0 10000
2 0 6118 6118 3882
2 0 6419 6419 3581
3 0 3490 3490 3697 7187 2813
1 0 10000
1 0 10000
2 0 8358 8358 1642
1 0 10000
1 0 10000
1 0 10000
1 0 10000
3 0 5653 5653 4325 9978 22
1 0 10000
1 0 10000
1 0 10000
1 0 10000
1 0 10000
2 0 1773 1773 8227
1 0 10000
1 0 10000
2 0 6801 6801 3199
3 0 1142 1142 3860 5002 4998
1 0 10000
3 0 9152 9152 57 9209 791
1 0 10000
1 0 10000
1 0 10000
1 0 10000
2 0 1282 1282 8718
2 0 1333 1333 8667
1 0 10000
2 0 3594 3594 6406
1 0 10000
1 0 10000
1 0 10000
1 0 10000
3 0 358 358 156 514 9486
1 0 10000
3 0 1834 1834 266 2100 7900
2 0 7896 7896 2104
1 0 10000
3 0 269 269 5416 5685 4315
2 0 8212 8212 1788
1 0 10000
2 0 415 415 9585
2 0 2494 2494 7506
1 0 10000
1 0 10000
2 0 9084 9084 916
2 0 6461 6461 3539
1 0 10000
1 0 10000
1 0 10000
1 0 10000
1 0 10000
1 0 10000
1 0 10000
1 0 10000
2 0 8581 8581 1419
1 0 10000
2 0 2686 2686 7314
2 0 4840 4840 5160
2 0 183 183 9817
1 0 10000
1 0 10000
2 0 3139 3139 6861
2 0 1929 1929 8071
1 0 10000
1 0 10000
1 0 10000
1 0 10000
1 0 10000
1 0 10000
1 0 10000
1 0 10000
2 0 7212 7212 2788
1 0 10000
1 0 10000
1 0 10000
1 0 10000
1 0 10000
1 0 10000
1 0 10000
2 0 1479 1479 8521
1 0 10000
1 0 10000
2 0 3759 3759 6241
1 0 10000
3 0 5479 5479 3264 8743 1257
2 0 2386 2386 7614
2 0 1944 1944 8056
1 0 10000
2 0 8908 8908 1092
1 0 10000
1 0 10000
1 0 10000
1 0 10000
2 0 5899 5899 4101
1 0 10000
3 0 518 518 3502 4020 5980
1 0 10000
2 0 2387 2387 7613
2 0 7387 7387 2613
2 0 6081 6081 3919
1 0 10000
3 0 2251 2251 2350 4601 5399
2 0 4039 4039 5961
2 0 7076 7076 2924
1 0 10000
1 0 10000
1 0 10000
1 0 10000
2 0 185 185 9815
1 0 10000
1 0 10000
2 0 570 570 9430
2 0 5680 5680 4320
2 0 2938 2938 7062
1 0 10000
2 0 7316 7316 2684
1 0 10000
1 0 10000
1 0 10000
1 0 10000
2 0 8732 8732 1268
1 0 10000
2 0 707 707 9293
2 0 4544 4544 5456
2 0 747 747 9253
2 0 7840 7840 2160
1 0 10000
1 0 10000
1 0 10000
1 0 10000
1 0 10000
1 0 10000
1 0 10000
1 0 10000
1 0 10000
1 0 10000
1 0 10000
1 0 10000
1 0 10000
1 0 10000
3 0 2478 2478 1992 4470 5530
1 0 10000
2 0 68 68 9932
2 0 1537 1537 8463
2 0 2948 2948 7052
1 0 10000
1 0 10000
1 0 10000
2 0 9535 9535 465
2 0 7712 7712 2288
2 0 6752 6752 3248
2 0 597 597 9403
1 0 10000
2 0 9488 9488 512
1 0 10000
2 0 9003 9003 997
2 0 5479 5479 4521
2 0 1366 1366 8634
1 0 10000
1 0 10000
2 0 4621 4621 5379
2 0 7323 7323 2677
3 0 3742 3742 5517 9259 741
1 0 10000
1 0 10000
1 0 10000
1 0 10000
1 0 10000
2 0 982 982 9018
2 0 9580 9580 420
1 0 10000
1 0 10000
1 0 10000
3 0 1468 1468 2169 3637 6363
2 0 7354 7354 2646
1 0 10000
1 0 10000
2 0 8505 8505 1495
1 0 10000
1 0 10000
1 0 10000
1 0 10000
1 0 10000
1 0 10000
1 0 10000
1 0 10000
1 0 10000
1 0 10000
1 0 10000
1 0 10000
1 0 10000
2 0 5314 5314 4686
2 0 6867 6867 3133
2 0 1814 1814 8186
1 0 10000
1 0 10000
1 0 10000
1 0 10000
2 0 4509 4509 5491
1 0 10000
1 0 10000
1 0 10000
1 0 10000
1 0 10000
1 0 10000
1 0 10000
2 0 9018 9018 982
1 0 10000
2 0 3509 3509 6491
1 0 10000
1 0 10000
2 0 5629 5629 4371
3 0 1388 1388 2454 3842 6158
2 0 4136 4136 5864
2 0 7082 7082 2918
1 0 10000
1 0 10000
1 0 10000
1 0 10000
2 0 8408 8408 1592
1 0 10000
1 0 10000
1 0 10000
1 0 10000
1 0 10000
1 0 10000
2 0 8922 8922 1078
1 0 10000
1 0 10000
1 0 10000
2 0 2414 2414 7586
2 0 2627 2627 7373
2 0 3737 3737 6263
1 0 10000
1 0 10000
2 0 9499 9499 501
1 0 10000
1 0 10000
1 0 10000
1 0 10000
3 0 963 963 8690 9653 347
1 0 10000
1 0 10000
1 0 10000
1 0 10000
1 0 10000
1 0 10000
1 0 10000
1 0 10000
2 0 5408 5408 4592
1 0 10000
2 0 7678 7678 2322
1 0 10000
1 0 10000
1 0 10000
1 0 10000
2 0 1107 1107 8893
2 0 9429 9429 571
1 0 10000
1 0 10000
2 0 1551 1551 8449
1 0 10000
2 0 6089 6089 3911
1 0 10000
1 0 10000
1 0 10000
1 0 10000
1 0 10000
1 0 10000
2 0 2525 2525 7475
2 0 2273 2273 7727
1 0 10000
1 0 10000
2 0 4795 4795 5205
1 0 10000
2 0 1466 1466 8534
2 0 7153 7153 2847
1 0 10000
1 0 10000
1 0 10000
2 0 3771 3771 6229
1 0 10000
1 0 10000
1 0 10000
1 0 10000
3 0 5449 5449 2012 7461 2539
1 0 10000
2 0 5673 5673 4327
1 0 10000
1 0 10000
1 0 10000
1 0 10000
1 0 10000
2 0 1079 1079 8921
2 0 9749 9749 251
1 0 10000
1 0 10000
1 0 10000
1 0 10000
1 0 10000
1 0 10000
1 0 10000
1 0 10000
1 0 10000
1 0 10000
3 0 388 388 782 1170 8830
1 0 10000
1 0 10000
2 0 322 322 9678
1 0 10000
1 0 10000
1 0 10000
1 0 10000
1 0 10000
1 0 10000
1 0 10000
3 0 5357 5357 347 5704 4296
1 0 10000
1 0 10000
2 0 6613 6613 3387
2 0 5540 5540 4460
1 0 10000
1 0 10000
1 0 10000
1 0 10000
3 0 3758 3758 2664 6422 3578
2 0 6710 6710 3290
1 0 10000
1 0 10000
2 0 1448 1448 8552
2 0 5772 5772 4228
1 0 10000
1 0 10000
1 0 10000
1 0 10000
1 0 10000
1 0 10000
1 0 10000
1 0 10000
1 0 10000
1 0 10000
1 0 10000
1 0 10000
2 0 7940 7940 2060
1 0 10000
1 0 10000
1 0 10000
1 0 10000
1 0 10000
1 0 10000
1 0 10000
1 0 10000
1 0 10000
1 0 10000
2 0 7495 7495 2505
1 0 10000
1 0 10000
2 0 6256 6256 3744
1 0 10000
1 0 10000
1 0 10000
1 0 10000
1 0 10000
2 0 2366 2366 7634
1 0 10000
1 0 10000
1 0 10000
1 0 10000
1 0 10000
1 0 10000
2 0 7643 7643 2357
1 0 10000
1 0 10000
1 0 10000
2 0 3328 3328 6672
1 0 10000
1 0 10000
2 0 135 135 9865
1 0 10000
2 0 3261 3261 6739
2 0 2717 2717 7283
1 0 10000
1 0 10000
1 0 10000
1 0 10000
1 0 10000
1 0 10000
1 0 10000
2 0 1194 1194 8806
1 0 10000
1 0 10000
1 0 10000
1 0 10000
2 0 7930 7930 2070
1 0 10000
3 0 46 46 8476 8522 1478
3 0 695 695 3352 4047 5953
2 0 5505 5505 4495
2 0 7183 7183 2817
1 0 10000
2 0 6444 6444 3556
1 0 10000
2 0 8624 8624 1376
2 0 2218 2218 7782
2 0 7712 7712 2288
2 0 4955 4955 5045
1 0 10000
1 0 10000
1 0 10000
1 0 10000
1 0 10000
1 0 10000
1 0 10000
2 0 237 237 9763
2 0 3849 3849 6151
1 0 10000
1 0 10000
2 0 8413 8413 1587
1 0 10000
1 0 10000
1 0 10000
1 0 10000
1 0 10000
2 0 4204 4204 5796
1 0 10000
1 0 10000
3 0 127 127 9579 9706 294
1 0 10000
1 0 10000
2 0 9528 9528 472
1 0 10000
1 0 10000
1 0 10000
1 0 10000
3 0 5591 5591 2146 7737 2263
3 0 1089 1089 5813 6902 3098
3 0 375 375 4891 5266 4734
3 0 92 92 1401 1493 8507
1 0 10000
2 0 5615 5615 4385
1 0 10000
2 0 2460 2460 7540
1 0 10000
2 0 4538 4538 5462
1 0 10000
1 0 10000
1 0 10000
3 0 308 308 4414 4722 5278
2 0 9335 9335 665
1 0 10000
1 0 10000
3 0 1234 1234 2331 3565 6435
3 0 2326 2326 2290 4616 5384
1 0 10000
1 0 10000
1 0 10000
2 0 1985 1985 8015
1 0 10000
2 0 705 705 9295
1 0 10000
1 0 10000
3 0 1002 1002 8662 9664 336
1 0 10000
2 0 7353 7353 2647
1 0 10000
1 0 10000
1 0 10000
1 0 10000
2 0 294 294 9706
1 0 10000
1 0 10000
2 0 5864 5864 4136
2 0 5475 5475 4525
1 0 10000
2 0 3 3 9997
1 0 10000
1 0 10000
1 0 10000
1 0 10000
1 0 10000
1 0 10000
3 0 2331 2331 134 2465 7535
1 0 10000
2 0 7118 7118 2882
2 0 7971 7971 2029
1 0 10000
1 0 10000
2 0 3113 3113 6887
3 0 49 49 9554 9603 397
3 0 2327 2327 3289 5616 4384
1 0 10000
1 0 10000
1 0 10000
1 0 10000
1 0 10000
2 0 5844 5844 4156
2 0 1472 1472 8528
4 0 2278 2278 1600 3878 2789 6667 3333
1 0 10000
1 0 10000
2 0 3370 3370 6630
1 0 10000
1 0 10000
2 0 488 488 9512
1 0 10000
2 0 3190 3190 6810
2 0 5676 5676 4324
1 0 10000
1 0 10000
2 0 4347 4347 5653
1 0 10000
3 0 1434 1434 2836 4270 5730
1 0 10000
2 0 8138 8138 1862
1 0 10000
2 0 1054 1054 8946
1 0 10000
1 0 10000
1 0 10000
2 0 3038 3038 6962
2 0 1241 1241 8759
1 0 10000
1 0 10000
3 0 5543 5543 1641 7184 2816
2 0 1241 1241 8759
1 0 10000
1 0 10000
2 0 2589 2589 7411
1 0 10000
2 0 2799 2799 7201
2 0 7744 7744 2256
1 0 10000
1 0 10000
1 0 10000
1 0 10000
2 0 4715 4715 5285
1 0 10000
1 0 10000
2 0 6183 6183 3817
1 0 10000
1 0 10000
1 0 10000
1 0 10000
1 0 10000
1 0 10000
2 0 6872 6872 3128
1 0 10000
2 0 8534 8534 1466
1 0 10000
1 0 10000
2 0 3507 3507 6493
1 0 10000
2 0 2619 2619 7381
1 0 10000
1 0 10000
1 0 10000
2 0 1913 1913 8087
1 0 10000
2 0 23 23 9977
1 0 10000
3 0 3244 3244 5218 8462 1538
1 0 10000
2 0 2563 2563 7437
2 0 3602 3602 6398
3 0 4145 4145 4085 8230 1770
1 0 10000
1 0 10000
2 0 5022 5022 4978
1 0 10000
2 0 931 931 9069
1 0 10000
1 0 10000
2 0 9406 9406 594
1 0 10000
1 0 10000
1 0 10000
1 0 10000
2 0 29 29 9971
1 0 10000
1 0 10000
1 0 10000
2 0 3618 3618 6382
2 0 8385 8385 1615
1 0 10000
1 0 10000
1 0 10000
1 0 10000
1 0 10000
1 0 10000
1 0 10000
1 0 10000
1 0 10000
2 0 3986 3986 6014
2 0 6071 6071 3929
1 0 10000
2 0 6060 6060 3940
1 0 10000
1 0 10000
1 0 10000
2 0 555 555 9445
1 0 10000
1 0 10000
1 0 10000
1 0 10000
1 0 10000
1 0 10000
1 0 10000
1 0 10000
1 0 10000
1 0 10000
2 0 7960 7960 2040
2 0 2573 2573 7427
1 0 10000
1 0 10000
1 0 10000
1 0 10000
1 0 10000
1 0 10000
2 0 3278 3278 6722
1 0 10000
2 0 4458 4458 5542
1 0 10000
3 0 7702 7702 945 8647 1353
2 0 3084 3084 6916
2 0 8020 8020 1980
1 0 10000
1 0 10000
1 0 10000
1 0 10000
3 0 3320 3320 789 4109 5891
2 0 1891 1891 8109
1 0 10000
1 0 10000
1 0 10000
1 0 10000
1 0 10000
1 0 10000
2 0 9295 9295 705
1 0 10000
1 0 10000
1 0 10000
2 0 1627 1627 8373
1 0 10000
1 0 10000
1 0 10000
1 0 10000
1 0 10000
1 0 10000
3 0 5235 5235 1038 6273 3727
1 0 10000
1 0 10000
1 0 10000
1 0 10000
2 0 3283 3283 6717
1 0 10000
1 0 10000
1 0 10000
1 0 10000
2 0 3548 3548 6452
1 0 10000
1 0 10000
1 0 10000
2 0 7820 7820 2180
1 0 10000
2 0 7586 7586 2414
1 0 10000
2 0 9281 9281 719
1 0 10000
2 0 6026 6026 3974
2 0 1787 1787 8213
2 0 1240 1240 8760
2 0 269 269 9731
1 0 10000
1 0 10000
1 0 10000
1 0 10000
1 0 10000
1 0 10000
1 0 10000
2 0 3401 3401 6599
2 0 7929 7929 2071
2 0 4081 4081 5919
1 0 10000
1 0 10000
1 0 10000
2 0 5362 5362 4638
2 0 1741 1741 8259
1 0 10000
1 0 10000
1 0 10000
1 0 10000
1 0 10000
3 0 411 411 574 985 9015
1 0 10000
1 0 10000
1 0 10000
1 0 10000
1 0 10000
2 0 3189 3189 6811
2 0 4571 4571 5429
2 0 3252 3252 6748
2 0 5011 5011 4989
2 0 5711 5711 4289
1 0 10000
1 0 10000
1 0 10000
1 0 10000
2 0 4966 4966 5034
2 0 3100 3100 6900
1 0 10000
1 0 10000
1 0 10000
1 0 10000
1 0 10000
2 0 7396 7396 2604
1 0 10000
1 0 10000
1 0 10000
2 0 8952 8952 1048
2 0 2318 2318 7682
2 0 9688 9688 312
1 0 10000
3 0 6193 6193 207 6400 3600
2 0 1775 1775 8225
1 0 10000
2 0 8072 8072 1928
1 0 10000
1 0 10000
1 0 10000
1 0 10000
1 0 10000
1 0 10000
1 0 10000
1 0 10000
3 0 3393 3393 657 4050 5950
1 0 10000
2 0 1983 1983 8017
2 0 8921 8921 1079
1 0 10000
1 0 10000
2 0 3002 3002 6998
2 0 1762 1762 8238
2 0 3618 3618 6382
1 0 10000
2 0 1648 1648 8352
1 0 10000
1 0 10000
1 0 10000
1 0 10000
1 0 10000
2 0 6585 6585 3415
2 0 2088 2088 7912
1 0 10000
2 0 5588 5588 4412
2 0 5746 5746 4254
1 0 10000
1 0 10000
1 0 10000
1 0 10000
2 0 7581 7581 2419
1 0 10000
2 0 4090 4090 5910
1 0 10000
1 0 10000
1 0 10000
1 0 10000
1 0 10000
1 0 10000
2 0 1431 1431 8569
1 0 10000
2 0 7159 7159 2841
1 0 10000
2 0 6135 6135 3865
2 0 360 360 9640
3 0 5532 5532 449 5981 4019
1 0 10000
2 0 7335 7335 2665
2 0 3323 3323 6677
1 0 10000
1 0 10000
1 0 10000
1 0 10000
3 0 5187 5187 4680 9867 133
1 0 10000
1 0 10000
3 0 467 467 3203 3670 6330
1 0 10000
2 0 6709 6709 3291
1 0 10000
1 0 10000
2 0 6649 6649 3351
1 0 10000
1 0 10000
1 0 10000
3 0 675 675 2375 3050 6950
2 0 2456 2456 7544
1 0 10000
2 0 908 908 9092
1 0 10000
2 0 2633 2633 7367
2 0 8276 8276 1724
1 0 10000
3 0 75 75 5812 5887 4113
2 0 820 820 9180
2 0 2791 2791 7209
1 0 10000
2 0 6310 6310 3690
1 0 10000
1 0 10000
1 0 10000
2 0 6120 6120 3880
1 0 10000
1 0 10000
1 0 10000
1 0 10000
2 0 1580 1580 8420
1 0 10000
1 0 10000
1 0 10000
1 0 10000
2 0 2776 2776 7224
1 0 10000
1 0 10000
2 0 9530 9530 470
2 0 617 617 9383
1 0 10000
3 0 217 217 610 827 9173
3 0 3087 3087 5302 8389 1611
1 0 10000
1 0 10000
1 0 10000
1 0 10000
1 0 10000
1 0 10000
1 0 10000
1 0 10000
2 0 1449 1449 8551
2 0 9280 9280 720
1 0 10000
3 0 976 976 6760 7736 2264
1 0 10000
1 0 10000
2 0 416 416 9584
1 0 10000
2 0 8655 8655 1345
1 0 10000
2 0 6979 6979 3021
1 0 10000
1 0 10000
1 0 10000
1 0 10000
2 0 5045 5045 4955
1 0 10000
1 0 10000
3 0 6935 6935 503 7438 2562
1 0 10000
3 0 578 578 9389 9967 33
1 0 10000
3 0 2911 2911 7081 9992 8
1 0 10000
1 0 10000
2 0 6915 6915 3085
1 0 10000
1 0 10000
1 0 10000
1 0 10000
1 0 10000
1 0 10000
1 0 10000
1 0 10000
2 0 1892 1892 8108
1 0 10000
2 0 9269 9269 731
