10000 79
4 0 90 90 155 245 2767 3012 6988
9 0 4245 4245 118 4363 218 7479 365 7844 5 7849 7 8626 1081 9707 55 9762 238
14 0 588 588 1290 1878 31 1909 478 5706 595 6301 375 6676 15 7388 90 7478 86 7564 152 7850 156 8006 518 8524 1366 9890 110
10 0 1008 1008 8 1016 10 1503 2894 4397 1280 5677 872 8655 731 9386 168 9554 350 9904 96
9 0 125 125 95 220 143 566 4708 5274 371 5645 120 6015 196 6211 713 6924 3076
6 0 1728 1728 1 1729 1 4710 1519 6229 275 6504 3496
11 0 1947 1947 6 1953 1 5232 1834 7066 78 7144 987 9353 177 9530 59 9589 151 9743 191 9934 66
10 0 606 606 110 716 110 982 2260 3242 683 3925 2796 7543 1703 9246 76 9322 105 9427 573
6 0 448 448 966 1414 468 4961 689 5650 1857 7507 2493
7 0 2813 2813 284 3097 3003 6175 1054 7229 1023 8252 493 8745 1255
10 0 1552 1552 15 1567 15 6342 1798 8140 623 8763 338 9458 160 9618 328 9946 9 9955 45
9 0 385 385 359 744 164 1421 2749 4170 2087 6257 1396 9002 433 9435 443 9878 122
8 0 2063 2063 221 2284 1591 3875 2227 7445 1025 8470 701 9171 27 9198 802
6 0 1470 1470 1 1471 1 8604 966 9570 28 9598 402
7 0 433 433 68 501 158 1452 4658 6110 748 6858 3030 9944 56
6 0 885 885 7461 8346 482 9003 425 9428 153 9581 419
7 0 358 358 1138 1496 1296 8457 242 8788 88 8876 207 9083 917
14 0 862 862 23 885 3 2152 108 2661 203 2864 1 2865 1 4806 1388 6194 12 6206 6 8065 692 8757 111 8868 557 9425 575
11 0 460 460 1268 1728 866 2666 42 2712 1149 3861 340 4201 2498 7094 1464 8558 693 9251 444 9695 305
7 0 1021 1021 343 1364 2162 3526 27 8598 758 9356 166 9522 478
7 0 3172 3172 1 3173 40 7850 1086 8936 246 9182 9 9191 809
7 0 245 245 247 492 1236 1831 1479 3310 1195 4505 4924 9992 8
3 0 1378 1378 1711 3089 6911
7 0 69 69 3011 3080 127 5458 1153 6611 604 7215 2647 9862 138
6 0 7126 7126 704 7830 57 9437 227 9664 157 9821 179
12 0 103 103 83 186 255 452 129 581 413 994 379 2519 4433 6952 899 7851 1712 9580 44 9624 63 9687 313
3 0 148 148 4041 4189 5811
9 0 1535 1535 711 2246 150 7120 834 7954 703 8657 995 9831 84 9915 21 9936 64
15 0 1586 1586 48 1634 167 1983 178 2161 58 2219 121 2390 56 2446 44 2490 1 6408 715 7123 1 7124 1 8855 654 9509 66 9575 425
12 0 150 150 8 158 1 2125 7 2132 26 2158 60 2300 759 3059 2115 5174 2763 8554 676 9230 492 9722 278
7 0 3690 3690 1773 5463 3791 9308 45 9353 136 9489 130 9861 139
8 0 2442 2442 1481 3923 2739 6721 901 7622 878 8500 365 8865 1099 9975 25
18 0 501 501 20 521 21 1074 80 1154 66 1220 1067 2743 102 2845 1362 4207 626 4833 79 5797 81 5878 161 6039 20 7119 2 7121 291 7679 1098 8777 37 8814 1186
19 0 76 76 880 956 777 1815 4 1819 1 1820 1 2382 1272 3654 661 4315 97 5031 706 5737 807 6544 653 7370 180 7550 453 8003 103 8862 536 9398 241 9639 238 9995 5
18 0 18 18 165 183 388 571 415 1302 46 1348 1290 2638 1616 4313 1755 6068 162 6230 275 7317 465 7782 64 7846 249 8586 168 8754 484 9238 236 9822 86 9908 92
11 0 1463 1463 376 1839 606 2445 314 4150 851 5001 1128 6129 651 7593 235 7828 303 8131 1290 9421 579
21 0 64 64 238 624 520 1144 156 1300 221 1607 10 1617 1 1618 1 1949 90 2039 54 2093 8 2437 977 3414 888 4302 251 5607 429 6036 104 6140 28 6473 1132 7605 672 8277 1160 9889 111
13 0 626 626 383 1009 206 1805 1907 3712 399 4111 452 7414 1327 8741 100 8841 43 9323 183 9506 266 9772 158 9971 29
6 0 2130 2130 66 2196 218 5587 3215 8802 989 9791 209
5 0 5123 5123 1122 6245 1307 9815 175 9990 10
8 0 3139 3139 1410 4549 880 5429 483 6156 731 6887 741 7628 227 7855 2145
13 0 186 186 11 197 8 1333 220 1553 58 1611 156 1958 583 2541 590 3131 476 3607 47 5072 293 5365 2582 7947 2053
7 0 1680 1680 2552 4232 2487 6719 658 8511 1204 9715 136 9851 149
6 0 6281 6281 2282 8563 362 9002 607 9609 305 9914 86
6 0 1244 1244 232 1476 3380 5585 181 5766 931 6697 3303
21 0 200 200 1 201 1 1143 43 1186 160 1346 2 2872 139 3011 19 3030 130 3160 166 3623 328 3951 25 3976 609 4589 1360 5949 438 6387 2398 8846 134 8980 395 9375 110 9485 489 9987 13
10 0 2514 2514 3 2517 2 2519 2114 7907 707 8614 63 8677 32 8986 548 9534 177 9711 289
11 0 2471 2471 849 3320 307 3627 1823 8645 53 8698 144 8842 176 9467 25 9492 23 9515 126 9641 359
10 0 582 582 192 774 1075 2012 872 2884 100 2984 188 4587 1070 5657 2467 8124 1373 9497 503
7 0 733 733 951 1684 1041 2783 4266 7049 1431 8480 984 9464 536
5 0 672 672 1 673 1 9657 296 9953 47
6 0 644 662 3107 3769 3592 7361 2423 9987 1 9988 12
4 0 4578 4578 1822 6400 554 6954 3046
11 0 117 117 805 922 5552 7063 238 7301 4 7305 1 8367 447 8814 360 9174 156 9938 4 9942 58
9 0 244 244 2 246 1 3300 546 3846 788 4634 1005 7231 559 7790 11 7801 2199
10 0 81 202 49 251 1 252 2 5516 1567 7083 515 7598 53 9649 300 9949 22 9971 29
10 0 37 37 55 92 135 253 2002 2255 266 2521 2 5231 2025 7256 953 8209 1723 9959 41
3 0 5278 5278 454 5732 4268
3 0 3616 3616 2875 6491 3509
6 0 2239 2239 2274 4513 598 8781 226 9007 188 9195 805
15 0 44 44 7 51 46 444 64 508 1 509 3 994 357 1351 185 1536 895 2611 46 2657 107 2764 79 3431 404 3835 2284 6119 3881
14 0 796 796 67 863 588 1750 652 2402 172 2574 17 2591 41 2822 3805 6627 299 6926 1949 9428 169 9597 62 9659 130 9789 211
7 0 1875 1875 1 1876 1 9339 174 9513 49 9562 152 9714 286
9 0 145 145 531 676 5 1442 196 1638 28 1666 167 1854 2264 4118 2135 6253 3747
6 0 51 51 18 69 29 673 3934 4607 2693 7300 2700
11 0 975 975 1630 2605 6 3990 1503 5493 1 5494 1 7712 406 8118 3 8121 1 9294 333 9627 373
18 0 392 392 344 736 560 1558 615 2173 13 2186 20 2566 122 2688 1122 3810 861 4691 4 4695 66 4761 3 5433 408 5841 54 5895 468 6858 981 7839 482 8321 1679
10 0 1140 1140 550 1690 31 2170 1472 3642 1001 4643 1731 6374 298 8235 165 8400 120 8520 1480
14 0 946 946 1577 2523 549 4886 402 5288 70 5358 20 6423 1199 7622 352 7974 372 8683 53 8736 152 8888 188 9233 504 9737 263
10 0 68 68 2554 2622 1296 4146 211 4357 7 4364 15 5216 1314 6530 1320 7850 1900 9750 250
4 0 4787 4787 363 5150 3710 8860 1140
14 0 4615 4615 209 4824 552 5589 397 5986 1 5987 1 8573 192 8765 23 9075 186 9261 65 9326 53 9379 106 9777 104 9881 119
18 0 1101 1101 203 1304 261 2868 235 3103 6 3109 9 4006 800 4806 529 5335 1444 7428 544 7972 168 8140 322 8768 63 8831 173 9004 32 9558 56 9614 107 9721 279
10 0 2630 2630 50 2680 233 6129 1430 7559 1 7560 1 8359 78 8437 495 8932 81 9013 987
9 0 423 423 440 863 230 1490 1712 3202 2474 5676 2858 9417 173 9590 297 9887 113
3 0 7892 7892 1580 9472 528
11 0 76 76 168 244 1865 2251 1202 3453 1 3454 1 8360 35 8485 17 8502 105 8607 577 9184 816
10 0 1078 1078 160 1238 220 1690 741 2431 9 2440 9 3374 4043 7417 1671 9088 858 9992 8
4 0 1711 1711 674 2385 4956 7341 2659
