10000 43
3 0 7139 7139 878 8017 1983
13 0 2484 2484 1345 3829 366 4426 1056 5482 1514 6996 726 8723 343 9066 45 9111 46 9319 93 9412 169 9581 91 9672 328
4 0 8056 8056 125 8181 826 9007 993
7 0 3719 3719 339 4058 472 4530 81 8661 264 8925 281 9206 794
4 0 5950 5950 3246 9196 533 9915 85
10 0 1664 1664 1 1665 1 4436 2791 7227 90 7317 524 7841 1133 9269 15 9284 151 9435 565
9 0 828 828 83 911 43 1029 356 1385 5201 6586 122 9627 4 9631 71 9702 298
6 0 995 995 4314 5309 1104 8524 683 9207 560 9767 233
6 0 2139 2139 2000 4139 106 4465 881 5346 331 5677 4323
3 0 2850 2850 473 3323 6677
9 0 1051 1051 31 1082 170 2476 3063 5539 42 5581 79 7672 2034 9706 177 9883 117
5 0 4142 4142 2681 6823 1052 9809 117 9926 74
6 0 1826 1826 1 1827 1 8699 299 8998 29 9027 973
6 0 836 836 22 858 10 1334 1573 2907 1933 4840 5160
4 0 6398 6398 790 7188 259 7447 2553
7 0 2151 2151 616 2767 2300 8123 187 8310 3 8313 1 9970 30
10 0 2430 2430 7 2437 8 4836 1787 6623 349 6972 965 7937 326 8264 1256 9520 28 9548 452
9 0 436 436 39 475 1579 2101 2248 4349 2359 6708 1689 8675 65 8740 596 9336 664
7 0 42 42 11 53 2500 4146 637 4783 1248 6031 1045 7076 2924
3 0 2147 2147 2238 4385 5615
7 0 217 217 1 218 1 5284 743 6027 1164 7191 2372 9563 437
4 0 3337 3337 1235 4572 196 4768 5232
3 0 4066 4066 802 4868 5132
3 0 5324 5324 614 5938 4062
7 0 9 9 1 10 3 7914 309 8223 788 9011 495 9506 494
5 0 11 12 4270 4282 2826 7108 1237 8345 1655
4 0 4047 4047 3503 7550 2400 9950 50
6 0 938 938 1 939 1 9499 395 9894 95 9989 11
6 0 1533 1533 1 1534 1 9326 299 9625 123 9748 252
3 0 5875 5875 1618 7493 2507
3 0 565 565 7570 8135 1865
7 0 573 573 1 574 1 6022 2230 8252 876 9128 47 9175 825
4 0 99 99 55 154 3600 3754 6246
5 0 4961 4961 1611 6572 2889 9461 454 9994 6
6 0 112 112 1453 1565 2291 3876 3515 7391 1714 9105 895
3 0 6138 6138 781 6919 3081
10 0 875 875 363 1238 2431 3669 406 5365 77 5442 5 5447 1 7993 698 8691 416 9107 893
4 0 5721 5721 2286 8007 544 8551 1449
6 0 4635 4635 1048 5683 1024 8258 994 9252 356 9608 392
6 0 36 36 4 40 1 1161 3763 4924 1014 5938 4062
3 0 4375 4375 132 4507 5493
7 0 3732 3732 1337 5069 20 6352 710 7062 284 7346 2384 9921 79
11 0 650 650 3 653 1 3695 81 3776 263 4039 66 4417 49 4466 66 4608 1800 6408 1460 7868 2132
