100000 384
4 0 24455 24455 1812 26267 40617 66884 33116
4 0 33088 33088 2171 35259 63801 99342 658
9 0 22095 22095 405 22500 205 44748 22529 67277 3452 70729 788 82984 2416 85400 7518 92918 7082
15 0 781 781 2 783 1 7982 3308 11290 4776 16066 6627 22704 27628 50332 836 51168 18910 73813 7638 81451 525 81976 2941 94500 3131 97631 2304 99935 65
6 0 45449 45449 3365 48814 35369 84757 1912 86669 4069 90738 9262
8 0 6556 6556 18078 24634 2 60864 9752 70616 4929 75545 23450 99615 152 99767 233
3 0 35871 35871 25280 61151 38849
3 0 54723 54723 6767 61490 38510
6 0 36458 36458 10655 47113 6671 64730 6599 71329 27123 98452 1548
3 0 15619 15619 47697 63316 36684
7 0 26499 26499 42799 69298 3125 72423 16750 95727 3213 98940 804 99744 256
6 0 50276 50276 32966 83242 5382 88703 1853 90556 417 90973 9027
13 0 887 887 19985 20872 121 24518 7445 31963 1 31964 2 64722 4793 69515 6028 75543 16322 97401 741 98142 1279 99421 412 99833 167
3 0 53104 53104 4902 58006 41994
3 0 65309 65309 4164 69473 30527
3 0 39352 39352 57406 96758 3242
4 0 9056 9056 27557 36613 63198 99917 83
10 0 639 639 1011 1650 6 11569 15465 27034 9447 36481 7439 43920 6774 59733 12947 72680 2406 75086 24914
10 0 17275 17275 1 17276 1 63194 6176 69370 810 70180 1323 71503 1457 81119 6055 87174 2422 89596 10404
5 0 30182 30182 990 31172 55059 99108 214 99322 678
9 0 9525 9525 1 9526 1 45800 15498 61298 14 61312 14 85372 5987 91359 474 91833 8167
10 0 35330 35330 7928 43258 9304 52562 387 53838 5581 59419 9903 69322 5695 83384 14420 97804 1420 99224 776
10 0 49278 49278 3215 52493 12060 68720 2258 70978 8844 79822 2785 82607 3122 86385 4166 90551 6955 97506 2494
6 0 18957 18957 7521 26478 1200 49546 22845 72391 24005 96396 3604
7 0 61855 61855 4482 66337 2222 81946 2400 84346 5162 89508 2584 92092 7908
6 0 20111 20111 1 20112 1 65355 18310 83665 11586 95251 4749
4 0 14205 14205 22975 37180 62656 99942 58
7 0 19624 19624 32013 51637 39183 92147 4539 96686 2545 99231 544 99775 225
9 0 32805 32805 4164 36969 1558 38527 9432 82155 8971 91126 2450 93576 2525 96573 2968 99541 459
3 0 42424 42424 25281 67705 32295
9 0 56976 56976 16248 73224 13528 88100 1760 89860 154 90014 147 92642 4847 97489 1377 98866 1134
6 0 35204 35204 702 35906 1334 65481 961 66442 11712 78154 21846
6 0 32016 32016 23077 55093 70 72000 6227 78227 19466 97693 2307
6 0 40645 40645 807 41452 16370 78585 7340 85925 9129 95054 4946
13 0 12016 12016 1 12017 1 34035 74 34109 1 34110 1 46925 636 47561 1289 48850 2916 51766 1481 55159 26540 81699 12417 94116 5884
3 0 73380 73380 11861 85241 14759
6 0 30335 30335 8460 38795 37473 93036 3930 96966 444 97410 2590
6 0 47286 47286 29092 76378 1020 92989 53 93042 3245 96287 3713
13 0 24989 24989 1111 26100 5810 43367 20520 63887 538 64425 25 73059 3168 76227 1 76228 3 82771 4293 87064 8005 95069 100 95169 4831
9 0 1565 1565 1 1566 1 19477 5024 24501 9466 33967 32869 67693 4470 72163 16185 88348 11652
7 0 14652 14652 4234 18886 40624 59510 29001 90486 338 90824 3065 93889 6111
8 0 12265 12265 20109 32374 18138 50512 26963 80400 124 80524 1013 81537 6302 87839 12161
9 0 336 336 2 338 1 18362 22097 40459 7609 48068 8104 67608 5672 73280 7719 80999 19001
3 0 52087 52087 28721 80808 19192
5 0 44422 44422 15124 59546 37776 98848 103 98951 1049
12 0 24245 24245 969 25214 1282 56046 5947 61993 4318 66311 6947 73258 10785 88764 3719 92483 154 92637 1467 96801 512 97313 2687
6 0 31303 31303 20237 51540 16217 68624 18864 87488 11678 99166 834
3 0 2515 2515 27376 29891 70109
4 0 13502 13502 4331 17833 1621 19454 80546
9 0 14248 14248 10459 24707 8699 43748 22184 65932 91 66023 15 87938 239 88177 925 89102 10898
6 0 9646 9646 2380 12026 1523 37109 3261 40370 18319 58689 41311
7 0 10518 10518 536 11054 1326 12751 49488 62239 14260 76499 23216 99715 285
7 0 20536 20536 40440 60976 26577 95635 2495 98130 1703 99833 73 99906 94
7 0 35968 35968 14671 50639 495 51134 294 80219 551 80770 3299 84069 15931
6 0 4715 4715 5281 9996 24741 40868 12065 52933 11164 64097 35903
6 0 23492 23492 10152 33644 253 44780 34318 79098 4868 83966 16034
6 0 577 577 2064 2641 20431 29565 20002 49567 29519 79086 20914
10 0 1910 1910 10378 12288 7434 21108 11550 32658 1 32659 2 45513 22596 68109 2155 70264 4674 99180 820
4 0 77732 77732 13170 90902 5633 96535 3465
3 0 35426 35426 13610 49036 50964
6 0 4714 4714 10096 14810 59586 77687 6218 83905 12708 96613 3387
7 0 40830 40830 11350 52180 34531 96118 64 96182 118 96300 1452 97752 2248
3 0 15261 15261 41258 56519 43481
13 0 2307 2307 5192 7499 2 25449 6808 32257 5606 37863 13761 51624 4392 70357 7480 77837 31 77868 141 84893 6844 91737 5744 97481 2519
4 0 21157 21157 43051 64208 3336 67544 32456
4 0 53127 53127 22337 75464 3932 79396 20604
7 0 5289 5289 8909 14198 35926 50124 14591 95954 3380 99334 534 99868 132
8 0 8516 8516 17737 26253 3944 30197 7854 43797 9794 53591 5550 59141 1068 60209 39791
3 0 55002 55002 37885 92887 7113
8 0 26407 26407 48 26455 7 52242 7249 59491 5566 65057 9537 98091 398 98489 1511
10 0 28241 28241 16763 45004 4390 49394 10028 64858 10842 75700 10385 86085 4219 96160 545 96705 2636 99341 659
3 0 12685 12685 45219 57904 42096
3 0 52234 52234 22694 74928 25072
10 0 912 912 26968 27880 41021 77127 645 77772 11 77783 1 95312 1315 96627 1133 97760 1998 99758 242
10 0 14874 14874 1896 16770 2058 55866 17470 73336 2884 76220 6564 84731 4283 89014 4302 93316 1292 94608 5392
6 0 15843 15843 174 16017 30 63370 7832 71202 12347 83549 16451
9 0 1570 1570 3510 5080 4450 10387 8475 18862 34177 53039 14369 93375 4335 97710 360 98070 1930
3 0 286 286 24631 24917 75083
6 0 11434 11434 657 12091 63 27313 9224 36537 34225 70762 29238
7 0 52294 52294 147 52441 6319 90446 2787 93233 3577 96810 2749 99559 441
7 0 1419 1419 1 1420 1 96149 81 96230 471 96701 914 97615 2385
3 0 65261 65261 33043 98304 1696
3 0 13205 13205 13523 26728 73272
10 0 2867 2867 1411 4278 2 37001 2141 39142 2 39144 1 78872 5825 84697 572 85269 7634 92903 7097
6 0 18384 18384 1424 19808 746 29767 19121 48888 1766 50654 49346
6 0 5511 5511 35412 40923 45502 91195 4053 95248 3037 98285 1715
6 0 12689 12689 1 12690 1 86996 755 87751 3448 91199 8801
6 0 1134 1134 51 1185 538 10427 8511 18938 42461 61399 38601
6 0 712 712 648 1527 11125 12652 3544 16196 34380 50576 49424
6 0 63374 63374 134 63508 27 84429 7705 92134 3624 95758 4242
8 0 12910 12910 2815 15725 15519 31244 17632 48905 6266 55171 3022 58193 16561 74754 25246
6 0 28754 28754 1024 29778 2319 41207 20823 62030 18517 80547 19453
3 0 38447 38447 17260 55707 44293
6 0 20444 20444 15475 35919 11875 95499 1197 96696 2806 99502 498
10 0 18669 18669 973 19642 689 20331 3335 31180 17569 48749 436 49185 5 58263 2713 60976 21951 82927 17073
6 0 6352 6352 18793 25145 13242 44125 14209 58334 15972 74306 25694
10 0 22848 22848 20381 43229 7154 78234 9089 87323 1341 88664 888 93806 3527 97333 1257 98590 171 98761 1239
6 0 16026 16026 983 17009 8 33968 30704 64672 13524 78196 21804
9 0 907 907 1751 2658 2 33343 14171 47514 17414 64928 1086 76143 16880 93023 4122 97145 2855
8 0 33427 33427 13453 46880 39860 88168 3504 91672 1724 93396 788 98048 112 99687 313
3 0 31559 31559 39047 70606 29394
4 0 18216 18216 2567 20783 4704 25487 74513
7 0 6374 6374 1 6375 1 75082 6680 81762 5536 87298 7254 99448 552
7 0 50238 50238 29429 79667 2356 95797 2115 97912 959 98871 736 99607 393
6 0 24842 24842 226 25068 709 39296 32916 72212 4347 76559 23441
6 0 7405 7405 26328 33733 18932 85727 7431 93158 6308 99466 534
3 0 18570 18570 6535 25105 74895
4 0 10659 10659 11252 21911 60711 82622 17378
12 0 7574 7574 2 7576 1 40137 12555 52692 153 52845 84 66170 764 66934 1 66935 1 79363 15119 94482 4606 99088 912
6 0 51165 51165 35470 86635 2790 90006 4581 94587 420 95007 4993
8 0 31130 31130 22182 53312 17 53329 4046 71007 11048 82055 5175 87230 6979 94209 5791
4 0 26745 26745 41490 68235 30353 98588 1412
3 0 32222 32222 46796 79018 20982
6 0 8991 8991 64509 73500 9486 92272 4971 97243 2450 99693 307
3 0 23593 23593 72236 95829 4171
6 0 8691 8691 20846 29537 25160 58611 16237 74848 10925 85773 14227
12 0 9411 9411 67 9478 121 28491 48 30208 26174 56382 168 56550 75 85953 4564 90517 2800 93317 5787 99919 68 99987 13
6 0 26353 26353 48966 75319 19737 96153 1772 97925 80 98005 1995
3 0 37097 37097 8474 45571 54429
3 0 14290 14290 50126 64416 35584
7 0 42150 42150 8830 50980 8684 71850 21257 93107 1845 94952 2117 99896 104
6 0 13281 13281 11734 25015 17645 54318 4759 59077 30818 89895 10105
11 0 2015 2015 5395 7410 82 14710 9593 24303 11280 35583 11691 47274 6079 82329 10664 92993 480 93473 1329 94802 5198
6 0 3054 3054 1029 4083 322 6749 33862 40611 16442 57053 42947
8 0 227 227 12 239 6 2632 31185 33817 8968 42785 19719 62504 35414 99548 452
10 0 2029 2029 1 2030 1 69658 13847 83505 2117 85622 1975 87597 551 93253 2809 96062 284 96346 3654
3 0 69604 69604 10482 80086 19914
3 0 8517 8517 14868 23385 76615
7 0 26219 26219 24355 50574 3447 58582 2487 61069 1803 62872 1020 98971 1029
8 0 38497 38497 3009 41506 9592 51098 9267 62075 1642 63717 7772 71489 25618 97107 2893
4 0 28597 28597 44227 72824 9306 99745 255
3 0 11758 11758 17845 29603 70397
7 0 12808 12808 1 12809 1 66477 16071 82548 6451 88999 3855 92854 7146
3 0 23299 23299 28509 51808 48192
7 0 12484 12484 13946 26430 46423 83877 2214 86091 613 86704 600 87304 12696
6 0 1155 1155 11035 12190 11044 24939 22372 47311 35011 82322 17678
6 0 4711 4711 2214 6925 5798 21820 15612 37432 10317 47749 52251
3 0 39640 39640 32216 71856 28144
4 0 24440 24440 14808 39248 33052 72300 27700
9 0 11935 11935 1 11936 1 26835 8915 35750 1 35751 1 93710 1026 94736 1531 96267 3733
4 0 70846 70846 634 71480 25231 96711 3289
6 0 42933 42933 17412 60345 1987 92051 6233 98284 1272 99556 444
6 0 5230 5230 10917 16147 1727 26336 53152 79488 15008 94496 5504
7 0 13036 13036 1 13037 5 32501 18198 50699 13460 64159 4045 68204 31796
8 0 38122 38122 715 38837 2555 85003 9109 94112 3444 97556 1009 98629 36 98665 1335
6 0 6159 6159 9764 15923 4080 24911 34679 59590 5455 65045 34955
3 0 20174 20174 22270 42444 57556
11 0 29469 29469 2490 31959 2730 40083 22634 62717 3850 66567 468 67035 864 69382 15203 84585 2573 87158 8474 95632 4368
6 0 51964 51964 233 52197 136 74617 17269 91886 7594 99480 520
13 0 11732 11732 8 11740 2 23305 13014 36319 6963 43282 2600 46598 2521 49119 2517 51636 180 52289 10654 62943 7878 70821 18843 89664 10336
3 0 13146 13146 33590 46736 53264
3 0 23744 23744 27107 50851 49149
6 0 14302 14302 5863 20165 159 34728 726 35454 31032 66486 33514
13 0 46128 46128 4838 50966 12274 65392 3098 68490 8 68498 1 84405 702 85107 1123 86230 1148 87378 97 88196 2200 90396 2899 93295 6705
6 0 13275 13275 13047 26322 6253 40752 42957 83709 13813 97522 2478
8 0 4501 4501 13501 18002 1820 19822 9883 31362 38472 69834 3924 73758 6991 80749 19251
6 0 33181 33181 15461 48642 19021 84866 6244 91110 2345 93455 6545
7 0 8712 8712 15671 24383 760 25143 10742 66251 14067 80318 5313 85631 14369
7 0 36565 36565 5563 42128 13488 82061 12198 94259 1796 96055 3434 99599 401
7 0 33371 33371 17864 51235 7168 86770 111 86881 59 86940 4093 91033 8967
6 0 17829 17829 2597 20426 337 54534 11751 66285 13221 79506 20494
6 0 5384 5384 30831 36215 6289 56485 29818 86303 4873 91176 8824
14 0 1229 1229 103 1332 215 8660 3943 12603 1 12604 1 30223 12085 42308 13073 55381 2988 72618 3733 76351 1 76352 1 98601 859 99460 540
8 0 41199 41199 2 41201 1 80090 5036 85126 1 85127 3 99022 622 99644 356
9 0 25968 25968 1370 27338 96 65211 159 65370 593 65963 14383 83999 1256 85255 138 85393 14607
8 0 5941 5941 1853 7794 1374 9168 4702 21070 11565 32635 948 33583 23432 57015 42985
4 0 69401 69401 5017 74418 1913 99465 535
6 0 38146 38146 12 38158 106 74175 657 74832 4595 79427 20573
3 0 72902 72902 13004 85906 14094
6 0 77239 77239 1658 78897 6211 96787 855 97642 1345 98987 1013
10 0 7218 7218 3291 10509 1322 21050 348 21398 746 22144 3653 25797 19809 53674 35669 89343 229 89572 10428
6 0 2634 2634 9892 12526 23745 40791 22333 63124 7847 70971 29029
7 0 12446 12446 32 12478 833 18625 20542 39167 6036 45203 37177 82380 17620
12 0 9285 9285 4148 13433 632 19380 1431 20811 5048 25859 4 46875 12343 59218 245 59463 2270 79810 3374 83184 14524 97708 2292
5 0 24946 24946 12580 37526 50614 98584 354 98938 1062
6 0 58779 58779 21273 80052 18121 98512 418 98930 729 99659 341
6 0 27024 27024 1 27025 1 70907 25358 96265 282 96547 3453
11 0 5987 5987 24739 30726 29 73337 8060 81397 4099 85496 907 86403 2387 90420 4875 95295 926 96221 3153 99374 626
10 0 5294 5294 803 6097 13992 24864 23790 48654 181 48835 686 61852 13011 74863 13383 88246 1328 89574 10426
4 0 5615 5615 85770 91385 2590 99934 66
3 0 47094 47094 1257 48351 51649
3 0 11850 11850 44871 56721 43279
6 0 34737 34737 7400 42137 2308 89731 3490 93221 2086 95307 4693
6 0 15864 15864 233 16097 223 26016 21268 47284 7629 54913 45087
7 0 32444 32444 103 32547 136 92942 3618 96560 172 96732 828 97560 2440
3 0 38582 38582 10215 48797 51203
6 0 6476 6476 1 6477 1 68968 19741 88709 3679 92388 7612
7 0 1145 1145 561 1872 65177 67049 17135 84184 7892 99156 246 99402 598
3 0 10953 10953 34741 45694 54306
3 0 10152 10152 3556 13708 86292
9 0 1046 1046 19188 20234 5050 58821 4155 62976 3173 66149 1742 77292 1750 79042 13071 92113 7887
6 0 4130 4130 118 4248 236 12096 47706 59802 30487 90289 9711
3 0 15081 15081 9108 24189 75811
6 0 19875 19875 7255 27130 2849 90915 1847 92762 3029 95791 4209
7 0 4492 4492 2643 7135 14372 24353 5069 29422 13096 42518 15516 58034 41966
5 0 20356 20356 6688 27044 68273 99159 90 99249 751
4 0 7114 7114 28172 35286 34837 70123 29877
3 0 5816 5816 35478 41294 58706
9 0 20249 20249 171 20420 160 60175 2693 62868 7107 69975 19147 93429 2189 95618 2846 98464 1536
8 0 5128 5128 5931 11059 5979 17038 97 55708 8440 64148 4501 68649 8991 77640 22360
3 0 46175 46175 18386 64561 35439
3 0 21994 21994 55578 77572 22428
6 0 6229 6229 3201 9430 4850 15368 53291 68659 3812 72471 27529
6 0 43137 43137 12 43149 14 71577 65 71642 6844 78486 21514
9 0 31568 31568 1879 33447 6301 42982 19283 62265 1 62266 1 85387 5733 91120 1657 92777 7223
9 0 71 71 3829 3900 8726 12626 50528 70677 13679 84356 1242 85598 4452 98675 703 99378 622
12 0 8239 8239 1 8240 1 46628 1283 47911 1 47912 1 58524 5005 63529 1 63530 1 89474 2704 92178 2511 94689 5311
12 0 3093 3093 4228 7321 11872 21112 6844 27956 19408 47364 22 47853 1758 49611 5655 55266 7376 62948 5525 68473 5293 73766 26234
3 0 14889 14889 9892 24781 75219
7 0 39601 39601 20478 60079 12427 87649 4334 91983 2351 94334 253 94587 5413
8 0 16555 16555 31329 47884 42053 91159 1270 92429 144 92573 9 98717 26 98743 1257
4 0 17034 17034 29133 46167 28788 74955 25045
6 0 405 405 7880 8285 5939 15519 19016 34535 23105 57640 42360
10 0 14048 14048 12295 26343 21538 47881 15712 64243 1853 66096 1 66097 1 81858 9548 91406 7016 98422 1578
3 0 24847 24847 57798 82645 17355
5 0 47022 47022 9378 56400 19053 94279 500 94779 5221
10 0 14459 14459 1 14460 1 56402 7571 63973 8712 72685 2 90177 3303 93480 3669 97149 403 97552 2448
7 0 13920 13920 25103 39023 15083 68836 7623 76459 5445 81904 9850 91754 8246
3 0 20843 20843 19719 40562 59438
6 0 41923 41923 5310 47233 1080 82362 11596 93958 3876 97834 2166
6 0 24246 24246 4664 28910 8424 40779 8843 49622 13789 63411 36589
7 0 3615 3615 6580 10195 6596 16791 1554 32791 43483 76274 226 76500 23500
6 0 44362 44362 12391 56753 448 83992 5926 89918 5811 95729 4271
12 0 6525 6525 1 6526 1 51929 1119 53048 295 53343 1416 56900 20603 77503 3054 80557 7259 88543 5661 94204 5780 99984 16
10 0 2962 2962 99 3061 2249 6434 36478 42912 1694 44606 717 90390 717 91107 1311 92418 5725 98143 1857
9 0 9655 9655 544 10199 139 23754 12086 35840 4564 40404 6846 60135 7922 68057 20746 88803 11197
7 0 2736 2736 5062 7798 22869 39535 42317 81852 128 81980 7555 89535 10465
9 0 16428 16428 15269 31697 634 39330 9114 48444 14434 62878 23959 86900 2938 89838 6280 96118 3882
3 0 72045 72045 9064 81109 18891
6 0 1014 1014 18517 19531 11728 51167 14955 66122 14549 80671 19329
6 0 26191 26191 1 26192 1 55972 7627 63599 28135 91734 8266
10 0 6312 6312 8856 15168 5424 23213 31533 54746 14926 69672 9417 81775 166 81941 2365 84306 12505 98954 1046
7 0 61022 61022 6092 67114 5603 84400 11761 96161 520 96681 442 97123 2877
7 0 18064 18064 7993 26057 14293 40350 3819 65697 25866 91563 4161 95724 4276
11 0 13007 13007 28003 41010 26167 72665 10635 83300 429 83729 8833 92895 1735 94630 3344 97974 1425 99783 52 99835 165
4 0 42545 42545 31731 74276 24626 98941 1059
3 0 6046 6046 65340 71386 28614
7 0 9849 9849 1 9850 1 59251 15106 74357 5812 80169 574 80743 19257
9 0 4877 4877 5 4882 44 9834 10101 19935 1 19936 1 43062 22468 65530 12234 77764 22236
6 0 70977 70977 2197 73174 9271 82445 7378 98766 900 99666 334
7 0 72085 72085 8420 80505 5228 88599 2099 90698 2661 93359 1116 94475 5525
6 0 32414 32414 1338 33752 1077 76145 2917 79062 3539 82601 17399
3 0 10803 10803 11616 22419 77581
6 0 15629 15629 1 15630 1 86545 5447 91992 4215 96207 3793
10 0 349 349 1679 2028 2205 4233 1108 5359 39234 44593 4110 48703 40251 93807 2817 96624 1023 97647 2353
3 0 38266 38266 15197 53463 46537
6 0 45328 45328 17589 62917 33540 96843 207 97050 183 97233 2767
9 0 10322 10322 6572 16894 4456 39272 16404 55676 1 55677 1 93503 4661 98164 1424 99588 412
10 0 28366 28366 2504 30870 3310 34180 11267 51146 7441 58587 1 58588 1 90871 8088 98959 831 99790 210
6 0 5429 5429 17211 22640 27361 58344 16225 74569 17604 92173 7827
4 0 36713 36713 10842 47555 29148 76703 23297
10 0 28098 28098 3823 31921 6119 51189 7530 58719 4311 63030 11762 74792 21971 97532 1425 98957 825 99782 218
9 0 28236 28236 352 28588 91 33126 11419 44545 3167 47712 6668 79637 6524 86161 5130 91291 8709
6 0 59071 59071 12435 71506 19376 92666 1607 94273 2405 96678 3322
11 0 749 749 1 750 1 17025 11350 28375 11098 39473 966 40439 45568 88928 3026 91954 4020 95974 1257 97231 2769
6 0 41148 41148 2419 43567 929 81282 2922 84204 6402 90606 9394
6 0 37922 37922 617 38539 975 69354 21744 91098 8843 99941 59
10 0 8031 8031 5107 13138 9124 24581 29057 53638 3071 56709 1595 58304 11527 77541 4597 82138 4906 87044 12956
9 0 55623 55623 21938 77561 4521 90472 24 90496 594 91090 178 96090 452 96542 1290 97832 2168
3 0 37752 37752 25174 62926 37074
11 0 6281 6281 9907 16188 958 17146 7441 29270 12848 42118 4688 46806 3686 61644 27792 89436 4516 93952 5909 99886 114
4 0 51979 51979 20263 72242 26585 99177 823
3 0 30525 30525 57638 88163 11837
6 0 22199 22199 320 22519 5093 33596 38838 72434 1454 73888 26112
6 0 35620 35620 1678 37298 20911 76897 2871 79768 13322 93090 6910
6 0 23446 23446 9115 32561 3289 37556 30427 67983 26921 94904 5096
7 0 29583 29583 172 29755 2 60056 7121 67177 8401 75578 19913 98214 1786
6 0 10775 10775 30859 41634 26469 90227 2860 93087 1950 95037 4963
6 0 38615 38615 11257 49872 41143 92359 4918 97277 2115 99392 608
6 0 9232 9232 1 9233 1 84107 12528 96635 917 97552 2448
6 0 54952 54952 10268 65220 18443 97217 797 98014 1111 99125 875
5 0 49798 49798 1475 51273 788 96300 3181 99481 519
10 0 2020 2020 12240 14260 2312 52742 4394 57136 13883 71019 1165 72184 3 84489 5581 90070 3263 93333 6667
7 0 4417 4417 2412 6829 1249 8078 7067 15471 62557 78028 16061 94089 5911
4 0 7986 7986 26757 34743 20703 55446 44554
3 0 32104 32104 2099 34203 65797
7 0 35859 35859 5466 41325 11240 92752 4755 97507 1021 98528 75 98603 1397
7 0 46286 46286 15332 61618 1076 62694 4403 73927 19446 93373 4855 98228 1772
6 0 37380 37380 13258 50638 25684 96913 357 97270 1567 98837 1163
7 0 40211 40211 4536 44747 21282 83430 6892 90322 4577 94899 3596 98495 1505
14 0 12342 12342 11615 23957 3498 50537 7123 57660 1093 58753 1195 64052 1708 65760 1878 67638 1378 69016 19509 90861 4217 95078 76 95154 651 95805 4195
6 0 19452 19452 2 19454 5 43995 19113 63108 16171 79279 20721
9 0 3146 3146 1 3147 1 17769 14413 32182 48347 80529 4622 98557 498 99055 702 99757 243
6 0 13915 13915 1 13916 1 82824 5211 88035 1885 89920 10080
3 0 14700 14700 6873 21573 78427
8 0 14030 14030 7058 21088 5745 26833 11872 76054 751 76805 10986 87791 9680 97471 2529
7 0 12888 12888 26259 39147 14950 54097 35607 90647 2355 93002 2085 95087 4913
7 0 6270 6270 18189 24459 11009 35468 10653 78170 3092 81262 12503 93765 6235
9 0 2220 2220 1878 4098 6 5503 1088 6591 2522 9113 77136 86740 2754 89494 7079 96573 3427
3 0 45996 45996 30811 76807 23193
6 0 32907 32907 22 32929 15 88374 3654 92028 4356 96384 3616
6 0 1248 1248 25 1273 19677 23564 40823 64387 19297 83684 16316
3 0 35473 35473 5827 41300 58700
7 0 20882 20882 1 20883 1 78934 7007 85941 2207 88148 1224 89372 10628
4 0 47235 47235 4674 51909 12188 64097 35903
5 0 19630 19630 25749 45379 51396 98333 120 98453 1547
10 0 1475 1475 1 1476 1 16779 31978 48757 12423 61180 8797 80107 9911 90018 6776 96794 2359 99153 847
3 0 24886 24886 22107 46993 53007
11 0 31773 31773 1824 33597 2063 46563 6173 52736 16867 69603 7387 76990 13914 94686 1696 96382 188 96570 1664 98234 1766
9 0 20676 20676 14080 34756 41 61210 18893 80103 95 80198 226 90281 6292 96573 955 97528 2472
4 0 57770 57770 6799 64569 22085 86654 13346
5 0 18515 18515 7169 25684 56738 82422 10698 99110 890
10 0 29075 29075 13684 42759 1061 53047 7213 60260 295 60555 3606 64161 28963 93497 1402 94899 2690 97589 2411
7 0 16957 16957 14695 31652 2 89064 1546 90610 2696 93306 2802 96108 3892
6 0 3954 3954 12421 16375 11295 28640 25355 53995 2582 56577 43423
6 0 18753 18753 605 19358 669 26851 47687 74538 23790 98328 1672
6 0 10466 10466 37515 47981 17732 80122 11557 91679 8286 99965 35
7 0 10532 10532 27931 38463 5537 65473 10268 75741 4957 80698 1989 82687 17313
10 0 7778 7778 1 7779 1 38129 4563 42692 256 42948 3375 46617 49173 95790 320 96110 849 99838 162
6 0 18466 18466 2981 21447 71525 95272 2744 98016 1492 99508 492
9 0 6977 6977 1 6978 1 39593 8375 47968 179 48147 176 86310 1425 87735 662 88397 11603
3 0 25003 25003 5941 30944 69056
3 0 33746 33746 8952 42698 57302
6 0 32025 32025 4230 36255 46059 95499 86 95585 1590 97175 2825
10 0 4736 4736 11566 16302 1243 25354 29429 54783 17652 72435 5342 81259 3510 84769 2190 86959 4749 91708 8292
10 0 3246 3246 29 3275 4 8348 29938 38286 3161 41447 37867 91870 3251 95121 626 95747 345 96092 3908
4 0 25363 25363 3919 29282 25329 54611 45389
3 0 2621 2621 4881 7502 92498
6 0 9886 9886 6154 16040 8283 25234 32264 57498 11481 68979 31021
11 0 19159 19159 925 20084 3662 36909 1257 38166 6732 44898 19759 64657 9804 78057 536 78593 8070 86663 4422 91085 8915
3 0 44059 44059 17955 62014 37986
10 0 16619 16619 3158 19777 5755 25532 12267 58126 14561 72687 2156 74843 14397 93723 2820 96543 414 96957 3043
9 0 32555 32555 23019 55574 5196 72928 5446 78374 156 78530 37 79863 12549 92412 1908 94320 5680
3 0 7082 7082 42227 49309 50691
5 0 52312 52312 3428 55740 5880 61620 34608 99435 565
7 0 41092 41092 10385 51477 34287 88645 3603 92248 118 92366 3987 96353 3647
11 0 18566 18566 8230 26796 6709 86618 744 87362 455 87817 1309 89126 4936 97524 1469 98993 342 99335 248 99583 417
3 0 38750 38750 9739 48489 51511
7 0 38792 38792 1158 39950 8447 58571 25988 84559 6908 91467 3757 95224 4776
6 0 6755 6755 3805 10560 20135 38765 34144 72909 23264 96173 3827
3 0 88902 88902 5401 94303 5697
7 0 1831 1831 74208 76039 107 77490 3960 81450 8251 89701 9361 99062 938
11 0 8359 8359 6398 14757 266 42114 9792 51906 5817 57723 8564 66287 9605 76131 2935 79066 3897 82963 6689 89652 10348
4 0 5055 5055 47358 52413 1261 53674 46326
5 0 56770 56770 14772 71542 5084 76626 779 97345 2655
6 0 8615 8615 1554 10169 40394 75820 206 76026 11321 87347 12653
3 0 34131 34131 53970 88101 11899
10 0 26050 26050 1083 27133 1576 44999 3535 48534 2 48536 1 83650 2237 85887 4719 90606 973 91579 8421
8 0 1058 1058 16392 17450 13543 30993 10744 46837 975 48318 11086 59404 283 59687 40313
3 0 89745 89745 4484 94229 5771
4 0 37087 37087 30865 67952 22906 90858 9142
7 0 15779 15779 7191 22970 2892 25862 573 35730 33629 69359 13380 82739 17261
6 0 21876 21876 9825 31701 18121 72103 8002 80105 13540 93645 6355
6 0 21533 21533 6438 27971 13203 48098 37155 85253 8834 94087 5913
7 0 30164 30164 581 30745 8453 40852 23032 63884 3622 67506 7308 74814 25186
11 0 34163 34163 1911 36074 7745 46802 27288 74090 3378 77468 9374 86842 2331 96219 395 96614 767 97381 2317 99698 302
8 0 40033 40033 6125 46158 16311 62469 7702 86957 276 87233 4714 91947 3156 95103 4897
7 0 1362 1362 30264 31626 22087 95660 1189 96849 333 97182 748 98515 1485
7 0 7181 7181 9642 16823 3322 51021 37586 88607 5630 94237 4909 99146 854
6 0 8962 8962 1 8963 1 84260 195 84455 5058 89513 10487
10 0 954 954 773 1727 1147 4202 1761 5963 249 6212 48 6260 2471 8850 3731 12581 35627 48208 51792
3 0 41412 41412 35614 77026 22974
4 0 29844 29844 25397 55241 32288 87529 12471
3 0 19232 19232 6209 25441 74559
6 0 12347 12347 3332 15679 7700 24411 25788 50199 27527 77726 22274
6 0 23070 23070 12330 35400 1754 70353 21156 91509 3848 95357 4643
12 0 2674 2674 4447 7121 1702 32520 7355 39875 4053 43928 371 73660 2587 76247 1 76248 1 98157 28 98185 1041 99226 774
3 0 47204 47204 44553 91757 8243
7 0 14545 14545 21324 35869 2854 87287 4579 91866 2821 94687 1183 95870 4130
9 0 1851 1851 1 1852 1 22344 8360 30704 35 30739 26 35769 13109 48878 13233 62111 37889
3 0 70816 70816 13597 84413 15587
7 0 31114 31114 4806 35920 2964 62062 14399 76461 1820 78281 8881 87162 12838
6 0 19820 19820 2 19822 4 89987 1905 91892 2274 94166 5834
9 0 4795 4795 2037 6832 2399 10863 38792 49655 34395 84050 1618 85668 13512 99227 694 99921 79
3 0 72977 72977 15814 88791 11209
4 0 30538 30538 27675 58213 598 58811 41189
7 0 17028 17028 10004 27032 11765 57660 7362 65022 24489 89511 560 90071 9929
3 0 15278 15278 15514 30792 69208
9 0 43659 43659 33315 76974 1712 89479 1476 90955 2 90957 14 97429 1325 98754 790 99544 456
3 0 10494 10494 24622 35116 64884
7 0 587 587 14127 14714 29910 45275 7292 52567 26193 78760 12201 90961 9039
14 0 13497 13497 48 13545 89 35110 2933 38043 4193 42236 683 42919 157 43429 10989 54418 2365 56783 3701 60484 6795 73180 7009 80189 13371 93560 6440
9 0 15393 15393 2499 17892 41776 61586 9810 71396 8701 80097 250 84285 8283 92568 5886 98454 1546
7 0 43278 43278 62 43340 281 93773 1513 95286 894 96180 142 96322 3678
6 0 913 913 8 921 1 26917 22638 49555 48617 98172 1828
4 0 47 377 46783 47160 41997 89157 10843
7 0 47730 47730 9023 56753 7661 72346 13047 85393 137 85530 54 99354 646
3 0 73718 73718 25997 99715 285
4 0 26750 26750 8425 35175 32827 68002 31998
7 0 63366 63366 411 63777 602 89415 4792 94207 1679 95886 153 96039 3961
6 0 11996 11996 100 12096 20 53213 18705 71918 8816 80734 19266
3 0 34889 34889 21097 55986 44014
3 0 4206 4206 75969 80175 19825
6 0 11713 11713 12134 23847 2 78106 12712 90818 6617 97435 2565
