100000 14
3 0 71301 71301 12703 84004 15996
17 0 1841 1841 722 2563 13436 32582 15726 48308 3273 51581 2675 54256 2196 61626 16596 78222 5017 83239 3709 92022 2360 94382 660 95042 671 95713 648 97164 1195 98359 702 99061 939
15 0 146 146 563 709 2 5659 7655 13314 1 13315 1 50380 7042 57422 4473 61895 14748 84757 685 85442 1672 87114 9865 97793 1221 99014 180 99194 806
9 0 203 203 869 1072 9858 12463 22073 34536 17627 52163 16706 75048 8092 83140 913 84053 15947
25 0 1301 1301 563 1864 1122 3020 1578 4598 207 4805 2392 7198 15382 22580 2903 25483 33970 62517 6032 68549 869 69418 133 70979 4255 75234 2242 77476 12147 94953 3558 98511 154 98665 896 99814 34 99848 21 99869 47 99958 9 99967 7 99974 1 99997 3
19 0 2967 2967 1 2968 1 15993 3963 19956 2108 22064 2 44914 9167 54081 7908 61989 1737 63849 510 64359 610 64969 26 64995 8 65568 8100 73668 1 73669 1 99437 51 99488 154 99642 358
10 0 21229 21229 1571 22800 8009 33481 4691 38172 1 38173 2 93135 4224 97359 1523 98882 592 99474 526
13 0 473 473 17820 18293 12355 30804 3271 34075 94 34169 135 37645 229 37874 185 38059 100 38174 7639 45813 4814 50627 19959 70586 29414
10 0 1333 1333 1 1334 1 6421 10189 16610 3 16613 1 29165 16030 45195 25819 71014 222 71236 28764
15 0 5219 5219 1420 6639 434 8355 1126 9481 1935 11416 1509 13020 20485 33505 7711 41216 506 78565 3822 82387 1 82388 1 93815 3454 97269 1548 98817 1183
16 0 525 525 7958 8483 10894 30542 399 30941 1 30942 1 89351 2627 91978 5 91983 1941 93924 161 97190 594 97784 6 97790 2 98587 73 98660 255 98915 1085
18 0 1633 1633 2322 3955 11626 15981 2852 18833 1 18834 1 26835 2804 29639 787 30426 437 30922 4 30926 10 30937 16633 47570 7740 55310 10418 65728 26425 95018 2852 97870 1479 99349 651
10 0 1029 1029 6393 7422 71 7493 289 10484 4171 14655 2186 16841 661 18030 5913 23943 46442 70385 29615
10 0 35074 35074 5495 40569 782 66484 9344 75828 4125 79953 7436 92198 5310 97508 819 98327 385 98712 1288
