10000 115
3 0 1440 1440 2635 4075 5925
6 0 401 401 516 917 2 9525 342 9867 126 9993 7
6 0 530 530 1156 1686 1531 4846 3281 8127 1215 9342 658
3 0 1853 1853 2603 4456 5544
3 0 3567 3567 1370 4937 5063
3 0 7446 7446 20 7466 2534
7 0 2371 2371 2174 4545 2888 7782 839 8621 629 9250 339 9589 411
6 0 2134 2134 1520 3654 2 7282 383 7665 1809 9474 526
9 0 312 312 3 315 1 8102 578 8680 262 8942 107 9294 351 9645 144 9789 211
11 0 16 16 65 170 5981 6151 2254 8405 293 9126 322 9448 50 9498 53 9551 26 9918 52 9970 30
4 0 4221 4221 2010 6231 2913 9144 856
4 0 840 840 3399 4239 997 5236 4764
3 0 1828 1828 3388 5216 4784
3 0 2174 2174 999 3173 6827
9 0 896 896 4464 5360 1930 7870 111 7981 248 8229 1002 9301 75 9376 42 9418 582
7 0 2099 2099 428 2527 2286 5341 1170 6511 504 7015 1413 8428 1572
6 0 775 775 1895 2670 6685 9552 79 9631 268 9899 101
3 0 2650 2650 690 3340 6660
3 0 4053 4053 591 4644 5356
6 0 3794 3794 8 3802 6 6516 71 6587 99 6686 3314
4 0 2196 2196 1791 3987 575 4562 5438
6 0 6254 6254 48 6302 928 9204 712 9916 52 9968 32
3 0 1543 1543 3114 4657 5343
10 0 451 451 2355 2806 976 4020 2301 6321 736 7057 817 7874 1510 9676 93 9769 6 9775 225
4 0 5784 5784 381 6165 673 9986 14
7 0 964 964 1 965 1 3568 776 4344 1719 6063 1521 7584 2416
3 0 2913 2913 779 3692 6308
3 0 1650 1650 6341 7991 2009
3 0 5216 5216 176 5392 4608
6 0 2066 2066 1 2067 1 5357 1978 7335 195 7530 2470
3 0 5432 5432 3125 8557 1443
3 0 3602 3602 534 4136 5864
3 0 4718 4718 341 5059 4941
4 0 1278 1278 4114 5392 693 6085 3915
3 0 3133 3133 1190 4323 5677
4 0 113 113 3139 3252 407 3659 6341
3 0 1596 1596 1730 3326 6674
6 0 4150 4150 1613 5763 1244 8823 604 9427 187 9614 386
6 0 1768 1768 357 2125 2 4459 2686 7145 564 7709 2291
6 0 2184 2184 773 2957 252 7374 182 7556 595 8151 1849
7 0 344 344 450 794 76 2836 3612 6448 2317 8765 808 9573 427
7 0 35 35 142 177 675 857 2346 3203 4504 7707 72 9840 160
6 0 1587 1587 312 1899 20 8013 738 8751 173 8924 1076
4 0 4550 4550 944 5494 3682 9362 638
4 0 2803 2803 224 3027 2455 5482 4518
3 0 519 519 1567 2086 7914
4 0 2457 2457 684 3141 2775 9739 261
9 0 2132 2132 174 2306 2121 5127 100 5227 126 5353 20 5645 1416 7061 2189 9250 750
4 0 571 571 2438 3009 6779 9905 95
4 0 7045 7045 866 7911 1547 9458 542
10 0 592 592 122 714 363 1077 14 3317 1032 4349 123 4472 5 9451 70 9521 325 9846 154
6 0 4106 4106 1296 5402 39 9143 367 9510 245 9755 245
6 0 781 781 1 782 1 7771 1247 9018 944 9962 38
6 0 9 9 16 25 9 766 921 1687 227 1914 8086
4 0 5300 5300 722 6022 2182 8204 1796
3 0 3913 3913 3935 7848 2152
6 0 3872 3872 578 4450 2490 6940 574 9515 161 9676 324
4 0 2812 2812 2675 5487 890 6377 3623
7 0 2109 2109 1662 3771 2064 6468 2041 8509 118 8627 360 8987 1013
7 0 2321 2321 974 3295 3260 6869 462 7331 1719 9050 335 9894 106
3 0 4012 4012 1811 5823 4177
3 0 612 612 3003 3615 6385
7 0 5133 5133 13 5146 1 9097 414 9511 24 9535 41 9576 424
7 0 412 412 30 442 8 1984 1347 3331 1471 4802 92 4894 5106
6 0 2246 2246 6 2252 1 4306 998 5304 3250 8554 1446
3 0 295 295 7085 7380 2620
6 0 2066 2066 180 2246 175 4683 679 5362 1024 6386 3614
7 0 3604 3604 30 3634 1743 5377 1708 9101 320 9421 115 9536 464
3 0 6435 6435 1487 7922 2078
6 0 3439 3439 727 4166 2645 8209 655 8864 749 9613 387
6 0 34 34 233 267 1 6714 42 6756 367 7123 2877
4 0 2944 2944 1672 4616 4158 8774 1226
4 0 4424 4424 853 5277 3184 8461 1539
4 0 2110 2110 1773 3883 821 4704 5296
4 0 1249 1249 4531 5780 660 6440 3560
7 0 4423 4423 1378 5801 1225 9050 471 9521 46 9567 356 9923 77
6 0 2338 2338 2 2340 6 7571 1486 9057 641 9698 302
7 0 276 276 580 856 1251 2108 4329 6437 553 6990 1462 8452 1548
7 0 120 120 581 701 605 1306 817 2854 459 3313 1132 4445 5555
4 0 6099 6099 1036 7135 586 7721 2279
6 0 348 348 2438 2786 3164 6817 332 7149 1068 8217 1783
4 0 2127 2127 5658 7785 1794 9843 157
4 0 1258 1258 550 1808 27 1835 8165
7 0 987 987 11 998 149 9261 11 9272 357 9629 206 9835 165
3 0 1163 1163 1219 2382 7618
7 0 3742 3742 1768 5510 3313 8823 619 9518 120 9638 204 9842 158
4 0 1864 1864 1772 3636 4652 8288 1712
11 0 318 318 267 585 311 896 5 2046 1546 3592 879 4471 4014 9595 21 9616 97 9713 16 9729 271
7 0 2969 2969 1171 4140 1397 5766 969 6735 180 6915 1129 8044 1956
4 0 4969 4969 3182 8151 639 8790 1210
10 0 403 403 495 898 4252 5291 121 5412 390 5802 290 7283 1236 8519 200 8719 579 9298 702
7 0 1822 1822 232 2054 1298 3352 4546 8995 893 9888 2 9890 110
6 0 792 792 1 793 1 2112 5729 7841 1045 8886 1114
4 0 1785 1785 958 2743 454 3197 6803
3 0 2027 2027 947 2974 7026
3 0 3899 3899 1931 5830 4170
6 0 535 535 1 536 1 8465 127 8592 224 8816 1184
4 0 153 249 6147 6396 800 7196 2804
4 0 4815 4815 3910 8725 1189 9914 86
6 0 3935 3935 1 3936 1 8482 461 8943 477 9420 580
6 0 131 131 625 756 216 1605 5161 6766 444 7210 2790
6 0 1084 1084 7 1091 1 2725 501 3226 5117 8343 1657
6 0 930 930 442 1372 3862 9269 236 9505 49 9554 446
6 0 559 559 350 909 4114 5089 2854 7943 53 7996 2004
6 0 2526 2526 1864 4390 2871 9103 66 9169 748 9917 83
6 0 4466 4466 497 4963 1423 8137 666 8803 527 9330 670
3 0 1054 1054 7082 8136 1864
6 0 2162 2162 824 2986 2230 6151 136 6287 2788 9075 925
7 0 3679 3679 1947 5626 699 6325 2502 9775 25 9800 60 9860 140
6 0 3799 3799 2025 5824 2162 8251 1120 9371 563 9934 66
3 0 52 52 6056 6108 3892
4 0 2202 2202 784 2986 2790 5776 4224
6 0 5926 5926 936 6862 840 8241 317 8558 794 9352 648
6 0 3216 3216 8 3224 1 5626 2287 7913 78 7991 2009
4 0 6322 6322 1817 8139 1620 9759 241
