100000 565
3 0 12116 12116 26263 38379 61621
6 0 33932 33932 5819 39751 2391 76041 9837 85878 7286 93164 6836
6 0 15702 15702 2169 17871 1469 38497 13304 51801 26237 78038 21962
8 0 2309 2309 918 3227 7234 17957 39932 57889 13576 71465 25946 99037 948 99985 15
6 0 10786 10786 56159 66945 17864 86473 9256 95729 542 96271 3729
6 0 37099 37099 537 37636 691 75306 8780 84086 5373 89459 10541
6 0 594 594 1 595 1 33202 49893 83095 6402 89497 10503
6 0 20616 20616 4726 25342 10642 55333 29571 84904 8710 93614 6386
7 0 8847 8847 1 8848 1 25671 27862 53533 3305 56838 36361 93199 6801
8 0 11589 11589 16563 28152 28701 64631 18116 82747 11991 94738 4493 99376 549 99925 75
7 0 20259 20259 20526 40785 52 84159 3575 87734 5195 92929 2014 94943 5057
3 0 27306 27306 17863 45169 54831
3 0 81011 81011 1628 82639 17361
3 0 36142 36142 27833 63975 36025
17 0 12970 12970 2994 15964 565 16529 20704 40210 293 40503 9502 50005 11020 66179 9918 76097 398 76495 1098 79309 2153 81462 2614 84076 1433 85509 5049 91297 5547 96844 19 96863 3137
9 0 6894 6894 318 7212 4806 17725 27133 44858 1113 45971 1232 60523 2008 62531 13244 75775 24225
4 0 47603 47603 4335 51938 20778 72716 27284
5 0 22163 22163 12231 34394 20992 55386 44398 99952 48
7 0 2561 2561 10058 12619 1055 13674 1080 28803 3178 31981 13941 45922 54078
12 0 13316 13316 20957 34273 880 51286 600 51886 1761 53647 11988 74795 5401 80196 8152 88348 9159 97828 201 98029 312 98341 1659
6 0 42069 42069 9935 52004 6345 83258 4989 88247 3628 91875 8125
7 0 52973 52973 5944 58917 35418 97296 484 97780 835 98615 983 99844 156
7 0 4463 4463 8485 12948 1107 14055 20932 35156 38986 74142 2654 76796 23204
6 0 18310 18310 1093 19403 702 92221 4479 96700 1367 98067 1933
15 0 6431 6431 582 7013 702 9897 307 10204 928 11132 1709 12841 664 17249 6537 23786 9234 33020 5158 38178 58062 97357 426 97783 708 98491 78 98569 1431
3 0 83714 83714 3458 87172 12828
3 0 17786 17786 49720 67506 32494
11 0 18192 18192 1 18193 1 66657 8058 74715 402 75117 921 86083 3040 89123 3029 92152 11 97867 640 98507 1493
9 0 11489 11489 16 11505 325 17699 30646 48345 7931 56276 5067 73008 15062 88070 10611 98681 1319
6 0 34130 34130 14520 48650 8958 59261 26091 85352 11012 96364 3636
7 0 21449 21449 23 21472 43 53099 17267 70366 25576 95942 3104 99046 954
6 0 37623 37623 1182 38805 45018 87756 6356 94112 624 94736 5264
3 0 36424 36424 22411 58835 41165
10 0 1682 1682 2482 4164 16311 20475 14214 41717 12536 54253 2293 56546 15 78290 7677 85967 193 86160 13840
7 0 30075 30075 2418 32493 3093 48713 263 48976 10229 59205 2397 61602 38398
9 0 7391 7391 1 7392 1 26255 16453 42708 20872 63580 30805 98132 799 98931 706 99637 363
9 0 420 420 1 421 1 6828 38944 45772 24350 70122 7841 79952 7259 87211 7879 95090 4910
7 0 6591 6591 9799 16390 14121 30511 16585 64765 12874 77639 2326 79965 20035
9 0 5453 5453 15066 20519 12963 42276 10336 52612 11322 63934 22275 87189 974 88163 5167 93330 6670
7 0 13539 13539 17742 31281 4227 73903 7587 81490 5881 87371 1094 88465 11535
3 0 48629 48629 24721 73350 26650
3 0 42990 42990 42846 85836 14164
3 0 70500 70500 24122 94622 5378
3 0 26469 26469 38467 64936 35064
7 0 24150 24150 38954 63104 5281 84467 3547 88014 7724 95738 249 95987 4013
6 0 16236 16236 3922 20158 45565 67529 16257 83786 3747 87533 12467
6 0 19047 19047 7840 26887 6397 47537 39142 86679 5766 92445 7555
4 0 48728 48728 11913 60641 2240 62881 37119
13 0 21183 21183 23138 44321 5319 49640 10642 61230 6832 68062 1 68063 1 89450 1625 91075 105 91180 180 96210 1276 97486 1565 99051 949
10 0 36769 36769 4833 41602 5738 59090 1658 60748 2023 62771 651 63422 32677 96175 1834 98009 338 98347 1653
5 0 25338 25338 3553 28891 243 29134 65516 99968 32
9 0 12590 12590 12 12602 4 31321 26025 57346 12584 69930 1334 92004 4084 96088 375 96463 3537
10 0 4825 4825 1322 6147 4884 11808 11110 22918 20183 43101 1287 44388 10462 59216 16249 75465 15298 90763 9237
9 0 36668 36668 71 36739 316 53512 11991 65503 13052 78555 215 97129 216 97345 523 97868 2132
7 0 3999 3999 1 4000 1 25542 10109 35651 5857 41508 58107 99881 119
6 0 2618 2618 839 3457 134 3662 36616 40278 17552 57830 42170
12 0 11507 11507 3473 14980 3600 30666 7970 38636 1 38637 1 55099 15667 70766 10201 80967 2652 85607 8997 94604 4799 99403 597
16 0 714 714 623 1337 30 2870 1356 4226 3379 7605 100 11523 19210 30733 24553 55286 297 66710 75 66785 47 66832 1 82801 1344 84145 967 85112 760 85872 14128
12 0 9532 9532 2957 12489 22536 35025 31752 66781 1402 68183 662 68845 800 69645 3566 76267 9447 85714 859 86573 1015 87588 12412
7 0 23658 23658 14815 38473 47750 98088 334 98422 89 98511 809 99320 680
7 0 37020 37020 18 37038 62 64487 4586 69073 21927 91000 3952 99249 751
4 0 44219 44219 22330 66549 24493 91042 8958
7 0 17551 17551 7295 24846 1533 26379 6177 47933 13270 61203 7552 68755 31245
12 0 16927 16927 5411 22338 7724 31914 36996 68910 775 69685 3156 88247 682 88929 4 88933 33 92658 3256 95914 2586 98500 1500
8 0 48297 48297 285 48582 14933 63515 5996 71253 393 71646 11369 83015 5827 88842 11158
4 0 62679 62679 51 62730 14948 77678 22322
10 0 7312 7312 8905 16217 16176 36093 5297 41390 3699 45089 30731 76196 10685 86881 4960 91841 1456 93297 6703
9 0 23285 23285 4505 27790 3749 59461 8122 67583 20 67603 40 83776 3370 87146 6646 93792 6208
10 0 816 816 2574 3390 22943 30022 9477 39499 11205 50704 9547 60435 11065 71500 1152 72652 8248 80900 19100
3 0 12849 12849 15647 28496 71504
3 0 209 209 12839 13048 86952
5 0 17460 17460 9856 27316 34 97184 1839 99023 977
9 0 1236 1236 1 1237 1 7930 4836 12766 1121 13887 132 19152 19834 38986 5867 44853 55147
6 0 641 641 2 643 10 1133 66027 67160 6742 73902 26098
4 0 70122 70122 382 70504 5472 98817 1183
6 0 50170 50170 5026 55196 1821 73490 18593 92083 1055 93138 6862
3 0 62544 62544 10466 73010 26990
3 0 19090 19090 22353 41443 58557
11 0 28401 28401 1 28402 2 90280 911 91191 40 91231 6 95463 1401 96864 454 97318 1108 98426 634 99876 124
3 0 68374 68374 6422 74796 25204
3 0 8737 8737 65935 74672 25328
6 0 37022 37022 3 37025 1 84989 3113 88102 1994 90096 9904
9 0 17136 17136 1 17137 1 67478 15172 82650 8714 91364 7430 99129 342 99471 222 99693 307
9 0 1716 1716 1 1717 2 10612 16845 27457 25843 53300 43779 98006 1001 99007 891 99898 102
3 0 12883 12883 3597 16480 83520
3 0 51442 51442 15637 67079 32921
6 0 411 411 5392 5803 2 62519 28167 90686 1021 91707 8293
10 0 1692 1692 44 1736 378 4744 35760 40504 33542 74046 20313 94530 2891 97421 1419 98840 254 99094 906
3 0 9192 9192 73575 82767 17233
6 0 45553 45553 10703 56256 10126 83597 5569 89166 397 89563 10437
6 0 46486 46486 1789 48275 5806 64608 18811 83419 11703 95122 4878
10 0 4691 4691 3579 8270 5532 19635 226 19861 1680 21541 2599 24140 2 38028 5687 43715 7852 51567 48433
10 0 1693 1693 994 2687 6419 9165 6384 15549 5372 20921 9857 30778 330 37099 1484 38583 20678 59261 40739
6 0 17829 17829 12823 30652 15856 64160 23682 87842 3827 91669 8331
10 0 5773 5773 28450 34223 4043 38972 74 39046 14832 53878 5118 58996 12256 81540 6006 87546 1379 88925 11075
6 0 37941 37941 29596 67537 7306 95469 23 95492 1531 97023 2977
6 0 4390 4390 749 5139 2 24095 8064 32159 11921 44080 55920
10 0 830 830 23 853 6 3797 4376 8173 29323 37496 2793 40289 5298 81994 4183 86177 6555 92732 7268
7 0 81244 81244 4876 86120 4648 90768 3531 95019 2702 97721 625 98346 1654
3 0 40708 40708 12162 52870 47130
11 0 13417 13417 2828 16245 1556 36505 14226 50731 1341 52072 1265 53337 16633 78407 5626 84033 10642 94675 3464 98139 1861
9 0 699 699 1929 2628 9100 14068 20410 34478 17318 51796 15574 69917 3738 73655 19302 92957 7043
6 0 22223 22223 1884 24107 36438 98558 1087 99645 84 99729 271
7 0 8515 8515 7395 15910 50180 66090 23387 89500 5731 95231 241 95472 4528
6 0 6974 6974 1 6975 1 40529 14209 54738 22672 77410 22590
10 0 3668 3668 1531 5199 462 5738 28216 33954 25521 59475 661 60136 10939 88424 638 89062 1173 90235 9765
6 0 36889 36889 17949 54838 32257 89763 5929 95692 2460 98152 1848
6 0 10036 10036 2000 12036 10412 40180 9021 49201 8601 57802 42198
3 0 13694 13694 39782 53476 46524
7 0 296 296 36756 37052 31651 91379 5579 96958 2327 99285 337 99622 378
10 0 32184 32184 2663 34847 2776 37623 5113 53857 61 53918 467 54385 1696 56151 914 57065 15089 72154 27846
6 0 17477 17477 14157 31634 4718 37630 38908 76538 14102 90640 9360
6 0 2029 2029 1 2030 1 41957 693 42650 15668 58318 41682
9 0 625 625 1002 1627 251 1930 39891 41821 10399 52220 21072 77659 15252 92911 1757 94668 5332
3 0 46304 46304 15610 61914 38086
6 0 20231 20231 10319 30550 27388 62448 8066 70514 8167 78681 21319
6 0 18032 18032 1 18033 1 93047 4022 97069 2740 99809 191
7 0 7263 7263 10241 17504 85 17844 22808 40652 11643 52295 1593 53888 46112
4 0 12485 12485 38400 50885 48265 99808 192
13 0 9112 9112 5617 14729 1618 16347 2935 20040 5730 25770 7198 32968 13919 54623 20118 74741 912 75653 453 84333 805 85138 5588 90726 9274
9 0 4048 4048 22892 26940 9266 61770 25 61795 3992 65787 1939 74731 18829 93560 3894 97454 2546
10 0 4407 4407 2757 7164 818 7982 6770 16329 10329 26658 5080 31738 19711 59285 9738 69023 11953 80976 19024
6 0 12395 12395 48 12443 22 47560 15627 63187 1669 64856 35144
12 0 1855 1855 1946 3801 206 5554 1120 6674 561 7235 49 9229 15120 24349 33686 58035 29537 89315 6660 95975 3554 99529 471
8 0 15346 15346 22892 38238 196 38434 33011 78320 11750 90070 3901 93971 4357 98328 1672
16 0 1695 1695 1358 3053 12429 32174 2451 34625 38 34663 363 38687 13148 51835 7858 59693 3250 63574 2584 66158 1 66159 1 74795 2667 77462 5999 83461 841 84302 15698
11 0 427 427 1 428 1 36639 20437 57076 5956 63032 16672 79704 922 86629 5614 92243 1422 93665 5763 99428 572
9 0 22497 22497 19561 42058 45339 88316 7760 96076 354 96430 307 98529 121 98650 777 99427 573
4 0 2499 2499 37603 40102 42397 99935 65
7 0 396 396 9753 10149 1302 11451 1476 15595 39286 54881 20996 75877 24123
7 0 1337 1337 30 1367 560 5754 50251 56005 3078 59083 33640 92723 7277
7 0 37451 37451 31819 69270 24913 97551 877 98428 97 98525 1171 99696 304
6 0 7299 7299 1 7300 1 74401 5787 80188 9468 89656 10344
6 0 1957 1957 16 1973 50 5644 25406 31050 57418 88468 11532
3 0 6873 6873 60168 67041 32959
10 0 14784 14784 1007 15791 4475 20266 1220 23878 47967 71845 84 71929 85 90990 3654 94644 2229 96873 3127
9 0 15821 15821 4 15825 2 26470 16951 43421 1 43422 1 81408 1570 82978 5497 88475 11525
6 0 45613 45613 1 45614 2 83090 6269 89359 6281 95640 4360
14 0 2615 2615 303 2918 5905 8823 5978 25862 619 26481 136 26617 2783 29400 5340 40438 6111 46549 18136 64685 23124 97610 1149 98759 599 99358 642
6 0 655 655 2361 3016 25014 30556 40193 70749 14709 85458 14542
3 0 53060 53060 39545 92605 7395
7 0 49835 49835 904 50739 1949 52688 6686 94031 237 94268 2981 97249 2751
7 0 7305 7305 6721 14026 3403 17429 20751 49000 36667 85667 6539 92206 7794
3 0 3533 3533 4599 8132 91868
3 0 1857 1857 8116 9973 90027
9 0 19554 19554 17992 37546 14327 58970 1709 60679 14700 75379 23827 99491 50 99541 304 99845 155
14 0 2358 2358 5101 7459 73 11039 11408 22447 3383 25830 8280 34110 16557 51438 883 52321 6149 58470 2273 60743 25197 94152 4547 98699 1125 99824 176
4 0 32001 32001 24899 56900 37927 98941 1059
4 0 20561 20561 25622 46183 8692 54875 45125
6 0 9178 9178 22328 31506 3872 86866 5826 92692 6115 98807 1193
6 0 1564 1564 2 1566 1 27173 42710 69883 13859 83742 16258
3 0 70076 70076 2195 72271 27729
7 0 734 734 47085 47819 6353 83766 4558 88324 199 88523 8552 97075 2925
8 0 12525 12525 894 13419 6859 20278 2 65651 15208 80859 108 80967 1412 82379 17621
10 0 3008 3008 5 3013 1397 4410 558 6029 6615 12644 1246 13890 4668 19930 56604 76534 7821 84355 15645
3 0 87750 87750 11743 99493 507
3 0 68773 68773 6196 74969 25031
6 0 32000 32000 26231 58231 926 72862 16310 89172 2548 91720 8280
4 0 21097 21097 13052 34149 41098 98875 1125
6 0 20854 20854 139 20993 1 43800 13626 57426 4068 61494 38506
4 0 20869 20869 46565 67434 730 68164 31836
3 0 46478 46478 41383 87861 12139
7 0 2829 2829 1 2830 1 68847 7047 75894 3684 79578 13724 93302 6698
9 0 4548 4548 5221 9769 7017 26225 10600 36825 737 37562 4972 55788 26197 81985 11636 93621 6379
7 0 52910 52910 1394 54304 10275 64579 19640 95936 895 96831 1446 98277 1723
9 0 6629 6629 1 6630 1 72683 3100 75783 205 75988 389 80295 5354 85649 1666 87315 12685
7 0 1 6387 3850 10237 865 11102 83505 98047 955 99002 110 99112 888
3 0 32255 32255 34404 66659 33341
7 0 23209 23209 2524 25733 9632 61171 15038 76209 8544 84753 287 85040 14960
12 0 4094 4094 1363 5457 4402 41351 7892 49243 5806 55049 14212 69261 25561 97232 530 98249 700 98949 103 99052 610 99662 338
7 0 2953 2953 2627 5580 64044 74848 14393 89241 1353 90594 8416 99930 70
7 0 38961 38961 13285 52246 9758 64617 14710 79327 9613 88940 657 89597 10403
6 0 26027 26027 8749 34776 3886 41327 44781 86108 2414 88522 11478
6 0 4340 4340 10181 14521 65150 79949 2406 82355 1377 83732 16268
5 0 51176 51176 2288 53464 2601 97486 717 98203 1797
7 0 14976 14976 37 15013 13 29957 39523 69480 5844 75324 22064 99479 521
3 0 25389 25389 24996 50385 49615
3 0 22819 22819 13812 36631 63369
10 0 1785 1785 40610 42395 23272 66187 12222 78409 1843 80252 712 92842 1265 94107 895 95002 1674 96676 3324
6 0 18482 18482 20 18502 44 48011 13611 61622 32104 93726 6274
12 0 13256 13256 6052 19308 8830 46725 385 47110 28 47138 1 85642 6275 91917 16 91933 5 96826 203 97029 2461 99490 510
11 0 32365 32365 4672 37037 2863 39900 7110 47089 614 47703 4116 51819 36188 88007 3789 96663 2217 98880 731 99611 389
6 0 27245 27245 35060 62305 27188 96501 672 97173 1921 99094 906
9 0 30572 30572 21587 52159 161 68653 1568 70221 2 70223 1 86046 8034 94080 912 94992 5008
7 0 29179 29179 67 29246 52 46017 7579 53596 9049 62645 9164 71809 28191
3 0 20562 20562 32772 53334 46666
4 0 14963 14963 8508 23471 14062 37533 62467
6 0 21116 21116 1 21117 1 31402 1674 33076 22474 55550 44450
12 0 7845 7845 5199 13044 2 40893 4994 45887 1 45888 1 77741 4803 82544 1 82545 1 98066 772 98838 101 98939 1061
9 0 21041 21041 29091 50132 18211 77185 904 78089 428 78517 1109 81386 8723 90109 8606 98715 1285
7 0 1320 1320 538 1858 32330 50784 14947 65731 13513 79244 2945 82189 17811
9 0 28471 28471 803 29274 1868 41252 5045 46297 7565 53862 72 91320 4823 96143 2013 98156 1844
3 0 3104 3104 41121 44225 55775
3 0 80094 80094 3891 83985 16015
3 0 34565 34565 32772 67337 32663
3 0 14720 14720 75013 89733 10267
4 0 76576 76576 13010 89586 8393 97979 2021
12 0 19749 19749 566 20315 602 58933 940 59873 440 60313 7296 67626 10375 78001 3013 81014 1672 84472 9177 93649 2663 96312 3688
14 0 6436 6436 29262 35698 26941 63629 4020 67649 309 67958 4075 93338 594 93932 1 93933 4 97426 248 97674 2042 99716 158 99947 6 99953 47
9 0 8348 8348 21286 29634 29835 60413 23631 84044 7586 91630 1891 93572 1265 94837 110 94947 5053
7 0 32897 32897 1 32898 1 81741 7122 88863 550 89413 10573 99986 14
10 0 3881 3881 1266 5147 7263 12835 4596 17431 1 17432 1 32724 20331 53055 25493 78548 6357 84905 15095
4 0 62765 62765 1695 64460 16862 81322 18678
8 0 29521 29521 18542 48063 4158 52221 32669 86143 6504 92647 1961 94608 2805 97413 2587
7 0 4763 4763 17316 22079 22237 44316 999 53474 13810 67284 107 67391 32609
6 0 60196 60196 1112 61308 29556 96901 427 97328 719 98047 1953
7 0 24583 24583 4842 29425 8281 37706 22899 61688 2872 64560 9082 73642 26358
4 0 11806 11806 33729 45535 53049 99897 103
3 0 31119 31119 1982 33101 66899
6 0 6493 6493 11386 17879 2254 62508 14619 77127 17763 94890 5110
6 0 1573 1573 3160 4733 51590 63193 22215 85408 214 85622 14378
6 0 11125 11125 4438 15563 7055 37747 19396 57143 6070 63213 36787
6 0 76696 76696 7840 84536 3647 89366 13 89379 7526 96905 3095
6 0 14492 14492 22632 37124 39431 87606 9216 96822 2954 99776 224
6 0 15728 15728 23746 39474 18604 71132 8229 79361 17708 97069 2931
6 0 21261 21261 5297 26558 173 54922 31924 86846 9260 96106 3894
6 0 4169 4169 43412 47581 26353 86454 9011 95465 3449 98914 1086
6 0 5739 5739 2 5741 2 18140 39385 57525 18833 76358 23642
15 0 294 294 1464 1758 696 3759 1683 5442 25881 31323 19236 51142 15272 66414 189 66603 703 76413 196 76609 428 77037 980 79572 4026 83598 3104 86702 13298
7 0 26319 26319 1493 27812 2800 43681 23693 67374 14372 81746 16918 99826 174
3 0 33133 33133 7442 40575 59425
7 0 57580 57580 184 57764 493 69691 23854 93545 545 94090 874 94964 5036
6 0 82 82 15951 16033 15046 50183 18835 69018 3501 72519 27481
10 0 18120 18120 3 18123 1 50039 20625 70664 6037 76701 250 98100 822 98922 54 98976 334 99310 690
7 0 30511 30511 4618 35129 18602 74317 13631 87948 811 88759 1348 90107 9893
3 0 40119 40119 28039 68158 31842
7 0 26135 26135 22333 48468 14951 81047 10324 91371 737 92108 7080 99188 812
12 0 6944 6944 27286 34230 11134 49561 2535 52096 2861 54957 18 59063 13730 72793 6981 79774 15180 97531 1563 99094 156 99250 750
4 0 57402 57402 1966 59368 15990 75358 24642
8 0 14986 14986 1 14987 1 66339 1487 67826 458 69424 20052 89476 1541 91017 8983
7 0 2143 2143 715 2858 340 3198 5594 12153 44417 56570 29059 85629 14371
4 0 43301 43301 9030 52331 22880 99300 700
7 0 60487 60487 5180 65667 975 77744 15012 92756 2008 94764 4563 99327 673
9 0 27473 27473 2666 30139 18851 74059 195 74254 1 74255 1 96380 1329 97709 1827 99536 464
9 0 2517 2517 1884 4401 9639 14040 28 25805 53957 79762 2438 82200 13230 98972 642 99614 386
7 0 70203 70203 336 70539 8951 79490 5817 87359 2316 89675 1177 90852 9148
10 0 23107 23107 4343 27450 9080 58192 5190 63382 4319 67701 2989 70690 10336 83147 6576 89723 764 90487 9513
6 0 34590 34590 21828 56418 10713 71782 9360 81142 2207 83349 16651
3 0 5177 5177 14432 19609 80391
6 0 16356 16356 8 16364 1 76151 20121 96272 1925 98197 1803
3 0 40153 40153 44031 84184 15816
8 0 2631 2631 2969 5600 13434 19034 27241 85991 2774 88765 1396 90161 8127 98288 1712
10 0 681 681 16265 16946 3137 37701 29366 67067 7348 74415 10939 92225 1588 93813 2903 96716 1590 98306 1694
14 0 1557 1557 3465 5022 2502 8775 16867 25642 1207 26849 350 74337 5470 79807 5215 85022 5004 90026 4210 96103 3 96106 3137 99243 2 99245 755
6 0 33676 33676 51020 84696 8237 93979 1466 95445 599 96044 3956
7 0 19310 19310 34325 53635 13413 67048 13842 86976 6583 93559 6016 99575 425
3 0 70206 70206 16769 86975 13025
3 0 21506 21506 867 22373 77627
9 0 11216 11216 117 11333 3 85956 1088 87044 4341 91385 1930 94390 950 95340 2645 97985 2015
6 0 23838 23838 29374 53212 1993 82532 12652 95184 4017 99201 799
9 0 12926 12926 262 13188 190 25609 4023 29632 1 29633 1 97852 1202 99054 666 99720 280
7 0 5438 5438 9860 15298 3216 18514 10854 29467 24648 54115 6367 60482 39518
4 0 4969 4969 45469 50438 18799 69237 30763
6 0 8046 8046 59314 67360 11861 96584 50 96634 43 96677 3323
4 0 17071 17071 1044 18115 76413 94528 5472
6 0 24586 24586 1 24587 1 90223 290 90513 6427 96940 3060
12 0 2347 2347 58 2405 296 20074 221 20295 75 20370 83 21291 22126 43417 31178 74595 5044 96330 815 97145 1083 98228 1772
4 0 19996 19996 47617 67613 12048 79661 20339
3 0 38203 38203 51772 89975 10025
4 0 65783 65783 14019 79802 5989 85791 14209
7 0 49442 49442 26 49468 205 85378 4272 89650 1187 90837 4493 95330 4670
6 0 5359 5359 1 5360 1 93874 4736 98610 49 98659 1341
6 0 1304 1304 80 1384 93 3230 25596 28826 59459 88285 11715
3 0 44169 44169 31798 75967 24033
10 0 25359 25359 8032 33391 1155 57690 12219 69909 1 69910 1 90903 3893 94796 27 94823 1770 96593 3407
6 0 2690 2690 32484 35174 19097 62603 17367 79970 2948 82918 17082
6 0 5405 5405 4071 9476 936 15305 19572 34877 15863 50740 49260
3 0 8935 8935 64504 73439 26561
10 0 20839 20839 1 20840 1 47514 523 48037 1 48038 1 92202 1419 93621 229 93850 122 93972 6028
9 0 3784 3784 2970 6754 2638 18571 7891 26462 1295 27757 20106 47984 25098 73082 26538 99620 380
7 0 5278 5278 1 5279 1 53159 1360 54519 31410 85929 13303 99232 768
15 0 1900 1900 775 2675 482 3157 186 3736 709 4577 33292 37869 5029 42898 5312 48210 23925 75586 7173 82759 240 82999 121 92767 3462 96229 2060 98289 1711
4 0 62721 62721 3989 66710 30125 96835 3165
7 0 7821 7821 21768 29589 33495 67059 12388 79447 860 80307 16602 97358 2642
6 0 21980 21980 1 21981 1 60184 10496 70680 1797 72477 27523
6 0 6922 6922 50562 57484 22410 90753 8156 98909 732 99641 359
4 0 46049 46049 192 46241 43069 89310 10690
6 0 58403 58403 5785 64188 16554 90171 5798 95969 1755 97724 2276
9 0 11286 11286 9107 20393 15193 44143 9358 53501 224 53725 315 61349 8434 69783 12249 82032 17968
7 0 4730 4730 24000 28730 15219 43949 11227 59394 8121 67515 4712 72227 27773
3 0 56282 56282 18150 74432 25568
6 0 14154 14154 19654 33808 7498 56199 24623 80822 1973 82795 17205
21 0 588 588 2811 3399 2157 7102 16657 23759 968 24727 4135 33167 1274 34441 2 34443 1 37031 2282 39313 284 39597 684 40281 319 41240 13553 54793 10998 65791 6718 72509 16196 91958 2602 94560 776 95336 397 95733 4267
3 0 14107 14107 47614 61721 38279
12 0 9789 9789 3041 12830 2019 39405 8143 47548 695 48243 2634 75530 64 75594 8065 83659 4327 92051 1146 93197 1884 95081 4919
6 0 27872 27872 5077 32949 51563 86008 463 86471 220 86691 13309
7 0 3707 3707 4657 8364 7577 15941 43109 67692 11365 79057 10268 89325 10675
3 0 18494 18494 70330 88824 11176
4 0 6633 6633 8611 15244 8724 23968 76032
3 0 82030 82030 1746 83776 16224
11 0 8313 8313 27028 35341 6141 41482 27552 77893 3334 81227 4768 85995 7091 93890 1672 95562 562 96124 291 96415 3585
10 0 4044 4044 2038 6082 214 6296 6686 16912 3634 20546 8472 29018 38160 68364 8973 77337 4528 81865 18135
6 0 27368 27368 10381 37749 5706 66305 25855 92160 3780 95940 4060
11 0 3926 3926 4132 8058 4 35637 25770 61407 8677 70084 2041 89848 204 90052 22 91543 1740 93283 367 93650 6350
6 0 22013 22013 24233 46246 22280 72042 4104 76146 19073 95219 4781
3 0 17796 17796 5962 23758 76242
10 0 19530 19530 33 19563 467 46774 2869 49643 9722 59365 22753 82118 4418 98345 797 99142 482 99624 376
8 0 30407 30407 3945 34352 8775 43127 20348 79682 9109 88791 4698 93489 3161 96650 3350
6 0 25082 25082 6006 31088 3088 78583 9866 88449 11032 99481 519
5 0 26025 26025 63826 89851 7352 98803 60 98863 1137
6 0 9639 9639 2 9641 1 48634 1112 49746 8463 58209 41791
13 0 6668 6668 798 7466 380 7993 52833 60826 21 60847 481 79824 2392 82216 2241 84457 9145 96846 165 97011 460 97471 906 98377 1623
4 0 29081 29081 1883 30964 1378 32342 67658
3 0 45524 45524 39917 85441 14559
3 0 34249 34249 39509 73758 26242
9 0 8276 8276 1 8277 1 90789 2959 93748 1859 95607 382 96238 2055 98293 318 98611 1389
10 0 4035 4035 1134 5169 976 7573 11924 19497 22308 41805 53748 95780 1454 97234 389 97623 2248 99871 129
6 0 21954 21954 3645 25599 33124 72607 19564 92171 2316 94487 5513
10 0 20001 20001 15934 35935 2821 39805 9105 48910 210 49120 139 53440 18538 71978 1823 73801 455 98752 1248
12 0 13228 13228 14 13242 25 25140 19286 44426 776 45202 2976 59208 18789 77997 6831 84828 7062 98884 548 99432 292 99724 276
7 0 1388 1388 8 1396 17 5149 21367 26516 31523 58039 29769 87808 12192
8 0 18819 18819 5537 24356 9344 33700 26017 64463 3451 67914 13609 81523 16367 99928 72
7 0 23290 23290 9584 32874 55299 90773 5362 96135 761 96896 349 97245 2755
4 0 54399 54399 15829 70228 1808 72036 27964
7 0 15568 15568 4017 19585 18449 45696 3254 48950 13124 62074 20132 82206 17794
11 0 461 461 1204 1665 11 6753 40042 46795 6720 53515 5557 89413 2055 91468 1456 92924 4939 97863 2099 99987 13
6 0 29192 29192 1 29193 2 45842 7247 53089 35919 89008 10992
8 0 2320 2320 717 3037 503 3540 7077 20172 34726 54898 9126 64024 16289 80313 19687
10 0 18760 18760 5470 24230 36092 60322 10553 94123 588 94711 125 95249 253 95502 3027 98529 1214 99860 140
6 0 48700 48700 9391 58091 5760 64738 27021 91759 1386 93145 6855
6 0 18570 18570 11433 30003 9731 57737 2122 59859 2031 61890 38110
7 0 30550 30550 3 30553 3 61290 10262 71552 7672 79224 5585 84809 15191
7 0 36331 36331 12035 48366 26921 75287 10573 98611 940 99551 252 99803 197
4 0 5587 5587 8280 13867 63164 77031 22969
6 0 13664 13664 1233 14897 2110 60208 12887 73095 18999 92094 7906
7 0 12008 12008 19958 31966 29324 71683 9033 80716 14315 95031 2604 99403 597
3 0 73211 73211 13950 87161 12839
10 0 15667 15667 18 15685 8 39982 20329 60311 5507 65818 227 94716 1742 96458 1453 97911 1647 99558 442
10 0 8367 8367 233 8600 4067 13324 15485 28809 6071 34880 5994 40874 14189 65451 16283 81734 16444 98178 1822
3 0 2735 2735 35681 38416 61584
6 0 39404 39404 11575 50979 6412 94503 2199 96702 1507 98209 1791
3 0 36136 36136 51143 87279 12721
3 0 15033 15033 11145 26178 73822
9 0 14246 14246 1 14247 1 62129 4699 66828 1329 68157 5972 83018 1660 84678 3469 88147 11853
8 0 3241 3241 545 3786 1422 5672 1109 6781 458 7794 13991 21785 12351 34136 65864
8 0 10856 10856 21706 32562 10668 43230 44989 92337 2430 94767 231 94998 617 95615 4385
9 0 205 205 896 1101 12131 19613 10184 29797 8335 38132 43190 86591 7002 93593 87 93680 6320
12 0 5525 5525 1 5526 4 10446 13523 23969 1 23970 1 68526 1967 70493 7904 78397 1611 80405 7542 87947 2940 90887 9113
4 0 67682 67682 10428 78110 20654 98764 1236
4 0 10704 10704 49338 60042 1367 61409 38591
10 0 5326 5326 1068 6394 966 11814 27428 39242 35773 75015 495 83441 7043 90484 4177 94661 1020 95681 4319
12 0 2770 2770 8041 10811 9 42166 10936 53102 3828 56930 18 68028 16081 84109 2629 86738 8813 95682 3541 99223 498 99721 279
6 0 37840 37840 7231 45071 5796 76131 3448 79579 4257 83836 16164
7 0 24042 24042 12217 36259 2453 38712 37810 85040 9724 94764 3354 98118 1882
3 0 30784 30784 67168 97952 2048
9 0 18333 18333 11310 29643 2040 50619 9882 60501 15384 75885 17689 96091 391 96482 222 96704 3296
8 0 5670 5670 61 5731 400 17761 5919 23680 49058 72738 12842 85580 14143 99957 43
4 0 21646 21646 11668 33314 52630 85944 14056
4 0 33869 33869 29791 63660 4528 68188 31812
8 0 4025 4025 11247 15272 29977 45249 8895 90195 51 90246 6513 96759 756 97515 2485
3 0 16383 16383 21133 37516 62484
3 0 58110 58110 36552 94662 5338
10 0 35324 35324 824 36148 851 47267 1370 48637 1 48638 1 96398 523 96921 1752 98673 210 98883 1117
3 0 77503 77503 10411 87914 12086
6 0 37387 37387 619 38006 281 76867 6397 83264 4922 88186 11814
14 0 4441 4441 3 4444 4 16398 8472 24870 1756 26626 8125 36853 9162 46015 4706 50721 10269 60990 29773 91854 1695 93549 3072 96621 402 97023 2977
9 0 13140 13140 6013 19153 2 64429 13434 77863 3149 81012 5534 89565 5923 95488 2075 97563 2437
9 0 15963 15963 2560 18523 294 19043 41132 60175 9544 69719 516 76337 6628 82965 4429 87394 12606
3 0 54484 54484 38876 93360 6640
8 0 6589 6589 37089 43678 27941 71619 22096 94469 2102 96571 1294 97865 179 98044 1956
9 0 36487 36487 1743 38230 15478 70458 1136 71594 6177 77771 9 91858 5091 96949 1884 98833 1167
6 0 10301 10301 1060 11361 1280 50237 3476 53713 12322 66035 33965
7 0 5089 5089 25 5114 99 7883 49863 57746 10491 68237 24194 92431 7569
6 0 27382 27382 25896 53278 29155 93041 3386 96427 2767 99194 806
7 0 55839 55839 3272 59111 13811 89213 4722 93935 506 94441 2320 96761 3239
13 0 9247 9247 1010 10257 11161 28936 8636 37572 6619 44191 5371 62919 12736 75655 4 75659 1 95374 193 96527 201 96728 1930 98658 1342
10 0 21714 21714 8646 30360 27272 72181 8092 80273 7315 87588 7940 95561 1045 96606 805 97411 185 97596 2404
9 0 17554 17554 17987 35541 1364 44905 1363 46268 272 46540 2030 54854 21855 76709 6166 82875 17125
4 0 78487 78487 16875 95362 2887 99712 288
8 0 20702 20702 2 20704 18 55175 6053 61228 8707 69935 6506 76441 21255 98167 1833
6 0 1374 1374 19 1393 373 3475 2126 5601 54517 60118 39882
7 0 10346 10346 6358 16704 62451 88060 3646 91706 5615 97321 490 97811 2189
13 0 11287 11287 5078 16365 3793 24146 19090 43236 22 43258 788 73458 9781 83239 2230 85469 3328 88797 2689 95762 143 95905 1647 97552 2448
6 0 11271 11271 2809 14080 20509 40150 29964 70114 10548 80662 19338
10 0 10875 10875 10063 20938 996 25659 11150 36809 1619 38428 10583 49011 164 73725 10746 84471 5679 90150 9850
9 0 2974 2974 2003 4977 3040 10062 5620 15682 1829 17511 155 19939 45655 65594 13971 79565 20435
13 0 621 621 563 1786 1201 2987 1398 4385 9836 17209 42704 59913 5092 65005 3597 68602 17516 95929 1244 97173 815 97988 855 98843 1157
7 0 244 824 7907 8731 9503 18234 2 50666 25328 75994 8189 84183 15817
7 0 38540 38540 7311 45851 5319 74006 4691 78697 5767 84464 5699 90163 9837
10 0 6542 6542 56369 62911 22004 88467 1283 89750 147 89897 2140 92037 1875 97633 163 97796 1929 99725 275
6 0 10677 10677 1 10678 1 81378 9524 90902 8071 98973 1027
7 0 4338 4338 931 5269 1740 7009 2491 10347 59334 69681 28550 98231 1769
7 0 52487 52487 21554 74041 1925 86483 4886 91369 32 91401 8170 99796 204
3 0 39274 39274 10426 49700 50300
6 0 18044 18044 1 18045 1 55309 25641 80950 10486 91436 8564
6 0 43987 43987 7540 51527 23965 84126 6856 90982 2050 93032 6968
3 0 16477 16477 25134 41611 58389
13 0 14203 14203 2260 16463 9960 32064 7536 39600 1473 41073 280 41353 11744 57688 16060 73748 494 74242 169 76397 8798 85195 12603 97798 2202
7 0 23854 23854 8660 32514 2875 60490 7833 68323 7690 76013 8312 84325 15675
6 0 18567 18567 42651 61218 6996 70961 8276 79237 20095 99332 668
3 0 19532 19532 35875 55407 44593
10 0 31372 31372 1467 32839 1308 52360 13215 65575 35 65610 16 76790 6776 83566 2298 85864 6063 91927 8073
12 0 20269 20269 1 20270 1 66365 10878 77243 305 77548 412 85945 1204 87149 5880 93029 1130 94324 3695 98019 798 98817 1183
16 0 7112 7112 735 7847 520 17929 157 18086 1 18087 2 19875 6266 26141 1140 27281 13850 42704 8187 50891 1773 52664 1521 54185 5775 73011 15307 88318 2860 91178 8822
6 0 33813 33813 7338 41151 55419 98373 1091 99464 76 99540 460
3 0 91827 91827 1537 93364 6636
3 0 25264 25264 10252 35516 64484
12 0 24630 24630 1884 26514 1173 38393 12633 51026 163 51189 130 66208 8942 75150 1 75151 1 95653 14 95667 2699 98366 1634
6 0 24674 24674 25912 50586 4952 61368 9290 70658 7657 78315 21685
7 0 190 190 5 195 1 32110 28627 60737 8777 69514 11528 81042 18958
8 0 141 143 29200 29343 15950 45293 27837 89162 367 89529 2511 92040 2942 99823 177
10 0 1089 1089 16365 17454 6442 23896 25577 66012 9630 75642 167 75809 555 78929 16842 95771 1395 97166 2834
4 0 35155 35155 1937 37092 18425 55517 44483
4 0 72827 72827 6963 79790 19675 99798 202
6 0 37150 37150 1445 38595 1206 55636 23180 78816 11128 89944 10056
6 0 14655 14655 1 14656 1 42613 5797 48410 27852 76262 23738
11 0 3788 3788 4078 7866 35479 43345 12268 60286 14413 74699 1079 75778 1505 89046 6528 95574 2204 97778 1999 99896 104
7 0 74094 74094 6727 80821 5998 86819 1333 92812 4215 97027 1455 98482 1518
7 0 14739 14739 5277 20016 4549 43155 5867 49022 18561 67583 1329 99476 524
6 0 7905 7905 8416 16321 1097 22784 58743 81527 7135 88662 11338
3 0 39308 39308 10981 50289 49711
4 0 2118 2118 2 2120 1 99726 274
3 0 45926 45926 3888 49814 50186
3 0 34560 34560 48663 83223 16777
3 0 217 217 46843 47060 52940
10 0 12019 12019 3839 15858 24447 50660 11320 61980 4228 66208 5850 81078 3158 84236 11861 96097 3633 99730 270
3 0 55269 55269 31192 86461 13539
9 0 41426 41426 1332 42758 3835 63758 16745 80503 744 81247 953 98028 17 98045 712 98757 1243
3 0 47477 47477 18010 65487 34513
4 0 38485 38485 32830 71315 7554 78869 21131
6 0 25910 25910 58 25968 18 39001 10427 49428 23384 72812 27188
6 0 65904 65904 10331 76235 2733 88231 1189 89420 5258 94678 5322
6 0 3850 3850 4359 8209 7017 30333 246 30579 24873 55452 44548
6 0 4318 4318 4645 8963 1273 13746 59650 73396 6040 79436 20564
3 0 52108 52108 23216 75324 24676
6 0 14337 14337 8939 23276 5541 41296 19343 60639 18780 79419 20581
6 0 40037 40037 28006 68043 10803 79572 699 80271 11816 92087 7913
3 0 26396 26396 52312 78708 21292
7 0 1224 1224 16250 17474 15864 33338 8721 88530 1332 89862 9506 99368 632
18 0 1593 1593 1 1594 1 6838 6999 13837 256 14093 478 30979 4603 35582 57 35639 911 39245 27223 66468 16283 82751 6999 93029 2323 95352 2209 97561 193 98047 1396 99443 533 99976 24
8 0 38762 38762 9241 48003 6693 54696 11818 76852 9828 86680 6292 92972 4104 97076 2924
12 0 4363 4363 1647 6010 2361 13085 14449 27534 15252 42786 57 51140 3287 54427 10952 65379 13465 89748 2924 92672 4013 96685 3315
7 0 4126 4126 6351 10477 5015 23028 42542 65570 596 66166 3282 69448 30552
7 0 15047 15047 1538 16585 1808 18393 34541 84825 8179 93004 1433 94437 5563
6 0 46657 46657 5922 52579 45851 98719 694 99413 99 99512 488
3 0 31678 31678 16848 48526 51474
10 0 5186 5186 5987 11173 9092 20265 12652 33868 5942 39810 265 40075 3887 54303 3457 57760 13762 71522 28478
6 0 23516 23516 45 23561 74 45055 4826 49881 11029 60910 39090
7 0 2339 2339 1002 3341 875 10268 60609 70877 1843 72720 23272 95992 4008
11 0 773 773 332 4017 38377 42394 493 42887 444 54989 31800 86789 4325 91114 555 95187 3308 98495 92 98587 1413
6 0 3122 3122 307 3429 59 39556 27761 67317 5866 73183 26817
7 0 7742 7742 17226 24968 1719 26687 35120 65686 26822 92508 3924 96432 3568
7 0 47099 47099 1871 48970 1368 89101 5406 94507 1110 95617 446 96063 3937
9 0 16402 16402 1 16403 1 40963 10237 51200 1 51201 1 93392 4248 97640 174 97814 2186
6 0 236 236 12 248 1 6441 18875 25316 53874 79190 20810
3 0 27244 27244 9549 36793 63207
10 0 792 792 4833 5625 19663 25288 33085 65474 7560 73034 1 73035 2 82426 4073 86499 309 86808 13192
10 0 32275 32275 3053 35328 7247 85706 4602 90308 324 90632 655 96865 1696 98561 143 98704 1195 99899 101
7 0 3461 3461 4 3465 1 22979 1 88038 2372 90410 5160 95570 4430
3 0 64781 64781 4986 69767 30233
6 0 38 38 19167 19205 2 51393 11896 63289 26792 90081 9919
6 0 31744 31744 27806 59550 8493 77625 954 78579 3486 82065 17935
6 0 1437 1437 1779 3216 2219 18254 19181 37435 4270 41705 58295
3 0 73195 73195 16053 89248 10752
6 0 39004 39004 945 39949 5152 94357 2053 96410 170 96580 3420
13 0 12270 12270 2894 15164 1418 40914 1133 42047 93 42140 1621 43831 14836 58667 11789 70456 7864 80282 6542 86824 3280 90104 8330 99622 378
4 0 24088 24088 13444 37532 4545 42077 57923
9 0 8561 8561 649 9210 1752 14973 5745 20718 18485 39203 10 77301 14190 91491 7968 99459 541
8 0 3645 3645 6817 10462 14677 25139 10431 37104 6965 44069 11563 55632 8951 64583 35417
9 0 12101 12101 30925 43026 41761 95799 518 96317 276 96680 1831 98511 181 98692 780 99479 521
6 0 2891 2891 20265 23156 46236 82339 5205 87544 9803 97347 2653
6 0 12727 12727 1 12728 1 67603 9542 77145 20608 97753 2247
14 0 1285 1285 23 1308 2072 4795 412 5207 348 5555 3564 9162 2326 11488 342 11830 120 11996 182 12178 127 12596 45785 58381 38983 97364 2636
3 0 26892 26892 20733 47625 52375
3 0 38793 38793 33420 72213 27787
13 0 2119 2119 8782 10901 3726 14627 7568 24103 3522 27625 7865 35490 673 37422 12009 49431 91 49522 23 61343 21640 82983 1045 84028 15972
10 0 11747 11747 1893 13640 3553 21617 3016 24633 11917 36550 2092 40858 17019 57877 25942 83819 7193 91012 8988
9 0 3278 3278 566 3844 237 9658 17214 26872 25449 52321 1364 88972 2272 91244 2807 94051 5949
8 0 11984 11984 1570 13554 1494 15048 26360 41762 18403 60165 12403 72568 22193 99456 544
6 0 17227 17227 990 18217 44 22407 68243 90650 3734 94384 5616
6 0 3666 3666 1 3667 1 64616 3457 68073 9807 77880 22120
10 0 918 918 423 1341 490 1852 68 1920 83 2003 1496 3659 35307 38966 20168 59134 31261 90395 9605
3 0 37349 37349 18922 56271 43729
9 0 18461 18461 2852 21313 4295 33687 13071 46758 110 46868 53 57042 20932 77974 13276 91250 8750
9 0 3039 3039 1 3040 1 65348 13520 78868 8223 87091 1637 96027 1986 98013 283 98296 1704
8 0 2494 2684 25291 27975 7073 35048 31213 75839 7468 83307 2327 85634 10297 95931 4069
7 0 11423 11423 19030 30453 45275 75728 3846 88460 5953 94413 3655 98068 1932
6 0 4085 4085 8520 12605 10 30494 25653 56147 15600 71747 28253
6 0 18417 18417 20452 38869 25 80049 3022 83071 6734 89805 10195
6 0 573 573 35848 36421 48529 90042 2641 92683 4097 96780 3220
3 0 459 459 6265 6724 93276
3 0 16351 16351 21771 38122 61878
7 0 946 946 7669 8615 6531 15146 25828 51047 46797 97844 803 98647 1353
8 0 8531 8531 5259 13790 462 14252 4173 23554 35822 59376 13238 72614 15906 88520 11480
7 0 45434 45434 2071 47505 4498 52003 24482 83336 1805 85141 583 85724 14276
6 0 35547 35547 3 35550 1 99493 248 99741 110 99851 149
7 0 68879 68879 363 69242 15811 89014 931 89945 814 90759 415 91174 8826
3 0 34176 34176 16505 50681 49319
6 0 21602 21602 6645 28247 45831 91555 5531 97086 1501 98587 1413
9 0 1056 1056 2420 3476 315 7982 19747 27729 11521 39250 15144 70258 9827 80085 8528 88613 11387
10 0 658 658 27775 28433 7069 49998 1169 51167 1056 52223 12289 64512 31219 95928 1193 97121 1197 98318 1682
9 0 6999 6999 10408 17407 6942 30976 25777 56753 15221 71974 20334 97147 1271 98418 360 98778 1222
10 0 15530 15530 1 15531 1 79735 809 80544 14908 95452 2869 98508 259 98767 7 98774 457 99231 769
3 0 25772 25772 3955 29727 70273
3 0 6952 6952 13689 20641 79359
12 0 1072 1072 8 1080 1 47032 1722 48754 668 49422 1456 50878 5949 59455 18306 77761 12649 90410 806 99405 261 99666 334
10 0 217 217 268 976 71 1077 22945 24022 26587 50609 33021 91038 3808 94846 1142 95988 514 96502 3498
3 0 5994 5994 13323 19317 80683
6 0 10969 10969 39150 50119 23820 76085 632 76717 12762 89479 10521
6 0 5995 5995 2409 8404 393 58877 19628 78505 19511 98016 1984
11 0 285 285 3 288 1 3439 2233 5672 1650 7322 297 7619 511 8551 58836 67387 9809 77196 20066 99756 244
6 0 15590 15590 4 15594 1 64908 6975 71883 5378 77261 22739
7 0 1082 1082 869 1951 2946 6232 1818 8050 36624 44674 21093 65767 34233
7 0 33292 33292 2589 35881 57713 98285 952 99237 343 99580 22 99602 398
6 0 6602 6602 2799 9401 2 37345 34743 72088 12750 84838 15162
14 0 660 660 487 1147 1050 3226 2146 5372 1484 6856 125 7685 7308 14993 3390 18383 19132 37515 26949 71179 17589 88768 9556 98324 1464 99788 212
7 0 35307 35307 5336 40643 18652 61205 1903 63108 8169 71277 16657 87934 12066
7 0 7971 7971 785 8756 4763 13519 77256 92477 3287 95764 2854 98618 1382
9 0 12354 12354 1 12355 1 78538 6109 84647 7096 91743 2428 96882 1246 98128 253 98381 1619
10 0 2569 2569 39 2608 166 5749 20064 25813 9448 35261 15416 93282 5588 98870 215 99085 407 99492 508
3 0 49092 49092 49338 98430 1570
4 0 5607 5607 9648 15255 52033 67288 32712
3 0 17872 17872 8528 26400 73600
6 0 31451 31451 21340 52791 2156 77610 8882 86492 8886 95378 4622
3 0 31458 31458 16164 47622 52378
12 0 17364 17364 2586 19950 1076 29447 13751 43198 1964 45162 648 56727 10181 66908 1 66909 1 96909 699 97608 1078 98686 1314
10 0 222 222 5996 6218 7481 17079 13881 30960 1449 32409 12818 45531 25963 71494 12828 84322 4037 88359 11641
7 0 59240 59240 9630 68870 249 69119 7782 94596 2803 97399 2483 99882 118
12 0 25913 25913 212 26125 11988 39636 16505 56141 3710 59851 5205 75269 7673 82942 10855 93797 1651 97120 621 97741 1830 99571 429
13 0 8747 8747 10838 19585 1203 22714 17859 40573 2052 42625 35261 89654 725 90379 69 90448 54 96922 183 97105 204 97309 1538 98847 1153
6 0 59165 59165 306 59471 37528 98764 373 99137 42 99179 821
11 0 3523 3523 22915 26438 8075 34513 3821 44300 18135 62435 22246 84681 7505 92186 4777 96990 2606 99596 370 99966 34
9 0 20138 20138 9417 29555 15545 51396 15583 66979 24540 91519 1346 94807 1422 96229 889 97118 2882
9 0 4044 4044 1 4045 1 32326 15218 47544 510 48054 1314 66463 14595 81058 7545 88603 11397
12 0 892 892 15 907 1 15831 22448 38279 61 38340 2160 41062 11900 52962 14738 67700 20815 98876 385 99261 327 99588 412
6 0 1213 1213 28594 29807 1549 43972 1808 45780 8275 54055 45945
7 0 672 672 2049 2721 7609 10330 8714 24282 27782 52064 22925 74989 25011
11 0 4853 4853 1315 6168 9023 15191 90 18123 8194 26317 28178 54495 4981 59476 13043 78760 18134 96894 2554 99448 552
6 0 3200 3200 18198 21398 5109 87782 1543 89325 2535 91860 8140
3 0 35755 35755 26386 62141 37859
6 0 31413 31413 8394 39807 51461 92676 2721 95397 1047 96444 3556
7 0 17262 17262 2941 20203 24114 77463 7316 84779 4401 89180 6736 95916 4084
9 0 6912 6912 1 6913 1 33995 6516 40511 842 41353 2615 43980 20774 64754 26553 91307 8693
4 0 60108 60108 12696 72804 26334 99924 76
3 0 38190 38190 23579 61769 38231
5 0 14110 14110 32529 46639 34659 97835 1976 99811 189
7 0 24999 24999 8472 33471 5335 59768 8746 68514 1140 69654 22590 92244 7756
7 0 8937 8937 1338 10275 629 21943 9262 31205 41531 72736 25747 99777 223
10 0 6515 6515 297 6812 2 36978 22336 59314 6870 66184 29769 96589 533 97122 759 97881 1025 98906 1094
6 0 2066 2066 170 2236 56 3955 1724 5679 14394 20073 79927
3 0 19843 19843 63023 82866 17134
10 0 11499 11499 817 12316 2 29254 5922 35176 21069 56245 4692 60937 8290 90584 6505 97089 1341 98430 1570
7 0 13976 13976 7333 21309 8476 29785 15788 66119 32627 98746 937 99683 317
7 0 22954 22954 6 22960 31 54908 1927 56835 3331 60166 15992 76158 23842
4 0 18300 18300 29844 48144 41963 90107 9893
10 0 60139 60139 4546 64685 914 65599 4065 93447 1358 94805 1186 95991 491 98372 235 98607 343 98950 1050
6 0 17754 17754 20924 38678 12474 58827 3705 62532 13248 75780 24220
7 0 68695 68695 6098 74793 14014 92843 1168 94011 440 94451 1531 95982 4018
7 0 17417 17417 28897 46314 18124 87182 2873 90055 5596 95651 1495 97146 2854
3 0 899 899 40351 41250 58750
10 0 13538 13538 18633 32171 25775 61018 3773 64791 1775 66566 4556 77753 11120 88873 297 89170 5408 94578 5422
6 0 20057 20057 21599 41656 3010 69025 29345 98370 183 98553 1447
12 0 142 142 5604 5746 10270 16135 7113 23248 11 23259 1 28846 1246 30092 15525 45617 851 62386 11761 74147 2515 76662 23338
6 0 17748 17748 11067 28815 2412 42728 7099 49827 36731 86558 13442
7 0 17331 17331 28851 46182 31718 89459 1184 90643 7379 98022 411 98433 1567
9 0 5958 5958 1 5959 1 31924 24831 56755 35 56790 41 97561 740 98301 72 98373 1627
3 0 53023 53023 16777 69800 30200
6 0 45240 45240 5 45245 172 85447 8099 93546 860 94406 5594
7 0 33670 33670 2487 36157 620 39691 4119 43810 8532 52342 44193 99732 268
3 0 20294 20294 58162 78456 21544
10 0 12371 12371 1 12372 1 36656 17486 54142 4388 58530 2081 75958 9132 85090 3367 88457 10220 99837 163
4 0 43241 43241 15148 58389 6260 64649 35351
8 0 64532 64532 115 64647 3098 67745 11235 83331 4258 87589 1920 89509 2836 92345 7655
4 0 35698 35698 6448 42146 28080 70226 29774
7 0 56731 56731 21117 77848 12444 91969 2255 94224 4679 98903 1033 99936 64
