100000 137
4 0 36034 36034 18007 54041 36385 90426 9574
12 0 19680 19680 2365 22045 1044 29137 5319 34456 5247 39703 1236 52658 11726 64384 1 64385 1 89550 2614 92164 4182 96346 3654
12 0 6834 6834 95 6929 16034 27399 11918 39317 1 39318 1 64325 812 65137 1 65138 1 81645 5133 86778 610 87388 12612
19 0 10342 10342 3425 13767 15602 31177 334 31511 493 32004 284 33073 4640 37713 3070 40783 1241 42024 5410 51252 24234 75486 6316 81802 6764 89760 3288 93048 76 93124 25 97347 167 97514 88 97602 2398
6 0 45992 45992 18427 64419 27452 92143 2384 94527 4453 98980 1020
9 0 11353 11353 1 11354 1 91479 557 92036 1703 93739 5538 99483 414 99897 92 99989 11
7 0 698 698 2427 3125 4045 7170 1067 10520 7596 18116 19793 37909 62091
9 0 1304 1304 1532 2836 4888 7791 39398 47189 8079 55268 1261 95379 1359 96738 1861 98599 1401
22 0 933 933 542 1475 3124 5439 5189 10628 14774 25402 14751 43391 7021 50412 235 50647 1471 52935 1799 54734 440 55174 153 55327 69 56149 2864 59013 1 59014 1 93408 619 94027 2833 96860 483 97481 1381 98862 237 99099 901
14 0 5816 5816 10846 16662 1806 28582 1370 29952 1401 31353 2331 33684 1525 42924 21580 64504 3357 67861 1058 68919 27141 96341 30 96371 1919 98290 1710
13 0 3256 3256 211 3467 29600 34275 31197 65472 15042 80514 5908 86422 7553 98235 264 98499 45 98544 134 98936 126 99062 87 99149 851
7 0 41802 41802 761 42563 4501 47064 692 89898 1512 91410 1273 92683 7317
10 0 4579 4579 2974 7553 837 44191 6192 50383 17342 67725 22313 96000 3125 99125 351 99476 318 99794 206
6 0 44984 44984 3929 48913 49325 99467 61 99528 190 99718 282
10 0 1511 1511 2491 4002 2 96516 21 96537 18 96555 6 96733 1485 98218 137 98355 395 98750 1250
11 0 167 167 9 176 1 2806 220 3026 107 3133 11 3144 353 3566 12099 15665 51244 66909 14994 81903 18097
9 0 2681 2681 639 3320 9185 28665 28637 57302 18663 75965 22135 98215 574 98789 1080 99869 131
9 0 3249 3249 3536 6785 712 10495 5524 16019 57671 73690 5792 92122 927 93049 16 93065 6935
12 0 643 643 1200 1843 1839 3796 3275 7071 9079 16150 20993 82641 3414 86055 1 86056 1 89148 937 90085 6576 96661 3339
15 0 9376 9376 5612 14988 2681 19446 1460 20906 1206 22112 2 26756 1324 28080 183 28263 40 32496 33761 66257 7527 73784 10141 85973 6448 92421 2097 94518 5482
20 0 295 295 366 661 3710 11469 3621 15090 265 15355 299 16143 2911 19054 177 19231 628 19859 567 21337 22157 43494 17322 60816 14585 75401 18306 94357 1779 96136 2128 98264 23 99035 599 99634 57 99691 309
14 0 501 501 1061 1562 916 2478 191 3477 8958 12435 5342 17777 4571 30913 3 50640 3380 54020 2 54022 1 98191 1176 99367 410 99777 223
27 0 4686 4686 1052 5738 549 14142 11577 25719 1613 27332 3582 30915 17002 47917 1022 48939 3377 53312 5 53317 1 53318 9 53884 17568 71452 3 71455 4 81939 2521 84460 1783 86243 3255 92925 1341 94266 5 94271 10 95350 216 95566 1 95567 1 99736 83 99819 67 99886 114
7 0 22 22 18 40 968 1008 14 1906 11729 13635 84738 98373 1627
15 0 251 251 4 255 2 681 4506 5187 6596 11783 2838 28469 3830 32299 2132 34431 2 45556 2246 47802 71 47873 84 78549 2597 81146 3831 84977 15023
15 0 3875 3875 2593 6468 850 7392 4523 11915 318 12233 2 25865 6865 32730 3 32733 3 43313 2295 45608 82 45690 112 46375 40797 87172 3793 90965 9035
10 0 4601 4601 833 5434 3802 11609 41624 53233 11174 64407 15592 79999 11783 98274 452 98726 379 99105 895
7 0 47116 47116 263 47379 47 93443 73 93516 1847 95363 1666 97029 2971
22 0 3207 3207 91 3298 83 8603 11101 19704 750 20454 923 21377 4066 38033 702 38735 1504 40239 336 42581 15931 58512 55 58567 31 93309 629 93938 1 93939 1 99297 25 99322 31 99353 81 99610 38 99648 204 99852 148
14 0 4084 4084 49 4133 476 30195 3635 33830 2472 36302 906 37208 5629 42905 857 43762 2086 45848 433 46281 9956 57573 17614 75187 15154 90341 9659
3 0 63120 63120 3247 66367 33633
18 0 7183 7183 18470 25653 7051 38114 6115 44229 5973 50202 2832 53609 3997 57606 3 57609 6 63179 1856 65035 1 65036 1 78591 12053 90644 90 90734 481 99061 309 99370 557 99927 73
10 0 11676 11676 9724 21400 7022 31131 24311 55442 1320 56762 3039 85618 9843 95461 1664 97125 2579 99704 296
19 0 5355 5355 1 5356 1 27465 2956 30421 1 30422 1 53468 322 53790 154 53944 2391 56735 605 57340 1 57341 1 80998 2406 83404 172 83576 1558 85134 1115 86576 7733 94309 1065 95374 4626
27 0 1932 1932 2398 4330 650 4980 238 5344 10453 15797 18 15815 47 29781 6855 36636 15965 52601 1859 57098 27 57125 82 57305 20063 77368 1479 78847 2508 81355 8864 94833 202 95035 2 95037 22 95551 1662 97213 65 97278 162 97440 583 98366 276 98642 144 98786 116 98902 1098
10 0 13131 13131 27849 40980 28437 69417 24794 94345 380 94725 6 94731 197 95011 1447 96458 1140 97598 2402
6 0 2069 2069 24520 26589 49228 76294 9249 85543 11837 97380 2620
13 0 526 526 4281 4807 1124 5931 1297 7848 10339 18187 1 18188 1 50126 3067 53193 3909 57102 31509 89888 5270 95158 282 95440 4560
13 0 6852 6852 4057 10909 914 12195 5659 17854 1 17855 1 46923 7186 54109 1727 55836 3170 59006 18188 97047 991 98038 754 98792 1208
6 0 50030 50030 1292 51322 1208 82170 3526 85696 2885 88581 11419
6 0 11952 11952 11336 23288 27488 51594 14794 66388 19833 86221 13779
13 0 16692 16692 653 17345 9248 49152 1360 50512 9799 60311 27978 91816 655 92471 5046 97517 728 99816 67 99883 41 99924 61 99985 15
7 0 20649 20649 1 20650 1 96443 703 97146 1224 98370 182 98552 1448
20 0 1038 1038 2295 3333 3448 7785 355 8140 2 8142 1 10630 1178 11808 944 12752 527 14240 2490 16730 3 16733 1 18724 47 18771 21 19308 292 19600 13 19613 226 19848 24749 44597 53543 98140 1860
10 0 4418 4418 1785 6203 1630 7964 710 8674 102 8776 808 9584 3697 13812 50818 64630 14786 79416 20584
11 0 8023 8023 9629 17652 3354 48293 26250 74543 2634 77177 5373 82550 4021 87876 3438 91314 502 91816 2031 99980 20
13 0 3895 3895 624 4519 3616 12724 1416 14140 9 14149 5 15593 33801 49394 41 49435 191 82176 1739 83915 3073 86988 4599 91587 8413
13 0 1863 1863 2930 4793 1018 9887 13317 23204 1 23205 1 73488 16422 89910 1176 91086 1842 98990 648 99638 165 99803 113 99916 84
9 0 11308 11308 4634 15942 120 19329 31272 50601 29359 79960 7817 95592 1948 97540 2439 99979 21
11 0 7468 7468 1754 9222 3189 15290 375 15665 22580 38245 38272 87220 2641 89861 6220 96081 244 96325 3668 99994 6
22 0 4033 4033 1 4034 1 6717 1471 8188 1 8189 1 68825 2452 71277 1718 72995 537 74063 119 74182 14 74196 146 74785 8987 83772 1661 85433 6142 91738 183 91921 4386 96307 54 96361 204 99691 50 99741 150 99891 109
16 0 2708 2708 16 2724 100 4068 2589 6657 16 6673 8 6681 188 7072 159 7231 63 7294 11 8121 48759 56880 7335 64215 9464 84638 5480 90118 2059 92177 7823
7 0 2224 2224 1747 3971 166 4137 57 6618 45916 52534 26300 78834 21166
14 0 10054 10054 3 10057 1 33446 1770 35216 9646 44862 2 70323 1114 71437 2490 73927 5912 79839 17791 98250 750 99000 122 99122 174 99296 704
19 0 15623 15623 14363 29986 11445 42438 1001 43439 1 43440 1 47594 319 47913 12 47925 3 49770 5719 55489 3608 59097 835 59932 5468 66137 2564 68701 2404 71105 7763 81368 10400 91768 4252 96020 3980
6 0 16490 16490 17 16507 3 48498 2305 50803 33344 84147 15853
15 0 2395 2395 2024 4419 413 8426 431 8857 177 9034 959 11920 1288 13208 1484 14692 1604 16382 25443 41825 40271 82096 430 95093 116 95209 568 95777 4223
21 0 130 130 935 1065 104 1362 54 1416 2 1418 1 4824 1839 6663 415 7078 2182 9761 20266 30027 184 30211 18867 66392 2465 68857 836 69693 981 73397 11976 85373 6470 91843 3217 97145 206 97351 770 98121 1879
18 0 18326 18326 1 18327 1 45548 951 46499 411 46910 54 47804 7726 55530 7687 63217 442 63659 17538 84023 2998 87021 172 87193 62 87255 1528 92128 1101 93229 3282 96511 2353 98864 1136
12 0 900 900 857 1757 13669 17469 17404 34873 25357 60230 24458 85764 3149 88913 4376 93289 4080 98813 562 99375 271 99646 354
14 0 746 746 2942 3688 1387 5075 1398 10166 1270 11436 4312 15748 20669 38874 9062 47936 1 47937 1 78145 6553 84698 1042 85740 7720 93460 6540
13 0 6670 6670 1104 7774 1068 8842 23518 34423 4760 39183 546 39729 3148 45703 580 46283 143 46426 23 46934 10151 57085 11089 68174 31826
9 0 641 641 1 642 1 14837 26118 40955 23 40978 7 98836 1 98837 310 99147 853
14 0 72 72 7 310 10878 11188 1214 12402 4179 19120 11623 30743 1146 31889 5571 38929 35789 74718 3838 78556 19174 99156 683 99839 52 99891 109
9 0 470 470 1 471 1 34853 3586 38439 1 38440 1 84908 7672 92580 3825 96405 3595
24 0 223 223 13 236 64 426 1472 1898 1079 2977 4271 7248 5798 14710 2151 16861 6 16867 6 19093 2425 21518 12 21530 13 21543 1 26375 4468 30843 79 30922 1379 32301 5122 37429 48210 85639 278 85917 2907 92374 532 92906 3314 96220 3780
14 0 878 878 1431 2309 788 5080 1136 6216 1364 7580 782 8362 3925 12650 1105 13755 735 14490 800 15937 23082 39019 21130 60149 16088 76237 23763
13 0 777 777 630 1407 395 2154 4465 6619 388 7007 30235 86876 74 86950 4830 91780 288 95790 1385 97175 21 97196 152 97348 2652
15 0 2242 2242 2674 4916 7993 13756 11232 24988 8 24996 1 36959 23077 60036 8602 68638 19359 93006 800 93806 228 94034 2873 98194 1423 99617 186 99803 197
3 0 74729 74729 5896 80625 19375
7 0 4482 4482 2152 6634 32793 49869 18564 68433 1466 69899 22366 92265 7735
15 0 18949 18949 31 18980 30 35477 374 35851 1 35852 1 37588 4797 42385 6099 48484 1479 54339 598 54937 1 54938 1 95756 396 96152 2301 98453 1547
18 0 984 984 1 985 1 7178 3079 10257 2937 13194 585 16761 181 16942 51 16993 4 17671 10454 28125 2892 31017 23822 54875 836 55711 6723 62434 24715 93659 177 93836 610 94446 5554
10 0 4916 4916 6761 11677 22049 86640 5221 91861 332 92193 843 94278 1871 96149 1201 97350 1560 98910 1090
15 0 5322 5322 5 5327 1 11436 1092 12528 1 12529 1 26085 784 26869 143 27012 156 27359 22058 49417 6500 55917 39590 98978 358 99336 37 99373 627
12 0 4967 4967 5105 10072 942 11486 249 11735 3 11738 5 12065 26945 39010 4108 43118 26796 99822 117 99939 39 99978 22
12 0 27982 27982 2258 30240 4118 46528 8578 55106 1 55107 1 61597 889 62486 122 62608 366 65586 10265 75851 20815 96666 3334
10 0 11303 11303 41 11344 417 34352 3102 37454 3874 41328 3383 44711 3136 54923 12310 67233 14298 81531 18469
21 0 1920 1920 61 1981 1317 4473 2788 7261 3 7264 4 9479 1872 11351 4538 15889 26684 43794 10951 54745 16231 70976 15612 88698 4233 92931 254 93185 4266 98221 76 98297 29 98326 7 98881 604 99485 177 99662 338
9 0 11937 11937 38430 50367 18344 78136 2966 81102 4397 85499 2 95091 2820 97911 397 98308 1692
10 0 15239 15239 37441 52680 5193 57873 3466 71991 1199 73190 239 73429 10362 90212 7887 98099 251 98350 1650
6 0 25510 25510 1 25511 1 95796 1313 97109 100 97209 2791
11 0 1393 1393 2674 4067 4993 9914 50898 60812 19225 80037 6273 86310 10177 96579 912 97491 76 97567 11 99995 5
7 0 64 64 1908 1972 7978 20646 13537 34183 54163 88346 892 89238 10762
6 0 12198 12198 3577 15775 13746 91607 2321 93928 2519 96447 3553
23 0 3591 3591 1290 4881 79 6175 3614 9789 8 9797 8 14409 2332 16741 509 17250 1219 18469 97 21300 835 22135 752 22887 1042 24169 2151 26320 2 26322 1 28787 22569 51356 22579 73935 12223 86158 7493 95832 1309 97141 2075 99216 784
9 0 4465 4465 1233 5698 2114 7812 444 8652 29386 38038 33704 71742 27028 99803 39 99842 158
9 0 1247 1247 1968 3215 34373 39279 20098 59377 1638 61015 821 86485 4892 91377 5506 96883 3117
17 0 863 863 7393 8256 4147 12403 12148 25424 2640 28064 5541 33605 633 36919 5674 42593 1 42594 1 88218 3279 91497 122 91619 140 95291 28 95319 2151 97470 818 98288 1712
15 0 5397 5397 1 5398 1 25169 185 25354 1019 26373 1388 34305 1102 35407 9 35416 1 38633 24386 63019 21480 84499 12790 98162 1292 99454 62 99516 484
6 0 2231 2231 452 2683 2 25117 2790 27907 59094 87001 12999
6 0 42556 42556 14 42570 14 99102 549 99651 173 99824 176
6 0 13064 13064 15058 28122 6712 42472 30451 72923 6892 79815 20185
10 0 1308 1308 2933 4241 3659 9781 1571 11352 1 11353 1 29726 6179 35905 16319 52224 34436 86660 13340
19 0 2615 2615 320 2935 2548 5978 2058 8036 986 9022 959 9981 221 10552 23818 34370 3574 37944 9125 67399 13707 81106 3774 84880 692 90405 1886 92291 190 92481 660 93953 133 94086 1378 95464 4536
13 0 3882 3882 1307 5189 1561 7868 21689 29557 6327 35884 20 46165 25996 72161 2397 74558 145 97372 821 98193 353 98546 171 98717 1283
10 0 3384 3384 2432 5816 581 6477 483 6960 1 6961 1 43010 26496 69506 18523 88029 5517 93546 6454
19 0 484 484 668 1152 7 2218 1366 3584 1028 4612 488 6011 161 6172 265 6437 234 6899 24662 31561 31674 63235 7590 74654 6437 81091 3019 84110 818 90631 6085 96716 1018 97734 1557 99291 709
20 0 26647 26647 10725 37372 6659 68014 3 68017 8 68025 16 68356 4406 72762 364 73126 750 73876 1089 75079 5987 81066 1001 82067 240 82307 859 84228 422 84650 1 84651 1 97635 645 98280 1073 99353 647
12 0 5384 5384 7859 13243 7853 23521 1157 24678 114 24792 2 32199 9734 41933 1 41934 1 81439 6084 87523 9803 97326 2674
18 0 9543 9543 6797 16340 1204 19020 11172 30192 362 30554 4097 35301 2867 38168 271 38439 122 40792 115 40907 135 41042 139 41181 150 41376 31243 72619 2466 75085 24197 99652 32 99684 316
7 0 6271 6271 957 7228 26837 47624 39332 86956 9434 96390 3129 99519 481
8 0 335 335 1 336 1 33457 25482 58939 203 59142 27969 99423 303 99726 274
7 0 198 266 20470 20736 22133 42869 11928 56404 6325 62729 12285 75014 24986
6 0 52551 52551 1965 54516 777 66865 7632 74497 9919 84416 15584
13 0 10311 10311 1602 11913 4426 16339 21411 37836 1339 39175 459 39634 1036 40695 5672 46367 1 46368 1 96104 2213 98317 1643 99960 40
9 0 5243 5243 1 5244 1 15599 13316 28915 2145 31060 10666 45677 28464 74141 22129 96270 3730
6 0 18831 18831 17104 35935 2157 40519 21072 61591 31018 92609 7391
7 0 56175 56175 12705 68880 3202 85795 8325 94120 3149 97269 454 97723 2277
13 0 1580 1580 69 1649 4 2916 19006 21922 16 21938 11 93041 1010 94051 259 94310 123 94433 515 95734 1563 97297 1001 98298 1702
10 0 6388 6388 2631 9019 2316 17867 47085 64952 15512 80464 1914 82378 14666 99105 599 99704 16 99720 280
10 0 7321 7321 36 7357 1289 8646 1690 11114 48223 59337 3663 63000 34306 99347 293 99640 33 99673 327
15 0 5431 5431 22 5453 3851 9315 8252 17567 1961 19528 11068 53781 2582 56363 1 56364 1 70824 5339 76163 11249 87412 5829 93966 151 94117 3317 97434 2566
26 0 2315 2315 410 2725 1189 8464 528 8992 3374 12366 4571 16937 1101 25712 21834 47546 153 47699 65 47764 587 52397 1891 54288 16 54304 589 55673 9703 65376 5687 71063 15 86505 2276 88781 411 89192 15 89207 617 90158 1772 91930 3152 95082 1384 99203 19 99222 778
12 0 2803 2803 2253 5056 1587 11992 5180 17172 1046 18218 1073 32079 18706 50785 7576 58361 31221 91671 5529 97200 263 97463 2537
10 0 10529 10529 364 10893 263 17335 9769 27104 33015 60119 31742 93796 2614 96410 1018 97428 931 98359 1641
13 0 5174 5174 1316 6490 817 10993 10296 21289 5937 27226 13520 40746 167 71524 3181 74705 2636 77341 2 88042 5340 93382 109 93491 6509
12 0 3123 3123 31667 34790 1257 61305 1708 63013 1 63014 1 70612 3261 73873 8808 82681 5420 97868 423 98291 1007 99298 702
9 0 12440 12440 542 12982 488 31110 3307 34417 561 34978 11764 48497 37151 85648 14310 99958 42
4 0 8446 8446 44634 53080 30409 83489 16511
6 0 8137 8137 21399 29536 49653 86762 322 87084 5072 92156 7844
9 0 9016 9016 23451 32467 3976 71765 1292 73057 1872 74929 13 80853 12886 93739 5115 98854 1146
9 0 8226 8226 1 8227 1 88269 2967 91236 2422 93658 1121 95822 964 96786 1154 97940 2060
16 0 778 778 341 1119 3952 5120 8 5128 3 5131 1 6585 3 6588 603 7191 178 7836 3043 10879 455 11334 29402 40736 50619 95214 2077 97291 223 97514 2486
6 0 18108 18108 43170 61278 28232 96729 2450 99179 767 99946 54
10 0 10905 10905 6989 17894 113 43224 17135 60359 3770 64129 4072 68201 5581 79603 10738 90341 6786 97127 2873
15 0 14996 14996 953 15949 1314 33913 8056 41969 3293 45262 192 59043 5762 64805 6177 70982 7103 86930 1361 88291 557 88848 8705 99607 5 99612 53 99665 335
19 0 4021 4021 336 4357 6783 12624 1606 14230 756 14986 8223 27423 1936 29359 1 29360 1 64511 863 65374 11160 76534 11307 95142 218 95360 25 95385 1187 96572 4 98487 908 99395 449 99844 156
3 0 36440 36440 10404 46844 53156
9 0 23050 23050 24 23074 75 90593 1442 92035 1020 93055 3694 96886 1906 98792 682 99474 526
18 0 1766 1766 1 1767 1 6463 3742 10205 2386 12591 176 14074 1450 15524 1 15525 1 20169 2273 22442 6 22448 529 22998 30171 53169 6305 59474 36830 96355 1888 98243 1522 99765 235
6 0 2603 2603 9894 12497 1193 14843 66794 81637 15281 96918 3082
13 0 1431 1431 1 1432 1 12728 1093 13821 8071 21892 4243 26135 10685 49971 2182 52153 1 52154 1 64290 20902 85192 4044 89236 10764
18 0 818 818 1 819 1 1409 304 1713 13070 14783 17485 33146 15687 48833 32 48865 7219 56084 3456 65382 586 65968 1 65969 1 86287 11629 97916 870 98786 198 99714 265 99979 21
9 0 25969 25969 2169 28138 1946 55238 3480 58718 7097 65815 10213 80402 5946 86348 917 87265 12735
19 0 2880 2880 1253 4133 1332 6287 1172 7459 857 8316 3828 15870 2554 18424 1 18425 1 39841 8053 47894 266 48160 24927 73087 7428 86850 1077 87927 1 87928 1 91672 3250 94922 242 95164 4836
12 0 54 54 1 55 1 12100 1244 13344 4 13348 24 15488 41800 57288 4446 61734 2496 75135 11748 86883 917 87800 12200
