100 33
2 0 43 43 57
3 0 28 28 4 32 68
4 0 30 30 40 70 20 90 10
2 0 87 87 13
1 0 100
3 0 56 56 9 65 35
2 0 1 1 99
1 0 100
3 0 47 47 26 73 27
3 0 2 2 62 64 36
1 0 100
3 0 50 50 6 56 44
3 0 34 34 11 45 55
3 0 7 7 29 36 64
1 0 100
4 0 41 41 33 74 14 88 12
4 0 14 14 20 34 60 94 6
3 0 20 20 27 47 53
2 0 75 75 25
3 0 72 72 5 77 23
2 0 71 71 29
2 0 90 90 10
3 0 25 25 9 34 66
2 0 41 41 59
2 0 77 77 23
1 0 100
3 0 30 30 3 33 67
1 0 100
3 0 42 42 19 61 39
1 0 100
3 0 3 3 56 59 41
2 0 35 35 65
3 0 43 43 6 49 51
