1000 237
1 0 1000
1 0 1000
1 0 1000
1 0 1000
1 0 1000
1 0 1000
1 0 1000
2 0 603 603 397
3 0 554 554 213 767 233
1 0 1000
1 0 1000
2 0 925 925 75
2 0 503 503 497
1 0 1000
1 0 1000
1 0 1000
1 0 1000
1 0 1000
1 0 1000
1 0 1000
1 0 1000
1 0 1000
1 0 1000
3 0 180 180 624 804 196
1 0 1000
2 0 308 308 692
2 0 477 477 523
1 0 1000
1 0 1000
2 0 117 117 883
1 0 1000
2 0 287 287 713
1 0 1000
1 0 1000
1 0 1000
1 0 1000
1 0 1000
2 0 261 261 739
1 0 1000
2 0 79 79 921
1 0 1000
3 0 207 207 182 389 611
1 0 1000
2 0 457 457 543
1 0 1000
1 0 1000
1 0 1000
1 0 1000
1 0 1000
1 0 1000
1 0 1000
2 0 271 271 729
1 0 1000
1 0 1000
2 0 180 180 820
1 0 1000
2 0 757 757 243
2 0 671 671 329
1 0 1000
1 0 1000
1 0 1000
1 0 1000
1 0 1000
1 0 1000
2 0 610 610 390
1 0 1000
1 0 1000
1 0 1000
1 0 1000
1 0 1000
1 0 1000
2 0 399 399 601
2 0 286 286 714
2 0 671 671 329
1 0 1000
1 0 1000
1 0 1000
2 0 252 252 748
1 0 1000
2 0 677 677 323
3 0 51 51 367 418 582
1 0 1000
1 0 1000
1 0 1000
1 0 1000
1 0 1000
1 0 1000
1 0 1000
1 0 1000
1 0 1000
2 0 187 187 813
1 0 1000
2 0 623 623 377
1 0 1000
1 0 1000
1 0 1000
1 0 1000
1 0 1000
1 0 1000
1 0 1000
2 0 786 786 214
1 0 1000
1 0 1000
1 0 1000
1 0 1000
1 0 1000
2 0 445 445 555
1 0 1000
1 0 1000
1 0 1000
1 0 1000
2 0 504 504 496
1 0 1000
1 0 1000
1 0 1000
1 0 1000
1 0 1000
1 0 1000
1 0 1000
4 0 532 532 35 567 301 868 132
1 0 1000
1 0 1000
1 0 1000
2 0 542 542 458
1 0 1000
2 0 235 235 765
1 0 1000
1 0 1000
1 0 1000
2 0 988 988 12
2 0 762 762 238
2 0 988 988 12
1 0 1000
2 0 179 179 821
1 0 1000
1 0 1000
1 0 1000
1 0 1000
1 0 1000
1 0 1000
1 0 1000
1 0 1000
2 0 279 279 721
1 0 1000
2 0 795 795 205
1 0 1000
1 0 1000
1 0 1000
3 0 362 362 73 435 565
3 0 334 334 236 570 430
1 0 1000
1 0 1000
1 0 1000
1 0 1000
1 0 1000
1 0 1000
1 0 1000
3 0 32 32 579 611 389
1 0 1000
2 0 751 751 249
1 0 1000
1 0 1000
1 0 1000
1 0 1000
2 0 38 38 962
1 0 1000
1 0 1000
1 0 1000
1 0 1000
1 0 1000
1 0 1000
1 0 1000
1 0 1000
2 0 652 652 348
1 0 1000
1 0 1000
2 0 992 992 8
2 0 698 698 302
1 0 1000
1 0 1000
1 0 1000
2 0 617 617 383
1 0 1000
1 0 1000
1 0 1000
1 0 1000
2 0 669 669 331
1 0 1000
3 0 732 732 124 856 144
1 0 1000
1 0 1000
1 0 1000
1 0 1000
1 0 1000
2 0 947 947 53
2 0 11 11 989
2 0 770 770 230
1 0 1000
1 0 1000
1 0 1000
1 0 1000
1 0 1000
2 0 167 167 833
1 0 1000
1 0 1000
1 0 1000
1 0 1000
1 0 1000
1 0 1000
1 0 1000
1 0 1000
1 0 1000
1 0 1000
2 0 492 492 508
1 0 1000
1 0 1000
1 0 1000
1 0 1000
2 0 782 782 218
1 0 1000
1 0 1000
2 0 743 743 257
1 0 1000
3 0 329 329 586 915 85
1 0 1000
1 0 1000
1 0 1000
1 0 1000
1 0 1000
1 0 1000
2 0 292 292 708
1 0 1000
1 0 1000
1 0 1000
1 0 1000
1 0 1000
1 0 1000
