1000 191
3 0 286 286 279 565 435
3 0 200 200 521 721 279
2 0 171 171 829
4 0 151 151 349 500 8 508 492
3 0 646 646 150 796 204
4 0 550 550 168 718 113 831 169
3 0 80 80 202 282 718
3 0 5 5 926 931 69
4 0 338 338 523 861 107 968 32
3 0 540 540 144 684 316
1 0 1000
2 0 305 305 695
1 0 1000
2 0 880 880 120
2 0 242 242 758
1 0 1000
3 0 124 124 437 561 439
3 0 228 228 237 465 535
4 0 619 619 205 824 139 963 37
3 0 613 613 212 825 175
1 0 1000
3 0 7 7 875 882 118
3 0 84 84 361 445 555
2 0 774 774 226
2 0 730 730 270
3 0 39 39 524 563 437
1 0 1000
1 0 1000
3 0 53 53 385 438 562
2 0 735 735 265
2 0 833 833 167
3 0 88 88 13 101 899
1 0 1000
1 0 1000
3 0 57 57 121 178 822
1 0 1000
1 0 1000
2 0 990 990 10
3 0 121 121 142 263 737
3 0 96 96 292 388 612
1 0 1000
2 0 793 793 207
2 0 785 785 215
3 0 779 779 8 787 213
2 0 862 862 138
1 0 1000
1 0 1000
3 0 499 499 369 868 132
3 0 107 107 336 443 557
1 0 1000
1 0 1000
3 0 121 121 859 980 20
2 0 941 941 59
3 0 557 557 49 606 394
2 0 40 40 960
3 0 143 143 736 879 121
1 0 1000
2 0 415 415 585
2 0 459 459 541
3 0 624 624 83 707 293
2 0 425 425 575
1 0 1000
2 0 312 312 688
3 0 482 482 79 561 439
2 0 741 741 259
3 0 423 423 333 756 244
3 0 104 104 209 313 687
2 0 95 95 905
1 0 1000
2 0 83 83 917
2 0 431 431 569
3 0 258 258 731 989 11
2 0 688 688 312
3 0 63 63 526 589 411
1 0 1000
4 0 204 204 97 301 685 986 14
2 0 110 110 890
3 0 429 429 417 846 154
3 0 510 510 367 877 123
2 0 36 36 964
3 0 134 134 708 842 158
3 0 431 431 227 658 342
2 0 880 880 120
3 0 565 565 57 622 378
2 0 576 576 424
3 0 13 13 573 586 414
3 0 399 399 369 768 232
4 0 33 33 157 190 586 776 224
1 0 1000
1 0 1000
3 0 576 576 141 717 283
2 0 402 402 598
3 0 380 380 58 438 562
2 0 133 133 867
1 0 1000
3 0 515 515 292 807 193
3 0 159 159 41 200 800
4 0 189 189 168 357 118 475 525
3 0 386 386 445 831 169
3 0 856 856 47 903 97
2 0 651 651 349
2 0 289 289 711
1 0 1000
3 0 418 418 440 858 142
1 0 1000
1 0 1000
1 0 1000
3 0 43 43 108 151 849
1 0 1000
1 0 1000
4 0 200 200 24 224 653 877 123
2 0 492 492 508
3 0 463 463 336 799 201
2 0 222 222 778
2 0 56 56 944
3 0 37 37 146 183 817
3 0 166 166 265 431 569
1 0 1000
1 0 1000
3 0 35 35 34 69 931
3 0 515 515 442 957 43
1 0 1000
1 0 1000
3 0 112 112 686 798 202
1 0 1000
2 0 23 23 977
1 0 1000
3 0 461 461 256 717 283
2 0 802 802 198
3 0 67 67 822 889 111
2 0 732 732 268
2 0 82 82 918
3 0 33 33 124 157 843
2 0 549 549 451
3 0 162 162 194 356 644
3 0 71 71 916 987 13
1 0 1000
4 0 15 15 149 164 655 819 181
4 0 267 267 99 366 235 601 399
2 0 410 410 590
3 0 216 216 322 538 462
3 0 46 46 46 92 908
4 0 338 338 523 861 28 889 111
3 0 126 126 423 549 451
1 0 1000
3 0 875 875 48 923 77
1 0 1000
2 0 924 924 76
1 0 1000
2 0 432 432 568
1 0 1000
2 0 634 634 366
2 0 461 461 539
3 0 180 180 670 850 150
1 0 1000
3 0 163 163 538 701 299
1 0 1000
2 0 84 84 916
1 0 1000
1 0 1000
2 0 145 145 855
2 0 593 593 407
1 0 1000
2 0 823 823 177
2 0 865 865 135
1 0 1000
2 0 788 788 212
3 0 354 354 371 725 275
3 0 655 655 40 695 305
4 0 69 69 185 254 42 296 704
4 0 30 30 453 483 11 494 506
2 0 337 337 663
2 0 150 150 850
2 0 899 899 101
3 0 611 611 164 775 225
2 0 609 609 391
2 0 393 393 607
1 0 1000
3 0 386 386 595 981 19
3 0 731 731 79 810 190
2 0 725 725 275
3 0 211 211 710 921 79
3 0 13 13 277 290 710
2 0 612 612 388
3 0 864 864 76 940 60
3 0 438 438 557 995 5
3 0 595 595 391 986 14
2 0 168 168 832
2 0 406 406 594
2 0 890 890 110
2 0 960 960 40
