1000 313
3 0 408 408 365 773 227
3 0 245 245 494 739 261
1 0 1000
3 0 330 330 645 975 25
1 0 1000
3 0 935 935 51 986 14
3 0 273 273 335 608 392
1 0 1000
1 0 1000
3 0 470 470 271 741 259
2 0 586 586 414
1 0 1000
2 0 545 545 455
3 0 519 519 91 610 390
2 0 987 987 13
4 0 415 415 160 575 58 633 367
1 0 1000
2 0 925 925 75
2 0 220 220 780
2 0 410 410 590
1 0 1000
2 0 66 66 934
1 0 1000
3 0 268 268 627 895 105
1 0 1000
1 0 1000
2 0 83 83 917
3 0 99 99 294 393 607
3 0 429 429 144 573 427
2 0 292 292 708
3 0 173 173 333 506 494
1 0 1000
3 0 700 700 14 714 286
2 0 203 203 797
1 0 1000
3 0 479 479 458 937 63
1 0 1000
2 0 498 498 502
3 0 523 523 85 608 392
1 0 1000
3 0 179 179 547 726 274
3 0 145 145 88 233 767
2 0 415 415 585
2 0 195 195 805
2 0 911 911 89
3 0 134 134 170 304 696
2 0 599 599 401
1 0 1000
1 0 1000
1 0 1000
3 0 258 258 168 426 574
3 0 166 166 356 522 478
1 0 1000
2 0 433 433 567
1 0 1000
1 0 1000
3 0 110 110 242 352 648
2 0 183 183 817
2 0 104 104 896
3 0 16 16 832 848 152
2 0 978 978 22
2 0 766 766 234
1 0 1000
1 0 1000
3 0 470 470 200 670 330
3 0 526 526 331 857 143
2 0 863 863 137
3 0 121 121 155 276 724
1 0 1000
1 0 1000
3 0 12 12 974 986 14
1 0 1000
2 0 734 734 266
4 0 160 160 215 375 15 390 610
2 0 875 875 125
2 0 937 937 63
2 0 584 584 416
2 0 952 952 48
2 0 200 200 800
1 0 1000
3 0 46 46 764 810 190
1 0 1000
3 0 321 321 62 383 617
1 0 1000
2 0 192 192 808
3 0 564 564 58 622 378
3 0 27 27 429 456 544
1 0 1000
3 0 92 92 727 819 181
2 0 862 862 138
3 0 10 10 167 177 823
2 0 512 512 488
3 0 232 232 94 326 674
1 0 1000
1 0 1000
3 0 61 61 34 95 905
3 0 550 550 351 901 99
2 0 210 210 790
1 0 1000
3 0 324 324 362 686 314
2 0 142 142 858
2 0 366 366 634
1 0 1000
3 0 507 507 363 870 130
3 0 491 491 85 576 424
3 0 628 628 92 720 280
3 0 751 751 130 881 119
3 0 491 491 47 538 462
4 0 576 576 159 735 106 841 159
1 0 1000
3 0 103 103 696 799 201
2 0 452 452 548
3 0 358 358 595 953 47
1 0 1000
1 0 1000
3 0 231 231 524 755 245
2 0 560 560 440
3 0 401 401 150 551 449
3 0 102 102 610 712 288
2 0 197 197 803
2 0 851 851 149
2 0 460 460 540
3 0 191 191 451 642 358
3 0 237 237 715 952 48
2 0 88 88 912
3 0 254 254 378 632 368
3 0 152 152 628 780 220
3 0 95 95 515 610 390
1 0 1000
3 0 467 467 134 601 399
1 0 1000
3 0 803 803 124 927 73
1 0 1000
1 0 1000
1 0 1000
3 0 23 23 311 334 666
2 0 845 845 155
1 0 1000
3 0 507 507 105 612 388
3 0 589 589 118 707 293
2 0 128 128 872
3 0 221 221 709 930 70
1 0 1000
2 0 644 644 356
2 0 798 798 202
3 0 801 801 97 898 102
1 0 1000
3 0 142 142 272 414 586
2 0 211 211 789
3 0 119 119 119 238 762
3 0 499 499 230 729 271
3 0 204 204 522 726 274
2 0 434 434 566
2 0 213 213 787
2 0 94 94 906
1 0 1000
3 0 386 386 194 580 420
1 0 1000
2 0 346 346 654
3 0 129 129 826 955 45
3 0 380 380 589 969 31
3 0 88 88 183 271 729
4 0 410 410 283 693 249 942 58
4 0 360 360 193 553 144 697 303
3 0 530 530 48 578 422
2 0 411 411 589
2 0 680 680 320
1 0 1000
3 0 75 75 32 107 893
1 0 1000
3 0 451 451 69 520 480
2 0 639 639 361
2 0 336 336 664
1 0 1000
2 0 619 619 381
3 0 659 659 200 859 141
2 0 485 485 515
1 0 1000
1 0 1000
1 0 1000
2 0 40 40 960
2 0 209 209 791
3 0 363 363 619 982 18
1 0 1000
3 0 399 399 164 563 437
1 0 1000
3 0 25 25 82 107 893
2 0 985 985 15
2 0 919 919 81
1 0 1000
1 0 1000
1 0 1000
2 0 407 407 593
1 0 1000
1 0 1000
3 0 114 114 30 144 856
1 0 1000
2 0 78 78 922
2 0 33 33 967
1 0 1000
2 0 991 991 9
1 0 1000
3 0 498 498 424 922 78
2 0 857 857 143
1 0 1000
1 0 1000
2 0 501 501 499
1 0 1000
3 0 133 133 494 627 373
2 0 172 172 828
2 0 823 823 177
3 0 5 5 405 410 590
3 0 64 64 102 166 834
3 0 603 603 99 702 298
1 0 1000
2 0 752 752 248
1 0 1000
4 0 838 838 1 839 116 955 45
1 0 1000
2 0 395 395 605
1 0 1000
3 0 726 726 70 796 204
2 0 624 624 376
1 0 1000
2 0 412 412 588
2 0 271 271 729
3 0 11 11 823 834 166
2 0 785 785 215
1 0 1000
2 0 234 234 766
2 0 648 648 352
2 0 894 894 106
3 0 312 312 459 771 229
2 0 338 338 662
3 0 848 848 146 994 6
3 0 7 7 508 515 485
3 0 612 612 368 980 20
2 0 954 954 46
1 0 1000
2 0 477 477 523
3 0 330 330 329 659 341
2 0 813 813 187
2 0 998 998 2
3 0 306 306 255 561 439
2 0 667 667 333
1 0 1000
2 0 874 874 126
3 0 362 362 112 474 526
4 0 96 96 12 108 313 421 579
1 0 1000
3 0 78 78 554 632 368
1 0 1000
1 0 1000
1 0 1000
1 0 1000
3 0 880 880 94 974 26
2 0 515 515 485
3 0 372 372 488 860 140
2 0 534 534 466
2 0 666 666 334
1 0 1000
3 0 254 254 437 691 309
2 0 372 372 628
1 0 1000
2 0 569 569 431
3 0 193 193 571 764 236
2 0 146 146 854
3 0 142 142 807 949 51
2 0 386 386 614
2 0 604 604 396
1 0 1000
1 0 1000
3 0 466 466 47 513 487
3 0 415 415 473 888 112
1 0 1000
3 0 82 82 334 416 584
2 0 369 369 631
1 0 1000
2 0 562 562 438
1 0 1000
2 0 982 982 18
3 0 538 538 362 900 100
2 0 515 515 485
1 0 1000
2 0 976 976 24
4 0 266 266 265 531 270 801 199
2 0 322 322 678
3 0 88 88 107 195 805
1 0 1000
1 0 1000
2 0 953 953 47
1 0 1000
1 0 1000
3 0 85 85 772 857 143
2 0 18 18 982
1 0 1000
2 0 832 832 168
2 0 316 316 684
2 0 674 674 326
2 0 663 663 337
3 0 75 75 158 233 767
3 0 222 222 730 952 48
2 0 548 548 452
3 0 448 448 173 621 379
2 0 239 239 761
3 0 479 479 145 624 376
3 0 344 344 390 734 266
1 0 1000
3 0 145 145 204 349 651
1 0 1000
3 0 724 724 15 739 261
3 0 154 154 216 370 630
2 0 557 557 443
