1000 172
3 0 274 274 22 296 704
3 0 728 728 259 987 13
3 0 433 433 304 737 263
3 0 17 17 269 286 714
3 0 424 424 443 867 133
3 0 141 141 412 553 447
1 0 1000
4 0 254 254 228 482 162 644 356
3 0 564 564 18 582 418
3 0 324 324 290 614 386
2 0 442 442 558
3 0 179 179 252 431 569
3 0 389 389 146 535 465
4 0 396 396 202 598 214 812 188
2 0 551 551 449
2 0 738 738 262
3 0 646 646 281 927 73
4 0 140 140 78 218 126 344 656
3 0 22 22 771 793 207
3 0 702 702 8 710 290
3 0 826 826 82 908 92
4 0 223 223 172 395 327 722 278
3 0 175 175 722 897 103
4 0 363 363 382 745 8 753 247
3 0 58 58 213 271 729
3 0 153 153 501 654 346
3 0 262 262 464 726 274
3 0 30 30 275 305 695
4 0 288 288 90 378 90 468 532
3 0 644 644 14 658 342
3 0 312 312 550 862 138
3 0 55 55 693 748 252
4 0 156 156 586 742 122 864 136
3 0 254 254 596 850 150
3 0 570 570 189 759 241
3 0 294 294 531 825 175
3 0 328 328 154 482 518
3 0 325 325 619 944 56
2 0 604 604 396
4 0 113 113 545 658 321 979 21
3 0 515 515 86 601 399
3 0 122 122 415 537 463
3 0 294 294 416 710 290
3 0 377 377 412 789 211
3 0 502 502 181 683 317
2 0 582 582 418
3 0 872 872 27 899 101
3 0 810 810 43 853 147
2 0 320 320 680
3 0 381 381 334 715 285
3 0 443 443 30 473 527
4 0 341 341 88 429 150 579 421
2 0 44 44 956
3 0 68 68 337 405 595
3 0 16 16 96 112 888
3 0 548 548 84 632 368
3 0 328 328 502 830 170
4 0 214 214 109 323 570 893 107
3 0 172 172 126 298 702
3 0 725 725 61 786 214
3 0 550 550 177 727 273
3 0 92 92 760 852 148
4 0 611 611 33 644 99 743 257
3 0 26 26 122 148 852
3 0 168 168 468 636 364
4 0 201 201 57 258 523 781 219
1 0 1000
4 0 252 252 285 537 20 557 443
3 0 85 85 12 97 903
4 0 343 343 59 402 183 585 415
4 0 203 203 305 508 255 763 237
3 0 533 533 222 755 245
4 0 454 454 87 541 321 862 138
3 0 104 104 472 576 424
3 0 217 217 338 555 445
4 0 116 116 9 125 398 523 477
4 0 80 80 37 117 389 506 494
3 0 195 195 456 651 349
3 0 147 147 511 658 342
3 0 474 474 141 615 385
3 0 317 317 294 611 389
3 0 233 233 443 676 324
4 0 137 137 210 347 134 481 519
4 0 150 150 53 203 158 361 639
4 0 112 112 51 163 478 641 359
4 0 41 41 432 473 67 540 460
3 0 450 450 311 761 239
3 0 337 337 96 433 567
2 0 811 811 189
4 0 46 46 727 773 105 878 122
3 0 146 146 17 163 837
3 0 677 677 182 859 141
4 0 145 145 234 379 4 383 617
2 0 413 413 587
2 0 117 117 883
3 0 573 573 49 622 378
3 0 544 544 180 724 276
3 0 275 275 67 342 658
3 0 620 620 77 697 303
4 0 223 223 342 565 72 637 363
3 0 657 657 323 980 20
4 0 484 484 89 573 139 712 288
3 0 550 550 136 686 314
3 0 498 498 207 705 295
4 0 276 276 46 322 272 594 406
3 0 863 863 78 941 59
3 0 848 848 39 887 113
4 0 162 162 31 193 523 716 284
3 0 567 567 200 767 233
4 0 116 116 574 690 67 757 243
4 0 203 203 148 351 564 915 85
2 0 716 716 284
3 0 122 122 518 640 360
4 0 48 48 88 136 8 144 856
3 0 677 677 56 733 267
3 0 462 462 121 583 417
3 0 499 499 28 527 473
3 0 542 542 295 837 163
4 0 391 391 65 456 211 667 333
2 0 233 233 767
3 0 547 547 165 712 288
3 0 594 594 29 623 377
4 0 361 361 163 524 167 691 309
4 0 378 378 193 571 227 798 202
2 0 186 186 814
3 0 286 286 576 862 138
1 0 1000
3 0 264 264 719 983 17
3 0 301 301 368 669 331
4 0 607 607 36 643 5 648 352
3 0 146 146 127 273 727
2 0 974 974 26
4 0 129 129 243 372 434 806 194
3 0 512 512 348 860 140
4 0 81 81 399 480 284 764 236
3 0 288 288 298 586 414
3 0 671 671 19 690 310
3 0 382 382 118 500 500
3 0 759 759 142 901 99
2 0 466 466 534
3 0 795 795 189 984 16
4 0 65 65 140 205 458 663 337
4 0 600 600 7 607 263 870 130
3 0 570 570 188 758 242
3 0 270 270 481 751 249
3 0 343 343 54 397 603
3 0 401 401 555 956 44
4 0 72 72 416 488 46 534 466
2 0 24 24 976
3 0 715 715 25 740 260
4 0 83 83 337 420 69 489 511
3 0 762 762 46 808 192
3 0 382 382 28 410 590
2 0 799 799 201
3 0 650 650 165 815 185
2 0 632 632 368
3 0 782 782 37 819 181
2 0 97 97 903
2 0 408 408 592
3 0 427 427 51 478 522
3 0 44 44 907 951 49
3 0 83 83 9 92 908
3 0 45 45 3 48 952
3 0 12 12 134 146 854
4 0 264 264 86 350 461 811 189
3 0 51 51 595 646 354
3 0 88 88 429 517 483
2 0 939 939 61
3 0 530 530 26 556 444
3 0 791 791 73 864 136
3 0 741 741 225 966 34
4 0 283 283 337 620 137 757 243
