1000 30
3 0 510 510 405 915 85
7 0 282 282 208 490 13 542 328 870 108 978 8 986 14
10 0 62 62 11 73 145 237 177 414 94 508 223 731 172 956 13 969 23 992 8
6 0 518 518 228 746 154 901 33 934 40 974 26
6 0 253 253 4 257 3 387 81 468 329 797 203
9 0 9 9 21 30 3 239 177 416 9 425 25 518 159 677 153 830 170
11 0 145 145 92 237 14 345 43 388 35 424 378 802 43 845 61 938 21 959 3 962 38
7 0 286 286 273 559 310 896 8 904 5 909 12 973 27
8 0 139 139 402 541 50 758 12 770 164 934 39 986 4 990 10
7 0 46 46 3 49 1 490 156 646 128 774 131 975 25
9 0 14 37 14 51 331 382 54 479 170 649 81 730 56 915 8 923 77
6 0 480 480 28 508 199 864 63 927 22 949 51
4 0 168 168 60 228 555 783 217
4 0 272 272 2 274 616 991 9
7 0 165 165 48 213 54 267 2 899 22 921 8 929 71
4 0 519 519 6 525 4 998 2
9 0 7 7 4 94 57 151 1 152 1 327 338 665 18 683 96 779 221
7 0 30 30 19 49 4 53 27 118 120 238 312 550 450
4 0 647 647 29 676 62 956 44
6 0 177 177 2 179 1 840 57 897 1 898 102
11 0 23 23 2 25 11 104 12 116 39 170 564 734 74 808 20 860 34 894 7 901 99
10 0 18 18 2 20 2 435 57 492 3 495 1 771 31 802 46 848 79 927 73
9 0 1 21 363 384 10 394 65 484 114 598 27 625 24 649 295 950 50
10 0 148 148 93 241 9 678 106 784 51 835 32 867 35 908 8 916 52 968 32
4 0 60 60 450 510 312 822 178
6 0 322 322 114 436 414 883 63 946 32 978 22
9 0 24 24 4 28 1 64 37 101 1 102 1 575 85 660 50 710 290
6 0 158 158 229 387 2 915 19 934 46 980 20
6 0 146 146 72 218 526 771 40 811 119 930 70
7 0 433 433 26 459 43 727 57 784 9 793 72 916 84
