1000 49
3 0 171 171 317 488 512
4 0 55 55 256 311 522 895 105
3 0 323 323 414 737 263
4 0 147 147 574 775 158 933 67
7 0 140 140 95 235 104 541 160 709 45 754 192 946 54
3 0 547 547 269 816 184
4 0 114 114 156 270 443 894 106
5 0 90 90 145 235 404 652 114 766 234
7 0 88 313 124 437 81 518 75 627 4 635 193 828 172
6 0 105 105 63 168 175 438 40 560 176 736 264
7 0 7 7 2 9 109 138 328 473 227 700 218 918 82
3 0 145 145 424 569 431
5 0 7 7 49 56 272 592 190 796 204
6 0 212 326 74 400 22 422 302 728 223 951 49
4 0 258 258 106 364 49 895 105
4 0 35 56 520 576 33 609 391
3 0 150 150 185 335 665
4 0 456 456 424 880 81 978 22
4 0 73 623 52 675 191 866 134
7 0 41 41 5 46 2 903 13 916 17 934 50 998 2
4 0 363 363 412 775 222 997 3
3 0 298 298 1 299 701
3 0 1 903 26 967 33
1 0 1000
3 0 12 12 492 504 496
5 0 201 201 271 472 320 862 42 904 96
4 0 165 165 163 328 132 971 29
3 0 164 164 122 286 714
3 0 704 704 131 835 165
5 0 41 41 10 51 1 838 119 987 13
6 0 570 812 52 864 31 895 14 928 40 973 27
4 0 338 338 414 752 185 946 54
4 0 137 137 156 293 429 722 278
4 0 100 100 99 383 211 594 406
4 0 453 453 104 654 6 676 324
6 0 27 27 4 31 1 311 384 695 65 760 240
3 0 545 545 360 905 95
6 0 14 14 107 121 197 318 266 863 20 883 117
4 0 20 20 47 929 50 979 21
5 0 21 66 199 265 62 327 60 387 613
3 0 407 407 349 756 244
6 0 486 486 12 498 61 894 32 941 47 993 7
2 0 29 280 720
6 0 73 73 11 84 3 427 4 431 462 976 24
5 0 56 58 94 152 295 447 345 792 208
3 0 327 327 237 564 436
4 0 266 266 154 505 109 731 269
6 0 194 194 30 224 163 419 127 546 210 771 229
3 0 44 44 548 592 408
