1000 24
4 0 71 71 119 190 248 438 562
9 0 455 455 1 456 1 874 2 876 4 880 40 920 3 971 15 986 14
4 0 51 51 3 54 1 990 10
9 0 25 26 1 30 14 45 1 46 2 49 3 53 128 181 111 292 708
3 0 940 940 13 953 47
6 0 305 305 180 485 183 668 7 984 4 993 7
13 0 47 47 28 75 104 213 15 228 39 279 5 284 11 295 35 337 11 348 77 425 38 936 29 965 35
15 0 127 127 3 130 2 153 17 170 143 313 13 367 10 377 36 413 6 428 4 432 8 440 18 460 457 917 40 957 43
7 0 52 52 1 53 2 842 51 893 4 897 67 985 15
15 0 4 4 15 19 3 22 2 37 3 47 3 54 268 322 1 323 267 742 106 848 5 853 50 921 33 954 39 993 7
10 0 82 82 12 94 7 101 212 318 104 422 212 634 10 644 311 958 32 990 10
10 0 144 144 1 145 28 173 30 238 24 262 51 313 160 473 356 910 82 992 8
9 0 406 406 4 410 3 675 91 766 14 780 19 988 10 998 1 999 1
11 0 7 7 2 9 1 163 117 280 4 284 1 724 35 778 1 784 55 839 133 972 28
15 0 14 14 9 23 3 77 58 135 5 140 16 156 7 200 4 226 362 588 164 752 8 875 90 965 14 979 12 991 9
3 0 377 377 93 470 530
10 0 43 43 111 154 111 265 45 472 234 706 19 725 9 962 11 973 3 976 24
17 0 28 28 2 30 10 40 51 129 26 155 28 183 62 283 216 499 16 515 8 606 25 631 3 634 66 712 72 784 103 887 74 961 39
10 0 37 37 13 50 19 88 60 148 531 679 15 868 85 953 15 968 10 978 22
6 0 199 199 1 200 1 807 14 821 129 950 50
9 0 93 93 3 96 2 112 2 114 9 141 184 325 210 535 354 889 111
3 0 246 246 248 494 506
10 0 314 314 29 343 58 436 20 456 17 473 113 601 141 742 69 811 2 994 6
11 0 134 134 12 146 52 198 33 280 205 485 76 561 82 917 3 940 39 979 13 992 8
