11
721113 637326 755973 686494 224687 475772 987869 670004 829219 6558 216680
0 652484 602054 651686 818378 400111 873747 75779 971726 568462 571132
821741 0 128629 71535 943126 862543 362893 260813 15038 168065 666075
540694 397723 0 29563 871885 84254 868590 199952 36016 458322 358074
517590 780305 933061 0 516625 73595 158410 757614 989837 167235 225118
899598 198460 563714 817792 0 671746 405825 812366 42174 4862 427753
54772 471255 324916 848509 675775 0 180150 218293 863889 507319 153992
243248 697493 202940 526169 444225 601510 0 309866 973533 232317 360742
805644 120735 599721 276819 502271 434357 145966 0 932648 530242 650588
541311 688176 470703 415989 335001 464308 844252 198868 0 617552 207179
710920 469036 670241 226771 261439 263798 425322 508688 706817 0 883965
461913 77698 220921 225282 488227 624094 198546 917703 491693 879356 0
