60 20 59
40
42
39
50
9
29
56
55
1
34
14
5
20
44
52
33
53
12
19
10
5 12 2
39 12 4
12 25 8
12 29 16
39 42 64
39 29 128
56 5 256
5 29 512
17 48 2
45 48 4
16 26 8
2 23 16
6 48 32
6 26 64
21 23 128
23 47 256
23 17 512
16 23 1024
27 36 2
0 57 4
0 4 8
59 31 16
59 27 32
0 36 64
35 4 128
27 31 256
24 59 1024
20 33 2
54 10 4
58 33 8
10 44 16
44 58 32
58 10 64
20 54 256
1 53 512
54 40 1024
43 49 2
43 51 4
55 43 8
55 52 32
28 19 128
28 14 256
19 46 512
49 50 1024
41 22 2
15 41 4
7 13 8
32 3 16
3 18 32
41 7 64
18 32 128
7 18 256
13 11 512
3 11 1024
39 48 271
45 31 1909
4 20 609
1 49 251
46 22 493
