80 30 80
68
9
66
29
57
55
49
24
33
41
74
51
13
19
16
10
2
42
61
31
0
5
17
15
8
38
60
54
65
25
8 68 2
8 33 4
63 33 8
33 68 16
8 25 32
49 68 64
25 33 128
68 63 256
68 17 512
34 46 2
11 30 4
30 46 8
34 37 16
28 34 32
34 39 256
39 11 1024
78 59 2
59 20 4
78 27 8
20 45 16
78 45 32
73 78 64
58 59 128
20 40 256
20 3 512
57 36 2
61 36 4
54 36 8
9 2 16
9 54 32
61 41 64
57 51 128
51 54 256
61 54 512
18 19 2
42 5 4
19 60 8
72 19 16
72 55 32
19 42 64
19 55 128
60 42 256
19 48 512
55 60 1024
6 70 2
26 50 4
53 6 8
69 52 16
50 79 64
70 53 128
6 26 256
79 70 512
69 44 1024
76 12 2
1 76 4
32 62 8
76 56 16
75 43 32
56 12 64
7 43 128
32 12 256
75 7 512
1 12 1024
66 77 2
13 22 4
66 16 8
38 16 16
22 24 32
65 22 64
24 65 128
38 65 256
24 21 512
13 65 1024
31 39 871
30 58 915
78 51 343
41 64 1187
19 6 787
52 1 321
35 65 271
