100 4 98
25
66
92
49
94 53 2
14 53 4
3 94 8
64 94 16
67 64 32
14 64 64
95 58 256
64 53 512
64 95 1024
32 1 2
17 60 4
45 63 8
86 63 16
86 45 64
1 17 128
1 93 256
32 63 1024
6 96 2
87 51 4
59 99 8
87 82 16
99 82 32
69 68 64
82 68 128
96 59 1024
31 83 2
31 24 4
78 89 8
24 78 16
7 83 32
31 89 64
8 16 128
83 78 512
83 28 1024
81 85 2
81 79 4
77 90 8
65 90 16
25 11 32
77 65 64
25 66 128
90 79 256
85 66 512
47 5 2
26 5 4
26 52 8
54 47 16
98 5 32
54 44 64
44 5 128
41 47 256
54 20 1024
36 70 2
29 36 4
36 35 8
35 74 16
15 91 32
35 70 64
38 70 128
88 70 256
88 36 512
80 61 2
18 76 4
76 84 8
61 43 16
48 9 32
48 76 64
2 84 128
9 2 256
84 9 512
80 18 1024
39 42 2
46 55 4
23 55 8
23 50 16
73 22 32
50 4 64
22 4 256
30 50 512
42 30 1024
72 49 2
40 62 4
19 37 8
0 37 16
49 10 32
0 49 64
72 62 128
72 10 512
19 72 1024
95 27 647
17 99 1145
69 8 1953
89 66 353
25 54 133
47 70 371
35 76 1891
12 22 1643
55 10 1673
