200 50 200
147
24
47
191
62
129
85
135
158
31
63
146
95
151
53
157
186
87
166
160
34
0
79
173
105
117
116
101
58
71
43
176
51
4
57
75
50
36
162
119
148
61
39
2
111
41
66
65
114
23
68 134 2
134 47 4
79 4 8
50 87 16
79 68 32
50 47 64
37 68 256
50 79 512
50 39 1024
163 197 2
196 165 4
52 96 8
88 197 16
11 88 32
163 11 64
52 59 128
163 59 256
59 196 512
11 59 1024
143 49 2
90 84 4
90 30 8
187 54 32
84 177 64
192 143 128
177 54 256
49 30 512
30 84 1024
38 168 2
129 162 4
179 162 8
179 38 32
168 166 64
129 183 128
38 160 256
160 119 512
186 130 2
107 97 4
186 56 8
107 0 16
97 75 32
176 0 64
24 107 128
24 186 256
117 97 512
0 130 1024
100 108 2
73 108 4
145 108 8
145 194 16
86 112 32
73 112 64
150 194 128
150 141 256
69 10 2
10 182 4
123 10 8
104 170 32
16 182 64
13 104 128
104 69 256
13 69 1024
23 137 2
63 22 4
132 181 8
45 63 16
63 181 32
172 63 128
22 132 256
181 172 512
181 137 1024
140 111 2
151 140 4
121 111 8
80 121 16
2 159 32
146 121 64
111 151 128
121 2 256
159 80 512
140 51 1024
46 102 2
139 102 4
180 18 8
28 139 16
28 180 32
152 7 64
102 152 128
46 7 256
18 7 512
180 152 1024
35 64 2
40 20 4
64 20 8
27 20 16
198 27 64
118 48 128
27 35 256
174 198 512
174 118 1024
191 106 2
3 6 4
114 74 8
89 34 16
106 74 32
191 6 64
74 3 128
34 19 256
34 74 512
19 74 1024
142 94 2
156 190 4
41 1 8
156 66 16
1 190 32
156 1 64
44 178 256
178 156 512
178 1 1024
5 189 2
42 184 4
124 5 8
77 110 16
77 161 32
110 161 64
184 103 128
124 161 256
77 5 1024
33 113 2
25 21 4
185 60 8
195 25 16
195 185 64
195 12 128
185 149 256
12 185 1024
122 136 2
15 136 4
99 109 8
99 136 32
157 8 64
99 8 256
157 36 1024
82 72 2
62 105 4
62 17 8
62 72 16
127 82 32
61 85 64
17 164 128
105 85 256
61 81 512
98 32 2
153 92 4
32 171 8
14 76 16
171 76 32
98 133 64
153 91 128
92 91 256
92 98 512
76 153 1024
169 67 2
67 144 4
199 83 8
144 70 16
144 9 32
83 169 64
78 83 128
199 144 256
199 78 512
70 169 1024
65 131 2
58 31 4
95 65 8
95 131 16
131 57 32
135 57 64
95 31 128
65 173 256
58 95 512
134 96 1263
165 90 185
54 129 1649
160 107 1755
24 112 1203
100 10 133
55 132 261
45 146 967
151 152 1887
138 174 757
48 6 595
114 43 1895
190 161 1125
155 21 433
195 109 689
99 81 871
127 153 271
98 70 193
144 58 1003
