700 50 695
471
506
522
280
34
638
28
48
528
88
176
487
180
267
633
91
412
221
600
164
611
77
252
385
207
613
521
90
73
320
309
242
458
238
646
110
218
87
299
565
229
131
426
616
79
510
293
501
617
480
280 95 1
5 144 1
91 328 1
328 5 1
127 95 1
267 328 1
127 328 1
95 91 1
665 500 1
40 665 1
137 173 1
70 106 1
70 137 1
179 517 1
106 665 1
497 53 1
347 215 1
497 592 1
133 240 1
215 592 1
347 592 1
98 592 1
497 240 1
193 599 1
425 366 1
435 696 1
87 366 1
599 87 1
193 624 1
624 200 1
624 87 1
200 193 1
193 410 1
43 33 1
272 531 1
507 463 1
181 248 1
531 69 1
43 531 1
248 69 1
61 463 1
43 272 1
61 33 1
162 310 1
134 85 1
310 400 1
385 502 1
648 400 1
115 400 1
134 400 1
115 385 1
41 509 1
509 671 1
338 332 1
509 472 1
41 123 1
339 34 1
339 509 1
338 692 1
34 509 1
671 41 1
15 516 1
331 606 1
622 606 1
516 564 1
622 604 1
331 236 1
213 482 1
482 236 1
15 213 1
535 641 1
641 268 1
265 641 1
641 188 1
128 246 1
641 631 1
405 246 1
612 265 1
535 246 1
84 261 1
112 83 1
83 312 1
83 675 1
675 312 1
221 698 1
312 221 1
90 698 1
185 529 1
54 527 1
54 439 1
270 439 1
439 647 1
270 168 1
54 529 1
527 647 1
54 1 1
168 439 1
423 68 1
154 12 1
12 419 1
558 37 1
558 423 1
574 37 1
558 419 1
591 423 1
423 37 1
12 574 1
431 576 1
437 421 1
431 396 1
576 147 1
437 396 1
437 371 1
576 76 1
421 325 1
147 421 1
549 461 1
597 367 1
453 597 1
78 597 1
532 78 1
78 367 1
668 216 1
45 397 1
575 569 1
569 397 1
619 340 1
575 340 1
642 569 1
300 619 1
569 109 1
619 569 1
119 619 1
544 51 1
286 580 1
273 438 1
438 544 1
544 580 1
273 491 1
491 438 1
491 51 1
286 284 1
51 273 1
80 486 1
159 238 1
80 159 1
47 652 1
652 80 1
486 159 1
357 643 1
486 652 1
357 486 1
31 304 1
11 573 1
636 194 1
573 370 1
370 31 1
169 31 1
304 345 1
194 17 1
541 682 1
614 682 1
506 614 1
614 689 1
471 689 1
460 614 1
230 460 1
689 506 1
460 682 1
230 506 1
676 430 1
382 8 1
430 598 1
676 598 1
430 348 1
626 348 1
8 225 1
256 8 1
348 225 1
676 226 1
637 448 1
152 448 1
448 454 1
429 178 1
77 178 1
77 448 1
637 178 1
132 640 1
132 333 1
145 166 1
145 427 1
333 166 1
523 166 1
319 145 1
333 319 1
145 132 1
57 3 1
633 3 1
633 211 1
211 360 1
211 57 1
664 3 1
664 456 1
633 379 1
360 456 1
202 548 1
199 50 1
50 72 1
358 50 1
530 613 1
450 50 1
587 72 1
450 358 1
550 358 1
358 613 1
677 330 1
171 291 1
161 330 1
231 129 1
667 161 1
255 171 1
255 677 1
667 291 1
9 171 1
171 231 1
673 39 1
686 610 1
125 198 1
125 401 1
673 451 1
610 198 1
39 125 1
610 673 1
673 686 1
610 553 1
105 518 1
158 661 1
518 661 1
93 661 1
105 285 1
543 93 1
158 320 1
518 93 1
205 426 1
487 649 1
266 420 1
426 457 1
457 446 1
446 649 1
457 649 1
649 266 1
266 205 1
487 266 1
480 432 1
540 588 1
408 540 1
588 480 1
432 97 1
432 539 1
588 196 1
539 97 1
121 539 1
411 402 1
547 411 1
150 402 1
608 383 1
411 150 1
414 375 1
414 150 1
402 547 1
383 422 1
605 82 1
602 605 1
399 107 1
627 317 1
602 399 1
241 605 1
107 525 1
241 399 1
241 29 1
687 630 1
687 66 1
563 687 1
563 66 1
687 387 1
99 515 1
687 222 1
66 99 1
314 0 1
0 96 1
372 96 1
0 476 1
666 309 1
476 666 1
138 481 1
0 372 1
96 666 1
141 562 1
195 234 1
242 183 1
242 28 1
462 141 1
234 28 1
28 462 1
141 234 1
38 386 1
227 452 1
635 46 1
206 46 1
206 131 1
452 206 1
220 27 1
220 206 1
386 27 1
386 206 1
81 260 1
655 260 1
469 287 1
232 522 1
287 81 1
232 469 1
655 522 1
81 232 1
469 42 1
10 209 1
311 377 1
311 308 1
235 311 1
233 311 1
308 10 1
308 233 1
403 377 1
308 209 1
120 629 1
681 210 1
577 120 1
629 184 1
577 210 1
443 629 1
443 467 1
14 143 1
245 190 1
296 58 1
699 176 1
58 699 1
176 239 1
14 239 1
315 245 1
176 190 1
20 417 1
140 293 1
561 468 1
20 534 1
293 468 1
140 20 1
526 468 1
526 417 1
26 534 1
493 593 1
94 353 1
21 313 1
593 313 1
313 124 1
493 124 1
21 354 1
316 243 1
313 243 1
510 157 1
157 458 1
217 458 1
658 155 1
155 499 1
217 155 1
157 658 1
217 186 1
186 658 1
510 155 1
283 557 1
117 412 1
60 464 1
283 412 1
73 557 1
262 60 1
389 283 1
60 283 1
566 262 1
274 7 1
336 513 1
336 504 1
100 617 1
336 170 1
504 170 1
219 617 1
617 504 1
513 100 1
100 504 1
361 479 1
616 327 1
616 674 1
263 616 1
361 616 1
135 479 1
275 263 1
674 479 1
474 674 1
337 474 1
329 146 1
25 478 1
478 551 1
329 79 1
551 146 1
64 146 1
25 556 1
478 329 1
64 551 1
374 295 1
512 369 1
657 465 1
378 295 1
374 428 1
646 645 1
390 281 1
167 92 1
583 281 1
167 380 1
258 380 1
258 167 1
251 167 1
583 258 1
16 269 1
514 71 1
19 187 1
269 201 1
74 436 1
269 363 1
201 187 1
71 201 1
16 436 1
363 436 1
49 355 1
160 305 1
560 489 1
160 489 1
498 160 1
498 359 1
489 359 1
355 160 1
672 489 1
560 149 1
253 662 1
579 318 1
22 579 1
632 542 1
542 662 1
174 579 1
656 302 1
302 174 1
55 139 1
496 55 1
356 368 1
212 424 1
356 496 1
55 356 1
424 156 1
212 356 1
445 212 1
685 214 1
484 644 1
214 259 1
644 224 1
259 484 1
484 685 1
690 484 1
488 259 1
572 122 1
490 398 1
362 398 1
362 148 1
136 572 1
362 136 1
362 659 1
165 122 1
492 75 1
483 75 1
442 75 1
492 508 1
621 492 1
404 623 1
442 404 1
404 492 1
492 623 1
621 75 1
116 691 1
103 663 1
343 609 1
609 691 1
343 663 1
349 343 1
680 691 1
343 653 1
116 680 1
538 554 1
554 415 1
415 503 1
554 257 1
618 538 1
503 111 1
618 433 1
433 111 1
18 578 1
177 264 1
254 130 1
18 475 1
567 130 1
264 18 1
254 528 1
35 567 1
567 254 1
388 607 1
568 388 1
695 23 1
388 625 1
607 326 1
568 326 1
695 607 1
326 118 1
625 326 1
524 628 1
628 277 1
44 584 1
628 13 1
524 44 1
13 634 1
13 524 1
520 634 1
142 501 1
208 459 1
142 108 1
459 189 1
142 459 1
4 142 1
334 501 1
501 108 1
4 189 1
153 688 1
153 110 1
601 638 1
638 384 1
192 688 1
384 110 1
601 571 1
601 688 1
203 546 1
364 546 1
244 494 1
126 364 1
494 203 1
126 204 1
229 244 1
126 203 1
546 407 1
323 322 1
67 322 1
323 444 1
473 114 1
114 67 1
294 114 1
323 114 1
294 323 1
600 114 1
413 596 1
519 413 1
344 596 1
596 113 1
113 344 1
250 519 1
570 373 1
341 519 1
570 344 1
218 466 1
485 679 1
470 218 1
679 218 1
350 595 1
324 485 1
679 466 1
620 352 1
470 350 1
172 394 1
307 394 1
393 394 1
307 670 1
88 393 1
536 589 1
88 223 1
307 223 1
247 536 1
288 292 1
477 292 1
298 288 1
288 559 1
298 207 1
292 559 1
207 477 1
594 207 1
288 594 1
559 594 1
669 392 1
335 303 1
694 392 1
495 611 1
669 694 1
303 669 1
278 335 1
52 278 1
694 56 1
56 392 1
32 191 1
59 441 1
441 290 1
59 32 1
545 441 1
441 590 1
191 441 1
62 191 1
32 151 1
280 179 1
40 133 1
497 624 1
200 507 1
272 310 1
162 332 1
509 606 1
213 631 1
265 221 1
639 1 1
1 68 1
37 431 1
396 597 1
376 397 1
45 491 1
48 652 1
238 573 1
17 682 1
279 382 1
676 178 1
178 523 1
166 456 1
456 530 1
530 231 1
667 39 1
610 93 1
93 420 1
457 540 1
121 383 1
422 602 1
82 563 1
630 372 1
666 195 1
242 635 1
131 260 1
655 10 1
308 586 1
120 58 1
245 561 1
26 243 1
354 658 1
297 557 1
117 504 1
228 327 1
479 79 1
146 369 1
465 583 1
86 201 1
201 160 1
49 302 1
579 356 1
368 644 1
259 572 1
572 175 1
492 609 1
663 111 1
24 264 1
130 695 1
118 524 1
628 108 1
501 384 1
654 204 1
126 322 1
252 596 1
250 485 1
679 172 1
223 342 1
207 669 1
56 590 1
