0 5
0 20
0 29
0 31
0 47
0 48
0 49
3 5
3 7
3 10
3 15
3 17
3 20
3 26
3 27
3 28
3 29
3 32
3 34
3 36
3 37
3 39
3 44
3 47
4 8
4 17
4 32
5 7
5 8
5 10
5 14
5 15
5 22
5 26
5 33
5 36
5 38
5 39
5 41
5 44
7 8
7 26
7 28
7 30
7 32
7 33
7 34
7 36
7 39
7 40
7 41
7 42
7 49
8 10
8 14
8 15
8 22
8 26
8 33
8 34
8 36
8 39
10 14
10 15
10 17
10 22
10 24
10 32
10 34
10 36
10 38
10 39
10 44
10 47
10 48
10 49
12 15
12 17
12 24
14 18
14 22
15 17
15 19
15 20
15 27
15 31
15 32
15 34
15 35
15 36
15 37
15 38
15 39
15 41
15 44
15 47
15 48
15 49
17 21
17 26
17 28
17 29
17 31
17 32
17 34
17 39
17 41
17 44
17 47
17 49
18 19
18 28
18 30
18 39
18 47
18 49
19 27
19 34
19 36
19 37
20 34
20 35
20 47
20 48
20 49
21 30
24 26
24 34
26 28
26 29
26 33
26 34
26 38
26 49
27 29
27 44
27 48
28 32
28 41
28 46
28 47
28 48
28 49
29 34
29 44
29 47
29 48
29 49
30 34
30 39
31 32
31 34
32 36
32 38
32 39
32 40
32 41
32 44
32 48
32 49
33 38
33 47
33 49
34 35
34 36
34 37
34 40
34 47
34 48
34 49
35 44
35 47
35 49
36 37
36 38
36 40
36 41
36 44
36 48
37 44
38 39
38 41
38 44
38 46
38 48
38 49
39 44
39 47
39 49
41 46
41 47
41 48
41 49
44 48
44 49
47 49
48 49
