1000 50 999
371
15
978
218
964
883
620
669
311
763
975
82
679
656
743
957
239
362
64
313
954
392
322
427
767
379
865
425
391
522
861
619
145
115
285
219
164
157
172
181
67
182
409
152
938
502
122
196
990
882
98 999 1
566 249 1
753 582 1
912 263 1
668 800 1
598 395 1
482 71 1
481 562 1
609 120 1
81 972 1
417 425 1
174 722 1
503 630 1
516 997 1
479 402 1
356 501 1
326 183 1
984 537 1
400 623 1
238 518 1
861 214 1
853 7 1
826 213 1
522 417 1
857 631 1
683 36 1
853 406 1
562 96 1
3 25 1
600 760 1
892 866 1
875 225 1
865 48 1
446 414 1
632 607 1
188 752 1
978 791 1
278 272 1
137 480 1
750 758 1
178 73 1
796 640 1
519 629 1
781 231 1
17 366 1
452 252 1
289 474 1
396 751 1
116 787 1
203 904 1
265 998 1
177 974 1
536 794 1
721 377 1
619 891 1
319 64 1
798 931 1
735 855 1
218 814 1
180 913 1
338 284 1
281 166 1
228 807 1
223 477 1
21 355 1
48 267 1
70 969 1
285 613 1
355 844 1
463 44 1
455 413 1
826 786 1
631 896 1
701 550 1
131 886 1
28 204 1
202 67 1
525 377 1
650 753 1
978 780 1
237 483 1
451 196 1
3 316 1
158 663 1
89 985 1
128 234 1
947 735 1
860 699 1
664 347 1
715 223 1
749 170 1
882 382 1
517 765 1
803 877 1
729 672 1
755 520 1
876 862 1
451 433 1
968 484 1
470 404 1
558 229 1
707 391 1
34 832 1
349 956 1
868 984 1
848 43 1
296 887 1
316 818 1
426 539 1
923 559 1
977 878 1
422 335 1
632 231 1
498 62 1
253 63 1
361 722 1
704 842 1
743 974 1
341 444 1
653 689 1
890 424 1
509 678 1
445 571 1
143 791 1
401 428 1
823 938 1
218 190 1
246 119 1
431 320 1
955 785 1
931 62 1
2 236 1
90 111 1
634 909 1
846 824 1
256 346 1
866 478 1
613 675 1
432 392 1
169 816 1
353 902 1
857 505 1
679 836 1
827 578 1
627 135 1
596 355 1
892 711 1
205 879 1
299 436 1
600 230 1
894 338 1
462 690 1
375 209 1
965 288 1
888 675 1
368 359 1
380 226 1
61 229 1
298 921 1
306 496 1
115 539 1
702 258 1
591 682 1
9 362 1
745 414 1
8 911 1
572 768 1
316 771 1
414 627 1
236 779 1
695 832 1
192 456 1
508 54 1
591 536 1
546 611 1
577 468 1
900 887 1
118 869 1
518 442 1
299 476 1
500 406 1
694 617 1
638 733 1
937 944 1
954 710 1
182 253 1
275 596 1
255 549 1
944 21 1
499 584 1
222 205 1
805 996 1
460 27 1
718 475 1
324 137 1
25 146 1
993 737 1
646 463 1
594 866 1
6 67 1
511 866 1
578 393 1
770 925 1
781 177 1
63 204 1
640 49 1
417 885 1
353 490 1
574 795 1
619 754 1
438 359 1
802 776 1
418 848 1
567 807 1
719 694 1
772 448 1
225 301 1
756 798 1
795 945 1
553 918 1
414 886 1
497 802 1
862 145 1
922 776 1
939 117 1
524 316 1
536 334 1
24 600 1
615 382 1
362 141 1
633 275 1
444 419 1
146 176 1
423 33 1
398 96 1
173 559 1
801 735 1
473 222 1
149 210 1
62 750 1
891 645 1
822 463 1
657 591 1
422 520 1
231 327 1
818 139 1
345 572 1
290 601 1
165 816 1
401 392 1
712 277 1
16 281 1
594 991 1
565 312 1
731 722 1
142 225 1
405 541 1
973 123 1
467 971 1
840 813 1
921 987 1
677 405 1
616 10 1
805 868 1
537 613 1
58 140 1
594 31 1
101 948 1
270 600 1
449 440 1
518 782 1
668 802 1
18 766 1
773 283 1
1 65 1
611 352 1
821 596 1
481 281 1
25 377 1
465 969 1
413 4 1
371 251 1
69 915 1
337 959 1
815 39 1
450 746 1
940 120 1
766 140 1
911 313 1
575 301 1
186 802 1
724 442 1
492 365 1
984 466 1
289 800 1
569 181 1
617 193 1
164 34 1
673 127 1
328 679 1
107 586 1
719 554 1
457 393 1
284 141 1
302 332 1
897 923 1
594 908 1
649 256 1
180 990 1
339 707 1
339 594 1
250 489 1
795 687 1
416 690 1
883 562 1
55 678 1
571 542 1
868 326 1
95 838 1
85 261 1
171 465 1
594 957 1
373 559 1
953 984 1
728 686 1
345 536 1
618 964 1
256 63 1
705 755 1
171 703 1
225 808 1
291 610 1
479 296 1
486 606 1
398 555 1
551 675 1
841 226 1
175 96 1
185 574 1
354 903 1
893 399 1
25 465 1
911 167 1
941 573 1
690 968 1
453 89 1
251 591 1
431 726 1
911 319 1
411 89 1
79 501 1
360 81 1
550 883 1
540 119 1
253 369 1
901 734 1
399 747 1
987 692 1
215 439 1
206 373 1
613 639 1
762 510 1
178 962 1
591 954 1
541 58 1
909 525 1
711 497 1
279 399 1
623 977 1
387 730 1
826 597 1
255 486 1
139 864 1
4 309 1
335 706 1
806 702 1
262 400 1
193 622 1
376 551 1
64 168 1
331 917 1
894 60 1
557 911 1
408 984 1
266 584 1
558 446 1
214 401 1
749 966 1
937 924 1
898 479 1
42 144 1
417 317 1
345 830 1
631 207 1
493 454 1
272 288 1
491 96 1
301 185 1
296 746 1
626 618 1
776 738 1
9 318 1
251 83 1
40 170 1
801 756 1
485 490 1
960 178 1
305 576 1
573 321 1
841 118 1
761 414 1
172 253 1
878 703 1
154 202 1
84 823 1
346 933 1
932 279 1
240 256 1
32 589 1
514 284 1
911 105 1
712 788 1
779 838 1
648 323 1
660 10 1
935 820 1
711 705 1
636 750 1
631 399 1
938 545 1
452 454 1
675 547 1
410 706 1
773 503 1
554 174 1
705 453 1
658 691 1
49 705 1
470 433 1
22 51 1
714 916 1
164 40 1
662 21 1
784 451 1
452 395 1
533 74 1
455 747 1
458 380 1
676 93 1
897 462 1
11 606 1
995 563 1
833 928 1
261 469 1
572 56 1
783 346 1
131 444 1
793 971 1
591 183 1
175 457 1
83 97 1
134 655 1
775 858 1
558 166 1
484 890 1
181 983 1
159 502 1
884 810 1
604 972 1
981 172 1
414 915 1
916 259 1
599 673 1
696 98 1
360 766 1
449 748 1
510 860 1
658 190 1
417 721 1
14 957 1
99 866 1
794 516 1
390 443 1
494 127 1
57 218 1
995 38 1
873 965 1
933 330 1
515 183 1
207 922 1
318 80 1
940 741 1
406 367 1
601 639 1
511 747 1
904 700 1
669 937 1
591 389 1
583 692 1
302 219 1
270 192 1
981 575 1
446 521 1
784 312 1
789 156 1
418 557 1
720 99 1
323 172 1
399 450 1
975 299 1
679 473 1
510 97 1
635 341 1
629 811 1
39 465 1
960 215 1
967 263 1
624 656 1
150 955 1
564 629 1
845 7 1
199 843 1
215 529 1
149 373 1
753 97 1
843 862 1
926 899 1
592 320 1
311 16 1
163 301 1
997 129 1
285 7 1
390 463 1
251 101 1
786 870 1
16 467 1
672 982 1
60 410 1
814 918 1
174 795 1
0 867 1
958 520 1
12 104 1
829 201 1
534 574 1
100 271 1
325 463 1
758 690 1
905 386 1
625 779 1
712 278 1
317 940 1
772 666 1
643 385 1
804 739 1
993 61 1
247 513 1
400 106 1
778 750 1
660 612 1
457 476 1
965 552 1
645 410 1
500 985 1
315 353 1
163 299 1
673 115 1
72 22 1
168 597 1
951 342 1
382 234 1
824 119 1
182 351 1
387 814 1
446 205 1
719 332 1
850 703 1
825 709 1
924 409 1
153 327 1
430 282 1
500 391 1
995 662 1
365 792 1
467 517 1
750 125 1
951 849 1
748 970 1
951 103 1
451 76 1
245 65 1
903 155 1
938 434 1
758 658 1
676 510 1
245 996 1
522 413 1
401 901 1
131 216 1
813 674 1
811 534 1
138 922 1
540 538 1
25 50 1
266 517 1
493 745 1
878 346 1
991 91 1
142 89 1
577 779 1
588 904 1
752 728 1
929 590 1
805 373 1
820 305 1
285 700 1
466 879 1
166 295 1
798 319 1
544 10 1
344 273 1
33 787 1
509 835 1
625 476 1
983 633 1
504 412 1
755 561 1
307 202 1
589 490 1
809 784 1
947 577 1
85 94 1
49 193 1
4 57 1
890 450 1
609 892 1
73 287 1
571 497 1
596 145 1
871 454 1
748 206 1
67 567 1
947 607 1
208 474 1
304 170 1
848 155 1
938 299 1
336 884 1
426 676 1
826 753 1
893 116 1
921 87 1
271 555 1
876 706 1
806 102 1
40 299 1
996 119 1
462 135 1
652 117 1
801 290 1
103 107 1
782 497 1
614 857 1
500 492 1
368 101 1
291 194 1
530 775 1
91 237 1
513 885 1
759 196 1
837 347 1
624 396 1
243 326 1
833 563 1
122 652 1
20 74 1
106 245 1
432 250 1
517 569 1
925 464 1
510 196 1
664 615 1
618 958 1
931 384 1
505 377 1
878 306 1
433 587 1
93 787 1
393 661 1
318 92 1
589 744 1
467 277 1
852 81 1
543 194 1
622 93 1
655 298 1
577 600 1
691 256 1
590 847 1
366 567 1
941 335 1
509 390 1
184 453 1
660 131 1
368 455 1
812 292 1
783 21 1
43 542 1
121 122 1
269 877 1
284 717 1
136 628 1
767 222 1
437 893 1
218 741 1
497 686 1
240 558 1
214 290 1
816 661 1
981 431 1
498 391 1
468 403 1
477 627 1
688 920 1
992 675 1
920 466 1
738 903 1
430 14 1
504 475 1
767 917 1
328 1 1
540 569 1
704 947 1
696 305 1
511 495 1
174 514 1
320 794 1
568 83 1
147 208 1
296 832 1
660 375 1
874 221 1
874 470 1
665 131 1
359 784 1
857 668 1
802 463 1
898 44 1
320 573 1
360 640 1
195 831 1
458 857 1
289 975 1
390 893 1
200 967 1
89 146 1
977 717 1
933 922 1
423 729 1
88 907 1
743 281 1
622 594 1
10 326 1
70 424 1
6 853 1
166 724 1
499 373 1
969 496 1
534 969 1
818 30 1
438 868 1
714 387 1
808 599 1
639 209 1
510 319 1
822 508 1
705 901 1
773 278 1
283 170 1
205 585 1
644 568 1
40 165 1
512 829 1
854 55 1
482 368 1
881 612 1
466 697 1
441 575 1
187 352 1
18 270 1
523 988 1
102 43 1
459 412 1
439 112 1
279 695 1
619 224 1
571 48 1
887 890 1
669 125 1
157 877 1
577 983 1
538 725 1
382 565 1
332 456 1
814 176 1
21 330 1
813 370 1
723 287 1
685 818 1
868 456 1
820 937 1
603 565 1
500 753 1
936 815 1
406 429 1
576 601 1
198 75 1
55 116 1
803 771 1
963 480 1
921 823 1
414 170 1
150 317 1
33 408 1
755 420 1
248 994 1
182 952 1
452 13 1
936 244 1
966 355 1
398 283 1
870 804 1
581 36 1
952 296 1
386 107 1
359 44 1
480 258 1
205 445 1
511 899 1
654 687 1
992 60 1
668 287 1
882 186 1
455 188 1
910 236 1
765 54 1
280 127 1
339 196 1
990 857 1
340 828 1
241 535 1
121 429 1
873 666 1
37 41 1
178 500 1
846 609 1
342 343 1
864 462 1
721 647 1
550 354 1
730 641 1
744 550 1
258 629 1
567 355 1
297 51 1
993 39 1
775 199 1
354 704 1
881 555 1
124 213 1
578 221 1
190 221 1
740 326 1
501 227 1
493 797 1
849 319 1
395 286 1
965 374 1
307 144 1
29 129 1
406 952 1
956 900 1
24 19 1
125 293 1
995 210 1
172 939 1
838 424 1
912 606 1
764 105 1
667 417 1
849 607 1
629 113 1
848 480 1
536 990 1
465 775 1
895 444 1
281 322 1
218 643 1
248 345 1
443 263 1
551 708 1
777 730 1
617 695 1
102 681 1
218 529 1
79 840 1
821 553 1
373 382 1
926 418 1
251 837 1
111 780 1
263 897 1
970 811 1
302 292 1
193 434 1
558 289 1
255 503 1
902 516 1
404 839 1
651 518 1
171 565 1
701 774 1
352 789 1
952 776 1
996 907 1
360 224 1
87 647 1
56 496 1
25 235 1
137 16 1
909 717 1
422 509 1
676 554 1
376 742 1
615 70 1
765 416 1
418 241 1
908 270 1
37 349 1
362 705 1
830 431 1
371 744 1
782 135 1
101 337 1
875 822 1
689 826 1
365 527 1
240 174 1
928 488 1
412 475 1
966 415 1
370 112 1
466 75 1
139 112 1
725 945 1
811 782 1
442 904 1
822 870 1
424 420 1
283 150 1
167 69 1
443 178 1
143 930 1
957 424 1
275 887 1
674 208 1
337 360 1
414 803 1
476 829 1
665 270 1
459 61 1
180 220 1
848 669 1
48 726 1
996 908 1
375 324 1
80 776 1
899 425 1
831 941 1
581 388 1
630 918 1
679 906 1
670 124 1
875 179 1
709 912 1
246 783 1
434 377 1
115 848 1
547 22 1
617 600 1
937 641 1
528 154 1
133 399 1
442 528 1
381 688 1
646 913 1
626 971 1
176 544 1
267 11 1
