 385  
 1  0  1000  
 1  0  1000  
 1  0  1000  
 1  0  1000  
 1  0  1000  
 1  0  1000  
 1  0  1000  
 1  0  1000  
 1  0  1000  
 1  0  1000  
 1  0  1000  
 1  0  1000  
 1  0  1000  
 1  0  1000  
 1  0  1000  
 1  0  1000  
 1  0  1000  
 1  0  1000  
 1  0  1000  
 1  0  1000  
 1  0  1000  
 1  0  1000  
 1  0  1000  
 1  0  1000  
 1  0  1000  
 1  0  1000  
 1  0  1000  
 1  0  1000  
 1  0  1000  
 1  0  1000  
 1  0  1000  
 1  0  1000  
 1  0  1000  
 1  0  1000  
 1  0  1000  
 1  0  1000  
 1  0  1000  
 1  0  1000  
 1  0  1000  
 1  0  1000  
 1  0  1000  
 1  0  1000  
 1  0  1000  
 1  0  1000  
 1  0  1000  
 1  0  1000  
 1  0  1000  
 1  0  1000  
 1  0  1000  
 1  0  1000  
 1  0  1000  
 1  0  1000  
 1  0  1000  
 1  0  1000  
 1  0  1000  
 1  0  1000  
 1  0  1000  
 1  0  1000  
 1  0  1000  
 1  0  1000  
 1  0  1000  
 1  0  1000  
 1  0  1000  
 1  0  1000  
 1  0  1000  
 1  0  1000  
 1  0  1000  
 1  0  1000  
 1  0  1000  
 1  0  1000  
 1  0  1000  
 1  0  1000  
 1  0  1000  
 1  0  1000  
 1  0  1000  
 1  0  1000  
 1  0  1000  
 1  0  1000  
 1  0  1000  
 1  0  1000  
 1  0  1000  
 1  0  1000  
 1  0  1000  
 1  0  1000  
 1  0  1000  
 1  0  1000  
 1  0  1000  
 1  0  1000  
 1  0  1000  
 1  0  1000  
 2  0  1  1  999  
 2  0  999  999  1  
 2  0  1  1  999  
 2  0  999  999  1  
 2  0  1  1  999  
 2  0  999  999  1  
 2  0  1  1  999  
 2  0  999  999  1  
 2  0  1  1  999  
 2  0  999  999  1  
 2  0  1  1  999  
 2  0  999  999  1  
 2  0  1  1  999  
 2  0  999  999  1  
 2  0  1  1  999  
 2  0  999  999  1  
 2  0  1  1  999  
 2  0  999  999  1  
 2  0  1  1  999  
 2  0  999  999  1  
 2  0  1  1  999  
 2  0  999  999  1  
 2  0  1  1  999  
 2  0  999  999  1  
 2  0  1  1  999  
 2  0  999  999  1  
 2  0  1  1  999  
 2  0  999  999  1  
 2  0  1  1  999  
 2  0  999  999  1  
 2  0  1  1  999  
 2  0  999  999  1  
 2  0  1  1  999  
 2  0  999  999  1  
 2  0  1  1  999  
 2  0  999  999  1  
 2  0  1  1  999  
 2  0  999  999  1  
 2  0  1  1  999  
 2  0  999  999  1  
 2  0  1  1  999  
 2  0  999  999  1  
 2  0  1  1  999  
 2  0  999  999  1  
 2  0  1  1  999  
 2  0  999  999  1  
 2  0  1  1  999  
 2  0  999  999  1  
 2  0  1  1  999  
 2  0  999  999  1  
 2  0  1  1  999  
 2  0  999  999  1  
 2  0  1  1  999  
 2  0  999  999  1  
 2  0  1  1  999  
 2  0  999  999  1  
 2  0  1  1  999  
 2  0  999  999  1  
 2  0  1  1  999  
 2  0  999  999  1  
 2  0  1  1  999  
 2  0  999  999  1  
 2  0  1  1  999  
 2  0  999  999  1  
 2  0  1  1  999  
 2  0  999  999  1  
 2  0  1  1  999  
 2  0  999  999  1  
 2  0  1  1  999  
 2  0  999  999  1  
 2  0  1  1  999  
 2  0  999  999  1  
 2  0  1  1  999  
 2  0  999  999  1  
 2  0  1  1  999  
 2  0  999  999  1  
 2  0  1  1  999  
 2  0  999  999  1  
 2  0  1  1  999  
 2  0  999  999  1  
 2  0  1  1  999  
 2  0  999  999  1  
 2  0  1  1  999  
 2  0  999  999  1  
 2  0  1  1  999  
 2  0  999  999  1  
 2  0  1  1  999  
 2  0  999  999  1  
 2  0  1  1  999  
 2  0  999  999  1  
 2  0  1  1  999  
 2  0  999  999  1  
 2  0  1  1  999  
 2  0  999  999  1  
 2  0  1  1  999  
 2  0  999  999  1  
 2  0  2  2  998  
 2  0  998  998  2  
 2  0  2  2  998  
 2  0  998  998  2  
 2  0  2  2  998  
 2  0  998  998  2  
 2  0  2  2  998  
 2  0  998  998  2  
 2  0  2  2  998  
 2  0  998  998  2  
 2  0  2  2  998  
 2  0  998  998  2  
 2  0  2  2  998  
 2  0  998  998  2  
 2  0  2  2  998  
 2  0  998  998  2  
 2  0  2  2  998  
 2  0  998  998  2  
 2  0  2  2  998  
 2  0  998  998  2  
 2  0  2  2  998  
 2  0  998  998  2  
 2  0  2  2  998  
 2  0  998  998  2  
 2  0  2  2  998  
 2  0  998  998  2  
 2  0  2  2  998  
 2  0  998  998  2  
 2  0  2  2  998  
 2  0  998  998  2  
 2  0  2  2  998  
 2  0  998  998  2  
 2  0  2  2  998  
 2  0  998  998  2  
 2  0  2  2  998  
 2  0  998  998  2  
 2  0  2  2  998  
 2  0  998  998  2  
 2  0  2  2  998  
 2  0  998  998  2  
 2  0  2  2  998  
 2  0  998  998  2  
 2  0  2  2  998  
 2  0  998  998  2  
 2  0  2  2  998  
 2  0  998  998  2  
 2  0  2  2  998  
 2  0  998  998  2  
 2  0  2  2  998  
 2  0  998  998  2  
 2  0  2  2  998  
 2  0  998  998  2  
 2  0  2  2  998  
 2  0  998  998  2  
 2  0  2  2  998  
 2  0  998  998  2  
 2  0  2  2  998  
 2  0  998  998  2  
 2  0  2  2  998  
 2  0  998  998  2  
 2  0  2  2  998  
 2  0  998  998  2  
 2  0  2  2  998  
 2  0  998  998  2  
 2  0  2  2  998  
 2  0  998  998  2  
 2  0  2  2  998  
 2  0  998  998  2  
 2  0  2  2  998  
 2  0  998  998  2  
 2  0  2  2  998  
 2  0  998  998  2  
 2  0  2  2  998  
 2  0  998  998  2  
 2  0  2  2  998  
 2  0  998  998  2  
 2  0  2  2  998  
 2  0  998  998  2  
 2  0  2  2  998  
 2  0  998  998  2  
 2  0  2  2  998  
 2  0  998  998  2  
 2  0  2  2  998  
 2  0  998  998  2  
 2  0  2  2  998  
 2  0  998  998  2  
 2  0  2  2  998  
 2  0  998  998  2  
 2  0  2  2  998  
 2  0  998  998  2  
 2  0  2  2  998  
 2  0  998  998  2  
 2  0  2  2  998  
 3  0  998  998  1  999  1  
 3  0  1  1  1  2  998  
 3  0  998  998  1  999  1  
 3  0  1  1  1  2  998  
 3  0  998  998  1  999  1  
 3  0  1  1  1  2  998  
 3  0  998  998  1  999  1  
 3  0  1  1  1  2  998  
 3  0  998  998  1  999  1  
 3  0  1  1  1  2  998  
 3  0  998  998  1  999  1  
 3  0  1  1  1  2  998  
 2  0  997  997  3  
 2  0  3  3  997  
 2  0  997  997  3  
 2  0  3  3  997  
 2  0  997  997  3  
 2  0  3  3  997  
 2  0  997  997  3  
 2  0  3  3  997  
 2  0  997  997  3  
 2  0  3  3  997  
 2  0  997  997  3  
 2  0  3  3  997  
 2  0  997  997  3  
 2  0  3  3  997  
 2  0  997  997  3  
 2  0  3  3  997  
 2  0  997  997  3  
 2  0  3  3  997  
 2  0  997  997  3  
 2  0  3  3  997  
 2  0  997  997  3  
 2  0  3  3  997  
 2  0  997  997  3  
 2  0  3  3  997  
 2  0  997  997  3  
 2  0  3  3  997  
 2  0  997  997  3  
 2  0  3  3  997  
 2  0  997  997  3  
 2  0  3  3  997  
 2  0  997  997  3  
 2  0  3  3  997  
 2  0  997  997  3  
 2  0  3  3  997  
 2  0  997  997  3  
 2  0  3  3  997  
 2  0  997  997  3  
 2  0  3  3  997  
 2  0  997  997  3  
 2  0  3  3  997  
 2  0  997  997  3  
 2  0  3  3  997  
 2  0  997  997  3  
 2  0  3  3  997  
 2  0  997  997  3  
 2  0  3  3  997  
 2  0  997  997  3  
 2  0  3  3  997  
 2  0  997  997  3  
 2  0  3  3  997  
 2  0  997  997  3  
 2  0  3  3  997  
 2  0  997  997  3  
 2  0  3  3  997  
 2  0  997  997  3  
 2  0  3  3  997  
 2  0  997  997  3  
 2  0  3  3  997  
 2  0  997  997  3  
 2  0  3  3  997  
 2  0  997  997  3  
 2  0  3  3  997  
 2  0  997  997  3  
 2  0  3  3  997  
 2  0  997  997  3  
 2  0  3  3  997  
 2  0  997  997  3  
 2  0  3  3  997  
 2  0  997  997  3  
 2  0  3  3  997  
 2  0  997  997  3  
 2  0  3  3  997  
 2  0  997  997  3  
 2  0  3  3  997  
 2  0  997  997  3  
 2  0  3  3  997  
 2  0  997  997  3  
 2  0  3  3  997  
 2  0  997  997  3  
 2  0  3  3  997  
 2  0  997  997  3  
 2  0  3  3  997  
 2  0  997  997  3  
 2  0  3  3  997  
 2  0  997  997  3  
 2  0  3  3  997  
 2  0  997  997  3  
 2  0  3  3  997  
 2  0  997  997  3  
 2  0  3  3  997  
 4  0  997  997  1  998  1  999  1  
 4  0  1  1  1  2  1  3  997  
 4  0  997  997  1  998  1  999  1  
 3  0  1  2  1  3  997  
