516
-8 125338 64782362 10000
-9 131549 89909187 10000
-10 127643 79715108 10000
-8 123388 89367163 10000
-6 111864 31257917 10000
-7 135159 68678726 10000
121 -491024 614880834 10000
-11 141637 26166145 10000
-16 199140 18547452 10000
-5 91101 97533903 10000
114 -483466 526326915 10000
36 -268224 529338246 10000
-7 105563 76728789 10000
-19 189864 58142654 10000
174 -544172 477818552 10000
-21 209052 18565358 10000
-8 100266 10534637 10000
-5 91575 40808425 10000
-17 168314 38542977 10000
70 -393039 593398463 10000
72 -382244 594588142 10000
45 -328830 650383474 10000
-7 127119 115350969 10000
-9 149413 43635236 10000
-10 145925 55521120 10000
-18 201043 100813250 10000
12 -107800 290534702 10000
-7 121708 43776846 10000
-8 122855 66236573 10000
61 -324898 508814656 10000
-14 178843 89669956 10000
203 -607883 534537477 10000
35 -283955 582853978 10000
-6 92405 35451011 10000
31 -213547 404548536 10000
25 -224625 561599767 10000
-15 165990 34306558 10000
-10 113787 31765636 10000
-11 168361 57176931 10000
10 -124206 431031669 10000
-11 142513 83060244 10000
19 -191379 567563427 10000
-11 109140 14720059 10000
39 -199362 304184141 10000
-10 138589 78231283 10000
-4 78401 27172215 10000
-9 120422 25422149 10000
-21 211625 50978791 10000
32 -227581 459249995 10000
23 -195916 485333148 10000
-13 146260 69631424 10000
-8 101955 71707558 10000
-18 174405 70086621 10000
9 -137131 614852631 10000
-6 98425 63448345 10000
38 -284893 565937657 10000
-9 120924 37243818 10000
-8 95780 22857683 10000
-11 118240 56211723 10000
-10 130146 52837674 10000
-9 117350 56136770 10000
-17 181761 24239330 10000
70 -364078 539544483 10000
-9 141339 26918761 10000
8 -100239 368390709 10000
96 -441083 583785929 10000
-14 167697 28368903 10000
-11 167351 58686399 10000
-19 185966 95698769 10000
-7 80814 35338570 10000
27 -218440 505981478 10000
90 -431695 588900520 10000
-6 97888 67244446 10000
-16 184771 47220036 10000
-9 142465 57814970 10000
21 -171646 366791556 10000
33 -259932 575751167 10000
-9 138816 48214021 10000
26 -222519 525409868 10000
45 -229408 308611684 10000
-17 173909 19810495 10000
8 -121287 524239539 10000
80 -350279 395916906 10000
-22 229694 40443177 10000
80 -345556 441518123 10000
-11 157710 59157058 10000
13 -143507 454239930 10000
13 -152838 508965744 10000
126 -537366 602315115 10000
5 -81143 407819836 10000
-18 191819 86216702 10000
-19 190446 22893429 10000
-15 177900 114733142 10000
-7 117630 46589242 10000
-10 162060 65994333 10000
-6 97186 17598139 10000
46 -283629 504912456 10000
-11 134329 40520860 10000
16 -180472 572092632 10000
46 -288428 476682740 10000
-12 151706 99208379 10000
-8 123228 26460592 10000
-8 115439 42233189 10000
-9 128349 30844556 10000
27 -175492 330048942 10000
-19 207825 89151666 10000
11 -142876 513319233 10000
19 -176507 477603705 10000
-8 131444 13108269 10000
-5 84501 43071391 10000
-9 125605 33034664 10000
-6 101493 39799588 10000
61 -291501 426855850 10000
-15 183563 69356572 10000
172 -498068 437814932 10000
95 -363184 421735193 10000
-5 86497 75041443 10000
-13 143798 12664528 10000
-5 85672 21568718 10000
-7 136354 49087933 10000
-6 106250 61028704 10000
-9 145982 36683481 10000
-8 108644 28795907 10000
-5 107045 56581862 10000
95 -418401 510307828 10000
-17 167399 45387653 10000
-8 133635 88229778 10000
-5 94131 21522914 10000
-12 139639 52845296 10000
-6 103373 47700968 10000
-12 178752 72945494 10000
-12 125583 31646245 10000
-7 93296 49093151 10000
-5 97626 30406498 10000
-7 113700 71605062 10000
-15 177679 86322741 10000
76 -402072 601503276 10000
124 -549696 698901951 10000
31 -238988 574490863 10000
-9 124800 41510425 10000
8 -103163 408876600 10000
-9 100526 50436098 10000
-9 136253 38475488 10000
-17 180720 32267615 10000
-6 91588 39104832 10000
-11 135705 14171631 10000
-14 191648 32380697 10000
29 -211235 412769445 10000
109 -432966 473974170 10000
-14 141383 51545475 10000
-16 155446 67137367 10000
-5 98597 29638975 10000
45 -299907 567083841 10000
-8 125439 48271930 10000
-9 119072 17706858 10000
16 -170695 516148955 10000
19 -172699 449898865 10000
-9 144350 63154101 10000
13 -152765 567463865 10000
-17 192389 38496853 10000
6 -90353 452104026 10000
-13 147192 43735428 10000
-10 145537 57379105 10000
21 -191888 470248966 10000
-13 140367 53815971 10000
-7 129901 77219331 10000
18 -187505 527453272 10000
24 -238380 629766201 10000
-5 104827 38427951 10000
208 -564188 437594297 10000
24 -215678 525681672 10000
-13 158007 46687444 10000
129 -521370 589699037 10000
-7 118688 59040725 10000
-3 68685 37335387 10000
70 -405409 652928370 10000
-5 76924 39093943 10000
25 -200599 443792954 10000
12 -117191 355218663 10000
-5 91832 16536917 10000
-11 133112 41793058 10000
23 -183111 409201715 10000
-9 109992 47898221 10000
-4 74838 50770183 10000
13 -168715 641785877 10000
40 -310923 655255593 10000
-6 100364 39427325 10000
-12 170837 85499689 10000
92 -383311 426899695 10000
-7 126179 101668863 10000
7 -102020 447214077 10000
-7 117261 39311642 10000
-17 169063 21285905 10000
192 -661002 623241916 10000
-11 136298 63813099 10000
11 -116723 402536842 10000
-6 97962 54118208 10000
-13 189579 22812207 10000
-16 205979 88358156 10000
15 -131239 350423945 10000
116 -408103 412324656 10000
-13 157321 70037188 10000
29 -226936 505553749 10000
-15 175473 87003014 10000
-7 120375 51767477 10000
-20 197122 52881845 10000
80 -382243 515866056 10000
-8 89683 24702485 10000
-18 187730 52031946 10000
39 -267154 509322025 10000
-16 156875 52381798 10000
-11 150837 28423715 10000
-9 101417 53691390 10000
-7 125382 62567114 10000
47 -280432 445432128 10000
-7 98733 46131958 10000
-9 141855 69694332 10000
-19 205658 80204884 10000
-13 150652 46471927 10000
-10 131180 39203983 10000
-7 133413 68703544 10000
-6 93664 55606072 10000
-6 114017 51063146 10000
-13 138012 53733212 10000
-9 128912 35894307 10000
-15 158744 49670459 10000
-17 181793 38106789 10000
11 -147359 576317156 10000
-15 183953 70111079 10000
-14 162486 43713466 10000
-19 192534 41150254 10000
-10 134138 64103849 10000
9 -100827 352020278 10000
-9 135247 42293243 10000
49 -335590 636567367 10000
-4 74113 24490981 10000
-16 163369 40689277 10000
-3 57467 16577737 10000
-9 122295 23766783 10000
-8 108790 55278501 10000
-5 79012 50145278 10000
11 -135103 460421263 10000
-11 116552 14407422 10000
-10 147593 88059395 10000
-9 139521 58843254 10000
-6 96730 63679067 10000
11 -133495 475918877 10000
51 -291142 478820356 10000
-4 65630 54550014 10000
-11 152358 101746635 10000
13 -136952 441061890 10000
-9 140113 18447529 10000
30 -195064 342289713 10000
-11 152849 74797707 10000
-11 137424 48737144 10000
-14 143818 27872532 10000
-6 105199 88395270 10000
-14 173684 34417861 10000
-14 179081 31966427 10000
27 -261785 662206457 10000
-5 93580 57416077 10000
21 -198941 570917984 10000
-6 115279 38150342 10000
-7 106630 18254956 10000
17 -160512 439953209 10000
-9 123932 3793179 10000
-21 222589 90837554 10000
-15 157745 51459598 10000
-21 241132 18706740 10000
-3 67008 49084698 10000
55 -345786 652501896 10000
25 -182405 388066523 10000
-6 101370 44522904 10000
-10 150003 51893391 10000
53 -273264 418045617 10000
-16 155891 67571119 10000
7 -112358 588816315 10000
-9 136043 6932585 10000
-4 75425 31177011 10000
-5 108976 90412995 10000
-15 160895 24880456 10000
-8 109775 68780170 10000
7 -98047 399580415 10000
80 -470222 731371242 10000
59 -365378 591151454 10000
12 -120867 354982978 10000
-23 228756 58413995 10000
-21 215221 18772255 10000
-10 128531 34249009 10000
-13 161363 49779225 10000
-22 218904 11790494 10000
-12 155587 38815506 10000
22 -165628 352712399 10000
-10 107053 29949884 10000
-19 208965 53697740 10000
47 -284165 488319291 10000
-9 130825 28476517 10000
58 -320278 501140981 10000
-16 153084 79989997 10000
89 -424175 555146222 10000
-10 156174 86597647 10000
-5 103026 61457391 10000
-11 163612 48040448 10000
-10 144961 57199010 10000
-16 163350 26921827 10000
26 -203130 441292862 10000
66 -386196 602433460 10000
-8 122566 48030198 10000
13 -137638 449584170 10000
-8 116244 50683802 10000
-11 140297 51739019 10000
-12 163903 36981361 10000
-6 98491 26058123 10000
-4 77619 50189088 10000
14 -154361 440597534 10000
-9 116844 33317471 10000
-13 179862 100399130 10000
17 -194593 646917811 10000
24 -201854 523876403 10000
-21 227193 4220782 10000
-9 118920 66227821 10000
-10 144358 56885663 10000
-22 220728 71361818 10000
13 -147392 469630893 10000
18 -194839 574123116 10000
34 -219693 411368697 10000
-20 198100 42853191 10000
28 -232886 531265135 10000
-19 186611 68490512 10000
-8 113080 62112581 10000
-7 104337 43238936 10000
-10 152108 67156504 10000
12 -141245 492442355 10000
-8 116091 44189067 10000
-6 115196 17871989 10000
9 -136878 615229159 10000
25 -249210 677028678 10000
62 -333907 502101090 10000
-7 142005 45435423 10000
6 -82529 351874887 10000
7 -108671 501373153 10000
-12 175284 87147080 10000
74 -362737 464600675 10000
-9 142673 85179572 10000
205 -574026 474699105 10000
-13 139863 27882058 10000
-15 189418 45685190 10000
-13 156683 57561517 10000
-15 175542 40742869 10000
-13 147660 75718085 10000
23 -202828 517777076 10000
-11 125266 38304112 10000
-16 183366 112443909 10000
8 -117396 492926900 10000
-8 111692 31213459 10000
-11 177329 32925949 10000
9 -109881 382883318 10000
22 -204695 590730669 10000
-12 164966 73916734 10000
18 -186220 536443971 10000
-9 141362 54165278 10000
-15 162932 26404204 10000
-16 186497 44718982 10000
6 -78621 331062839 10000
-9 156211 47110095 10000
-9 124886 61349978 10000
-9 136483 60374057 10000
-9 125699 29421054 10000
-12 142122 23409261 10000
24 -208638 497227273 10000
-5 96767 16730012 10000
49 -271737 426675404 10000
-12 160501 29842466 10000
-18 191307 7664029 10000
-4 78374 43125083 10000
-6 110207 62593175 10000
-13 149245 55797106 10000
9 -119209 484513032 10000
13 -157441 543819137 10000
-7 106744 28680188 10000
-14 153046 73314037 10000
-9 131643 42750997 10000
-7 130877 71282810 10000
50 -300667 502849647 10000
81 -457059 701236403 10000
-17 186288 16641529 10000
16 -159879 448684048 10000
-15 178677 29266266 10000
-16 182494 44983314 10000
53 -271793 377493297 10000
-8 127404 49871228 10000
-10 148138 90858265 10000
48 -329110 598905399 10000
-14 173670 101017250 10000
95 -398860 463774353 10000
-9 122362 58346189 10000
46 -273945 456800768 10000
14 -166382 570587031 10000
-11 136550 19332325 10000
-6 102499 44862434 10000
23 -199189 458834430 10000
-10 153222 35960435 10000
-5 94671 71439014 10000
-6 112200 46713309 10000
30 -207813 413181690 10000
-6 91797 71477246 10000
-18 211970 64023543 10000
-8 128200 36624110 10000
51 -304855 462491459 10000
-8 136749 40459043 10000
-10 124908 38655921 10000
-12 171601 16835485 10000
15 -137606 386941761 10000
-3 66634 12342275 10000
19 -183458 522333812 10000
-11 130496 76479769 10000
-10 116680 60028805 10000
30 -241065 527617796 10000
20 -203598 606924418 10000
-13 157680 59379079 10000
-15 161230 41083699 10000
17 -196252 617827680 10000
61 -357225 575354777 10000
-10 137343 17742763 10000
-7 112291 64822110 10000
14 -141713 414743997 10000
-7 102510 42806462 10000
13 -169056 615597478 10000
-4 84233 65891205 10000
16 -148625 394668140 10000
-7 105849 34002436 10000
31 -243505 559674402 10000
41 -293196 562947473 10000
6 -74864 256460426 10000
-9 124436 42509912 10000
-5 82402 19973111 10000
-13 134159 35347979 10000
-16 158686 85008623 10000
-15 177322 56722553 10000
-15 166367 40112642 10000
99 -474379 606909533 10000
113 -496399 597678411 10000
48 -295322 504780110 10000
-11 150598 41062073 10000
-20 212875 48648861 10000
-9 139680 37389847 10000
-17 166115 62633097 10000
-11 157359 88630113 10000
-7 113166 77062420 10000
-3 64255 25524921 10000
-22 218832 70452399 10000
-7 128848 68591040 10000
-15 190562 73435121 10000
52 -296426 458500250 10000
8 -115728 467888992 10000
151 -502833 503320798 10000
-8 101218 41540783 10000
13 -140745 392563212 10000
-7 113279 87937789 10000
-8 122390 25505621 10000
32 -257889 572208072 10000
9 -103543 365041867 10000
74 -323012 369217074 10000
-13 169803 33905791 10000
17 -179248 543531649 10000
-5 89618 69881178 10000
173 -581843 512090919 10000
29 -234684 511392186 10000
145 -460276 450488005 10000
-12 154525 79479726 10000
-5 77883 44895737 10000
-12 153010 44004630 10000
-19 199827 53284373 10000
-22 232252 104815741 10000
-8 127659 57913680 10000
20 -198431 552098439 10000
19 -169477 415929425 10000
138 -438378 380119891 10000
63 -356816 533537889 10000
-10 126872 49793078 10000
-8 95921 20977517 10000
51 -319456 536854631 10000
26 -242030 617202905 10000
-9 128615 71590562 10000
-10 129111 68415958 10000
-9 129561 50825578 10000
-10 113149 57029930 10000
-17 178281 33122084 10000
-9 138136 15893947 10000
-8 116096 65268366 10000
63 -375149 590601941 10000
-5 96380 44585787 10000
8 -109871 465277886 10000
9 -119676 477435932 10000
-4 80398 57103622 10000
-21 211762 57403914 10000
78 -391523 550614700 10000
-8 133091 81985245 10000
-13 138859 80613179 10000
84 -425048 595846123 10000
8 -105362 417909629 10000
-9 137445 48960325 10000
17 -148691 370844998 10000
-3 67798 29505879 10000
32 -237197 502392228 10000
24 -211918 573743078 10000
-9 96161 28394389 10000
-8 123465 40126653 10000
-10 106273 40708490 10000
-14 162062 41475937 10000
-22 226387 101724028 10000
-11 141459 41638513 10000
-6 99594 59746869 10000
-12 162185 83063245 10000
6 -83953 353023241 10000
-6 103725 66599846 10000
