918
88 -396112 472502315 8000
42 -304193 648729966 8000
61 -337317 509344646 8000
14 -173281 592063239 8000
-19 193202 82819472 8000
100 -429588 528034879 8000
-9 134920 39691690 8000
25 -230803 628713788 8000
34 -254718 526089435 8000
57 -363102 596944584 8000
16 -156557 437227539 8000
61 -405950 731557095 8000
68 -366418 535717762 8000
-11 136634 47737905 8000
63 -280948 337756937 8000
16 -157212 422270560 8000
-17 142100 39486581 8000
7 -113879 567955346 8000
62 -381495 684814454 8000
8 -113684 532201489 8000
66 -346654 485622111 8000
7 -106447 453502833 8000
82 -419040 585586524 8000
130 -573958 702235799 8000
79 -313752 333119360 8000
48 -234715 321495075 8000
4 -69803 373629111 8000
47 -344516 710721164 8000
21 -154824 317887023 8000
11 -149481 604675844 8000
46 -269208 424065046 8000
-7 105171 12267676 8000
-30 282299 64247895 8000
19 -197362 588312694 8000
7 -103597 455118741 8000
21 -209671 597859510 8000
-12 134072 69607032 8000
131 -545088 689883733 8000
12 -120068 336950497 8000
23 -206667 571988257 8000
29 -259496 626867687 8000
50 -331315 633676113 8000
16 -136740 307438509 8000
32 -264811 619961459 8000
43 -299088 579551871 8000
13 -172383 603184416 8000
43 -302500 586976797 8000
39 -315915 685075628 8000
23 -227888 630283088 8000
-11 162290 21324090 8000
54 -284744 444391828 8000
9 -105967 394644809 8000
76 -370983 498559657 8000
10 -148286 559773722 8000
22 -193637 496603601 8000
83 -345831 425157493 8000
18 -207268 707876310 8000
16 -154003 447886510 8000
7 -100226 445464320 8000
19 -186767 485070599 8000
43 -297028 544478308 8000
39 -270047 519777953 8000
82 -359955 474317700 8000
16 -160476 452074403 8000
16 -198220 673623001 8000
25 -206648 519203683 8000
5 -76641 370843055 8000
14 -155188 531444220 8000
-6 108334 52497520 8000
14 -149977 446747480 8000
25 -245856 728932158 8000
41 -301264 598958323 8000
145 -455262 401613121 8000
16 -156259 463395674 8000
9 -126351 527458884 8000
10 -116950 386348379 8000
6 -83513 392880900 8000
32 -279566 678668260 8000
57 -280384 359978742 8000
50 -233963 337504773 8000
10 -133378 556991978 8000
9 -133386 626752758 8000
17 -184198 564159514 8000
89 -442414 610507880 8000
90 -455040 624891532 8000
20 -210689 618468719 8000
19 -138418 309215105 8000
-5 87555 21723354 8000
9 -114489 420300550 8000
-10 121918 56665937 8000
18 -195056 650771442 8000
12 -158498 605846907 8000
25 -239746 644962656 8000
10 -138755 526421411 8000
63 -368484 616753917 8000
-9 133008 43939066 8000
11 -147233 634455380 8000
-15 171650 54220134 8000
27 -179170 350939698 8000
25 -217438 525799407 8000
115 -474635 584768102 8000
112 -516987 698179138 8000
319 -829789 610293534 8000
204 -670924 567321349 8000
66 -319847 462083307 8000
10 -124389 443043488 8000
121 -434053 477017852 8000
9 -111691 443252426 8000
15 -163732 483827410 8000
12 -167850 657691423 8000
34 -246528 534222417 8000
16 -155267 428881313 8000
42 -247251 439455407 8000
9 -96637 354128905 8000
72 -314490 412635956 8000
9 -130433 499810373 8000
43 -339196 715193918 8000
7 -89957 369375489 8000
22 -198270 544038070 8000
8 -102825 399695853 8000
11 -123785 400449451 8000
35 -225392 452527995 8000
56 -385889 714838388 8000
-8 142629 80997470 8000
143 -564888 640205732 8000
8 -100855 364147943 8000
28 -223491 511818682 8000
16 -180238 607884238 8000
63 -311660 415548121 8000
69 -366458 533397978 8000
21 -223893 666603304 8000
6 -90751 413022405 8000
11 -143693 566726720 8000
112 -417235 445650474 8000
72 -348033 466707927 8000
25 -189270 380526319 8000
14 -157875 478697165 8000
-27 250634 62347951 8000
19 -162236 400458264 8000
24 -228775 564475027 8000
10 -116631 381457451 8000
47 -287388 483223727 8000
62 -315039 457825513 8000
9 -147053 660695629 8000
-23 210318 43732381 8000
30 -279968 710871111 8000
-12 117967 46227941 8000
127 -539928 664635477 8000
21 -185916 431365814 8000
8 -106043 411673876 8000
20 -210759 678969453 8000
-16 127860 27620938 8000
7 -92238 344899286 8000
-8 135678 38088892 8000
13 -187801 736703441 8000
47 -293151 504457298 8000
19 -189673 546204909 8000
27 -236120 553082697 8000
55 -262994 364028447 8000
35 -231167 436106237 8000
11 -111739 343809360 8000
13 -153197 511580922 8000
44 -298833 576388502 8000
60 -344616 533449477 8000
18 -176087 511307383 8000
84 -446759 677265800 8000
7 -108328 487612303 8000
39 -251628 443699352 8000
24 -195126 441069547 8000
51 -330068 619315336 8000
-8 114157 17447106 8000
73 -261947 276507060 8000
18 -184501 514368497 8000
7 -103039 471770484 8000
13 -146202 440605901 8000
36 -238900 458995428 8000
43 -295351 576547523 8000
7 -106066 482586731 8000
94 -406225 470107714 8000
36 -219291 375598146 8000
17 -193636 629307512 8000
8 -109220 472456111 8000
-8 133748 113055982 8000
-13 150825 60317531 8000
21 -190901 532554194 8000
25 -161042 316650561 8000
14 -148971 422502355 8000
9 -117223 460561158 8000
7 -94114 374459549 8000
18 -189159 578084411 8000
38 -228099 382802602 8000
-14 161229 60764638 8000
-12 158839 103299118 8000
13 -140994 458516496 8000
15 -178654 638125031 8000
58 -339293 532504221 8000
28 -175249 324935662 8000
83 -411938 598796215 8000
35 -211913 333999353 8000
16 -176230 537350657 8000
122 -492890 530349480 8000
78 -413535 590231099 8000
25 -198534 458870119 8000
20 -212696 647199056 8000
43 -283691 559789566 8000
52 -281688 426092931 8000
11 -142991 564756939 8000
35 -263618 599480855 8000
30 -256935 615477558 8000
59 -342237 537899730 8000
33 -239257 516449555 8000
10 -144583 596551435 8000
10 -151016 681126809 8000
24 -214336 541066131 8000
10 -135939 510400692 8000
104 -439860 490011429 8000
56 -341771 603019901 8000
-11 149721 38307190 8000
196 -574549 473319806 8000
34 -276637 629715256 8000
82 -433379 694660678 8000
13 -146694 454266692 8000
14 -153328 491142828 8000
25 -193360 452461753 8000
16 -179593 594103322 8000
-7 117545 49531244 8000
90 -386577 466438284 8000
15 -143208 390696386 8000
29 -204864 399595228 8000
27 -194507 394892782 8000
40 -248267 434386540 8000
84 -441650 601821924 8000
58 -341726 582670251 8000
136 -528787 566393082 8000
36 -243044 464136270 8000
72 -338121 492758042 8000
19 -209393 654883121 8000
8 -100437 363337699 8000
18 -175173 503484760 8000
21 -220403 602963868 8000
50 -305465 571229421 8000
-29 220836 90285012 8000
-11 138104 82471602 8000
10 -139278 536203496 8000
20 -218302 655029048 8000
35 -232086 428835658 8000
19 -181974 481124679 8000
15 -132025 361448956 8000
7 -92382 374448472 8000
22 -189881 486586403 8000
10 -135969 503709068 8000
52 -317033 535681004 8000
21 -209955 617489469 8000
17 -176920 553866807 8000
28 -239487 575562240 8000
17 -160368 466092021 8000
7 -107989 479532075 8000
-26 223959 46850763 8000
-9 139978 75976617 8000
72 -421480 664691344 8000
21 -172874 390567137 8000
102 -428304 502469974 8000
37 -249549 463105664 8000
22 -195274 491385040 8000
20 -160159 375230619 8000
8 -98715 378537524 8000
21 -209751 599166431 8000
6 -86088 418138713 8000
15 -145671 377377594 8000
19 -163296 423289768 8000
-20 213257 77632433 8000
14 -182386 616653618 8000
43 -267550 484166635 8000
52 -281095 396181822 8000
8 -103229 357285803 8000
-3 66852 37161376 8000
78 -394749 550917345 8000
20 -161593 386550315 8000
6 -97693 525075172 8000
57 -223869 273975622 8000
15 -177407 607783486 8000
-11 117185 35010537 8000
28 -247937 586759556 8000
25 -206602 514198346 8000
21 -192347 504622313 8000
29 -205001 438946658 8000
12 -125976 434221091 8000
28 -208893 464695168 8000
42 -247893 424478067 8000
48 -248964 370617737 8000
8 -98032 348058865 8000
19 -168338 419410813 8000
87 -438760 589644785 8000
12 -133696 431580399 8000
-23 220556 88659087 8000
92 -394240 471595605 8000
9 -112604 472000962 8000
31 -236515 534441448 8000
8 -109417 442689441 8000
62 -327797 496508523 8000
23 -190134 482657369 8000
9 -110797 421199884 8000
79 -388404 536273019 8000
17 -162419 458524910 8000
24 -218114 560983998 8000
16 -208886 712643853 8000
56 -281628 394932872 8000
11 -120720 411838426 8000
-8 124896 24569280 8000
51 -253119 372586846 8000
47 -276922 471340010 8000
31 -195324 341439666 8000
18 -174687 526313725 8000
76 -423216 679114086 8000
7 -110438 482829262 8000
16 -183511 600514247 8000
-19 209834 29532508 8000
22 -194201 452325378 8000
54 -297402 462601089 8000
49 -282951 432691006 8000
11 -118617 403037217 8000
58 -267272 358420266 8000
12 -131826 411590742 8000
10 -120820 465281164 8000
21 -190390 490016169 8000
-5 91223 24846346 8000
17 -177854 535409735 8000
70 -392016 592766170 8000
23 -184507 396827181 8000
13 -135068 422513144 8000
10 -118371 391329259 8000
16 -165725 493604506 8000
10 -135919 507570405 8000
18 -188745 549987189 8000
56 -310402 471907893 8000
6 -98006 435416905 8000
15 -199675 724531202 8000
34 -277377 635102099 8000
-6 110622 87835343 8000
6 -106914 551139507 8000
-19 205182 110992557 8000
16 -169227 498089852 8000
7 -114707 545750252 8000
-14 153386 46969110 8000
27 -232812 558427981 8000
-9 118627 48713389 8000
-5 95493 56881177 8000
15 -177568 622103907 8000
8 -95141 358669318 8000
12 -150672 538282923 8000
53 -246469 305569357 8000
-4 75007 38473247 8000
41 -258520 440787053 8000
22 -204279 515973777 8000
29 -243643 554666691 8000
10 -134740 552172128 8000
-18 174191 56142296 8000
25 -206430 488677368 8000
22 -148667 302780706 8000
-8 113855 69443346 8000
70 -397806 583587615 8000
14 -168689 563366419 8000
84 -433907 636568639 8000
-23 193126 80088176 8000
14 -156595 540962325 8000
49 -316785 586945770 8000
15 -160013 473979729 8000
-9 132474 40518683 8000
52 -273597 405376828 8000
7 -81889 293390204 8000
16 -133340 307462747 8000
-5 94811 20466876 8000
-7 116398 50757237 8000
28 -220714 487300898 8000
49 -293892 464090684 8000
16 -191919 623032693 8000
13 -176381 675903646 8000
-8 115964 51822755 8000
46 -268980 442154843 8000
26 -221347 519839038 8000
17 -169740 521095578 8000
-12 169318 56224841 8000
8 -125488 579832941 8000
171 -535340 452486022 8000
-28 261623 46748261 8000
88 -435138 586097945 8000
12 -118281 328081832 8000
36 -214070 358099058 8000
57 -292103 423540053 8000
27 -193334 371292879 8000
26 -187938 401232568 8000
54 -364978 690325922 8000
22 -180108 431974562 8000
77 -319524 380950300 8000
46 -292009 497018223 8000
28 -253194 659641962 8000
132 -485503 501166042 8000
56 -360913 665514217 8000
-8 146242 34402702 8000
27 -234686 527527689 8000
-9 120290 84468127 8000
24 -208684 523415747 8000
16 -201572 708160347 8000
25 -181400 349029999 8000
-10 121412 44078079 8000
50 -370287 740704529 8000
60 -289969 388560168 8000
15 -154572 416965035 8000
47 -307797 512748834 8000
-14 154598 12522383 8000
-25 209300 29677243 8000
34 -251745 514807288 8000
-10 132408 36357469 8000
32 -251466 520632774 8000
25 -191703 414785622 8000
36 -244723 462469370 8000
84 -425424 605330670 8000
14 -132848 361644430 8000
33 -271911 619040359 8000
23 -220925 581894987 8000
24 -164601 297829481 8000
29 -204926 416616601 8000
34 -264450 566151350 8000
12 -146059 514287991 8000
6 -79841 337447847 8000
10 -135364 508770651 8000
59 -324341 520958888 8000
10 -117412 423903315 8000
30 -262722 614279649 8000
7 -106606 534601092 8000
43 -276910 521661724 8000
84 -364101 471372272 8000
15 -143617 394272324 8000
-26 225373 21224235 8000
24 -184386 403879398 8000
17 -155487 432085477 8000
216 -685096 563973718 8000
-20 194609 92249288 8000
73 -376795 512529066 8000
36 -273522 541828114 8000
-19 147554 37994215 8000
19 -221573 682764198 8000
19 -178154 487644220 8000
98 -422347 536008664 8000
-12 126346 68965657 8000
175 -560584 538706302 8000
113 -478184 565913339 8000
91 -359728 416617644 8000
26 -222695 538633068 8000
9 -92911 299595628 8000
31 -263502 653153140 8000
6 -88429 397229614 8000
65 -326562 490219993 8000
12 -147716 570857887 8000
-15 146812 28936939 8000
13 -123999 373448412 8000
12 -116673 348201234 8000
24 -168005 347719110 8000
13 -152785 522099078 8000
45 -276674 502143957 8000
35 -252535 553724882 8000
27 -246658 631894409 8000
72 -378522 558269390 8000
78 -352005 445801388 8000
39 -241426 425113307 8000
35 -242645 489668743 8000
7 -80452 265320402 8000
54 -247190 321307483 8000
-21 217633 49158586 8000
13 -178966 672983407 8000
11 -126985 404841278 8000
18 -189558 547152781 8000
53 -303251 499412362 8000
146 -564125 582932332 8000
20 -201348 587428974 8000
25 -221998 527490227 8000
23 -172608 365623899 8000
98 -458220 643366366 8000
62 -338220 491750282 8000
90 -399719 471326214 8000
46 -308325 612517308 8000
-15 182680 41776876 8000
-6 111181 65191523 8000
7 -103557 452066900 8000
16 -135630 350445258 8000
37 -175197 256164905 8000
-17 170861 38251206 8000
12 -135427 454951480 8000
-8 124001 44394111 8000
26 -204888 463097076 8000
15 -130212 347242535 8000
20 -185036 452375450 8000
23 -166909 325579861 8000
23 -165788 332454050 8000
-11 160579 98280150 8000
22 -180252 417212443 8000
7 -95883 415491489 8000
103 -457793 566775506 8000
28 -249004 584286316 8000
12 -120994 357626157 8000
71 -343558 474343863 8000
42 -268228 503976092 8000
-10 137550 23160937 8000
23 -174776 378874007 8000
225 -616087 444667260 8000
61 -396181 667843212 8000
142 -492126 467998036 8000
-25 220491 36519626 8000
158 -531689 501396925 8000
9 -127666 524929250 8000
12 -112563 295644737 8000
41 -324570 723536831 8000
94 -406661 487262093 8000
26 -237597 622924888 8000
103 -464037 571632433 8000
18 -183328 511856073 8000
25 -199903 460729592 8000
63 -351431 537266270 8000
123 -504216 564584085 8000
28 -245771 621084125 8000
-9 146181 33178533 8000
8 -104502 403522083 8000
-5 81398 44930254 8000
26 -197861 418781747 8000
12 -155899 575772459 8000
9 -111977 431381401 8000
105 -426781 473021859 8000
16 -159700 480915055 8000
30 -272435 638720745 8000
9 -124195 542179126 8000
11 -126288 430053512 8000
29 -246077 611331238 8000
16 -147746 396972326 8000
15 -151722 417468255 8000
92 -400010 505457597 8000
200 -685495 684911157 8000
-15 182556 58043469 8000
8 -117256 558130418 8000
66 -342009 513168946 8000
12 -170400 642547541 8000
13 -141035 442922088 8000
40 -304275 639266658 8000
46 -300399 551080244 8000
23 -202697 533449199 8000
57 -298002 423545770 8000
67 -310665 401081521 8000
46 -326231 635231424 8000
17 -171907 555323878 8000
75 -399892 567209939 8000
99 -388065 412761879 8000
6 -79027 346249595 8000
30 -185950 312563926 8000
42 -287701 562009574 8000
8 -132618 630803563 8000
24 -168412 346220100 8000
17 -180190 544130281 8000
35 -240992 439563598 8000
-27 254556 60148485 8000
103 -427154 495788996 8000
-9 128119 61279333 8000
5 -72985 372215212 8000
18 -201540 594072802 8000
9 -119315 508117543 8000
26 -224745 515930186 8000
58 -338688 532669690 8000
24 -216186 569230750 8000
166 -464936 358839785 8000
28 -232402 528312803 8000
71 -382823 590607739 8000
21 -193283 544117781 8000
-20 193289 36325396 8000
84 -406707 527844875 8000
163 -512259 476289928 8000
46 -286937 497289945 8000
93 -414181 516377098 8000
38 -210609 325441006 8000
26 -217552 528380452 8000
23 -207402 541441897 8000
190 -545125 440213649 8000
16 -186699 630526882 8000
22 -211573 606649711 8000
18 -163210 423797570 8000
7 -96218 364639513 8000
9 -111761 438480676 8000
9 -96796 321366495 8000
49 -305150 519186738 8000
18 -141374 296546802 8000
70 -361551 476794540 8000
-9 130401 61101808 8000
26 -215781 497197044 8000
49 -276427 425745914 8000
79 -394965 541579975 8000
45 -296175 513558216 8000
9 -123334 522902109 8000
133 -514838 576749732 8000
47 -264239 426940051 8000
11 -149917 577377847 8000
10 -120878 427237696 8000
4 -74668 394609246 8000
72 -378943 597433078 8000
33 -205059 360998928 8000
11 -128573 445192365 8000
10 -148007 630093197 8000
32 -203154 365723447 8000
110 -481767 570410466 8000
-30 238476 80981997 8000
41 -292097 608690255 8000
-19 148724 27266061 8000
64 -388591 694305974 8000
8 -112228 502883270 8000
10 -109753 344130463 8000
13 -166242 678014219 8000
33 -226686 438219778 8000
12 -125444 426248201 8000
78 -360610 447567117 8000
13 -138379 454045500 8000
14 -127380 329786289 8000
15 -159238 488908110 8000
15 -137582 370509792 8000
-20 196797 33031804 8000
21 -198733 490698170 8000
-11 145115 33850998 8000
41 -294024 556006107 8000
99 -420542 518982535 8000
27 -235504 578739169 8000
19 -196107 575467178 8000
6 -88277 451680574 8000
29 -227096 473526594 8000
-22 210494 96798129 8000
28 -214860 442653001 8000
21 -195524 574972445 8000
57 -301599 448266191 8000
21 -208806 532496126 8000
32 -271742 649066490 8000
69 -313184 384805817 8000
16 -176897 569242560 8000
17 -167017 470491945 8000
9 -126864 556770930 8000
44 -286948 518021927 8000
96 -464242 627180875 8000
49 -282005 429785348 8000
-9 146194 71427624 8000
30 -242822 562203546 8000
13 -161534 566620160 8000
142 -457692 393951927 8000
199 -512150 341321479 8000
18 -188677 580896582 8000
26 -214932 501072159 8000
80 -408293 590229932 8000
30 -253840 601859244 8000
43 -305962 646014303 8000
17 -144936 374487514 8000
12 -143591 504043131 8000
27 -197525 421823851 8000
18 -155657 406842577 8000
33 -203700 355414937 8000
9 -104918 375000591 8000
33 -261809 613607025 8000
10 -118999 447344527 8000
22 -217240 633602674 8000
9 -100816 306156108 8000
7 -91766 370818710 8000
115 -493290 583697994 8000
36 -285208 628292148 8000
-16 166215 71181848 8000
14 -133597 388059289 8000
7 -105407 515046680 8000
18 -193319 597552672 8000
6 -76022 316976456 8000
13 -114360 277521311 8000
178 -615596 543447792 8000
24 -212070 506182329 8000
-18 151999 34549131 8000
11 -111703 356379779 8000
46 -336034 643537912 8000
-32 263398 71361075 8000
15 -137322 405006991 8000
10 -125647 487688329 8000
26 -234328 612406997 8000
-25 227195 52018632 8000
56 -317344 483931585 8000
124 -473375 474029746 8000
166 -641023 634950729 8000
112 -434592 467097967 8000
83 -341342 402415006 8000
12 -134789 438895978 8000
28 -231367 491967718 8000
11 -114710 373541511 8000
17 -179497 549660717 8000
66 -305608 401004386 8000
67 -384080 570191295 8000
99 -385640 388304938 8000
-15 158696 58788429 8000
22 -181857 449517578 8000
8 -125210 584905116 8000
153 -573332 609189134 8000
36 -269727 577197957 8000
25 -224774 564757013 8000
-7 95437 23886255 8000
8 -114880 471759927 8000
13 -141500 438596625 8000
-12 150985 21333154 8000
10 -129497 536263291 8000
55 -305709 491377008 8000
27 -215120 514794093 8000
48 -294313 474491655 8000
73 -372139 531526774 8000
40 -216282 353533305 8000
67 -397002 644234811 8000
13 -115617 314725523 8000
5 -72470 310287253 8000
-17 156045 10225039 8000
11 -147932 509202045 8000
83 -437263 685849823 8000
10 -139683 552588373 8000
7 -89987 350794203 8000
-27 214756 36978492 8000
77 -378207 541905825 8000
76 -369462 469182488 8000
42 -316213 635212424 8000
6 -97763 500438260 8000
81 -367516 495249976 8000
9 -127659 496669617 8000
16 -180375 534192647 8000
8 -100537 408304015 8000
18 -199444 642077320 8000
-10 139921 17647333 8000
107 -482806 666680126 8000
60 -376553 668681517 8000
70 -370746 531673235 8000
40 -249714 436346050 8000
28 -213301 489230560 8000
15 -158512 455466697 8000
66 -364983 595190927 8000
-8 129726 56145454 8000
7 -79620 292351899 8000
22 -201689 548928617 8000
35 -203238 333595632 8000
-19 183792 53852673 8000
41 -250241 421036000 8000
24 -240912 623562802 8000
20 -197477 629618220 8000
5 -94895 488609491 8000
62 -362300 571451171 8000
154 -566438 618998971 8000
146 -503684 455604350 8000
66 -317788 441199423 8000
69 -373306 609323729 8000
14 -134606 358631649 8000
21 -215597 642022549 8000
185 -607123 548230276 8000
12 -126117 415373457 8000
17 -179053 531562282 8000
102 -429140 497398189 8000
154 -509289 473107949 8000
10 -128617 514568399 8000
38 -282224 570238707 8000
48 -315476 546834974 8000
-13 155074 35693805 8000
7 -93652 378076947 8000
9 -104511 364364804 8000
179 -647789 635426703 8000
43 -260431 452663733 8000
19 -158452 420696786 8000
26 -236926 622894858 8000
16 -190531 599634246 8000
52 -361047 685256004 8000
14 -164852 539515531 8000
9 -111931 394188766 8000
-21 218727 46822875 8000
13 -150893 519984194 8000
18 -172168 449691617 8000
35 -221833 377098378 8000
17 -192859 619225097 8000
19 -136876 291471968 8000
6 -91640 447429561 8000
54 -298742 465578197 8000
105 -385307 381220263 8000
9 -124913 544206824 8000
99 -449158 579812203 8000
-23 216667 78482149 8000
10 -132596 509879914 8000
35 -269202 569624824 8000
22 -217773 577927115 8000
38 -230292 395281772 8000
53 -283359 445200871 8000
47 -323398 626856509 8000
9 -132289 570419752 8000
44 -317199 662896620 8000
13 -165954 612702023 8000
43 -279344 494181779 8000
-5 93397 64130686 8000
5 -80514 394668300 8000
83 -356575 424671587 8000
14 -139977 408865209 8000
16 -164403 487769181 8000
35 -270565 581089287 8000
17 -151804 383580470 8000
20 -184814 486102032 8000
7 -103401 444166856 8000
92 -466462 602099636 8000
134 -468025 420700946 8000
7 -100982 442544577 8000
44 -306908 577042250 8000
119 -537297 659810438 8000
48 -277672 459907912 8000
89 -419958 549515856 8000
19 -178528 488309818 8000
116 -485240 593671597 8000
44 -294552 552955840 8000
35 -231063 400637703 8000
35 -246536 484827117 8000
29 -260343 648103477 8000
6 -93897 414972863 8000
34 -267798 640264453 8000
15 -191722 719752669 8000
-21 195450 17172115 8000
8 -109959 498090201 8000
18 -152541 390048759 8000
-25 225062 68451493 8000
10 -121913 472272758 8000
7 -122167 631829310 8000
20 -172319 422122482 8000
27 -220305 489241580 8000
12 -157878 637116775 8000
43 -269556 441679617 8000
18 -167642 460484751 8000
-11 120938 29458707 8000
21 -195345 512436802 8000
13 -175079 650284515 8000
-13 142099 27169294 8000
36 -238950 407583417 8000
210 -615334 507125251 8000
19 -185084 475940083 8000
32 -256815 594787898 8000
110 -496260 678288568 8000
93 -402239 464701647 8000
76 -323604 356611902 8000
19 -214075 718321320 8000
33 -268631 649058839 8000
22 -195633 489871737 8000
-37 313387 74020424 8000
14 -162216 554564908 8000
67 -303645 372039578 8000
40 -211903 333544160 8000
40 -235945 403528280 8000
-13 133396 59254161 8000
63 -360451 594607591 8000
20 -195231 551557219 8000
29 -234377 540833199 8000
17 -162622 457117138 8000
22 -202917 556320217 8000
12 -180266 716839663 8000
22 -194090 527408131 8000
40 -327078 733772775 8000
10 -111174 346498976 8000
39 -233864 425667088 8000
58 -353627 638543408 8000
71 -361366 524514128 8000
12 -142441 462313416 8000
60 -325982 497730997 8000
12 -152709 544343238 8000
16 -175302 544061847 8000
109 -465084 522789087 8000
9 -105726 363193922 8000
41 -316779 720960833 8000
21 -155394 300762953 8000
13 -157507 549024610 8000
16 -184485 666113840 8000
48 -331170 702323223 8000
52 -339332 633782080 8000
49 -300936 534249009 8000
27 -246616 670236970 8000
56 -313775 483623310 8000
22 -182445 461103212 8000
20 -187506 475215000 8000
28 -226766 478375106 8000
-20 191021 55297102 8000
77 -415261 620112203 8000
24 -204788 506794895 8000
22 -212245 612503656 8000
57 -332580 503273232 8000
45 -227476 325004226 8000
10 -129146 497553778 8000
7 -111060 468286843 8000
106 -467000 625361624 8000
24 -192448 434398952 8000
124 -471882 498017755 8000
13 -145372 481716566 8000
20 -209161 560634461 8000
135 -448185 441226976 8000
5 -75210 339247450 8000
7 -122228 596638436 8000
20 -161131 390419942 8000
90 -395375 494703099 8000
39 -262744 481074665 8000
30 -226478 512382392 8000
29 -197513 404073031 8000
56 -362373 637906468 8000
13 -150241 470420080 8000
25 -243791 637274058 8000
-7 102498 17073771 8000
7 -93176 437677643 8000
24 -233610 616586814 8000
5 -70199 303441429 8000
17 -169902 495676189 8000
11 -115405 376200227 8000
12 -139893 456121365 8000
59 -314723 450142720 8000
108 -477405 594201199 8000
62 -317513 482568584 8000
-14 139069 30150016 8000
-6 95405 19226005 8000
84 -422931 612401026 8000
73 -366313 536331215 8000
22 -186541 477881341 8000
14 -171252 574698928 8000
12 -144451 518342865 8000
