2000 50 1000
396
1982
315
777
1697
210
483
943
752
1484
92
572
827
1542
1190
668
1739
535
185
1331
892
465
1911
47
1121
1781
1606
1425
1548
1977
101
240
1135
1578
52
1704
1762
905
1764
954
1498
1325
30
586
755
1246
1635
313
1238
1003
1298 1513 414
744 311 568
1335 0 94
1433 199 727
1975 536 954
1593 1037 641
1146 1267 969
1113 606 328
1383 701 832
1983 1196 783
1515 786 982
296 630 516
1727 1418 56
639 995 225
1496 575 817
1157 1675 125
428 647 8
1337 577 848
1204 612 991
807 1965 369
110 1525 65
202 607 725
628 1505 680
9 532 976
1648 1771 955
184 731 716
95 1414 786
175 238 729
524 1781 422
485 867 409
325 751 147
160 631 481
190 1377 474
1664 1636 81
454 9 972
188 699 957
922 7 210
556 918 474
116 277 506
923 679 260
1746 235 285
1729 1973 129
1917 297 510
527 833 586
1354 1368 174
1968 1814 156
122 17 674
878 489 853
401 1245 520
1729 1342 233
531 41 893
178 525 748
365 1070 268
435 574 861
1755 1537 864
1338 121 636
1745 1800 538
221 413 94
1487 1526 517
467 1457 163
974 391 673
1727 898 867
1603 1343 207
1714 367 670
439 1322 748
1894 578 993
1759 1247 46
1181 866 497
1588 134 140
775 1823 31
1532 361 778
773 88 519
431 48 69
1945 104 262
839 1962 158
1647 1476 955
1576 15 831
1171 1935 974
330 1916 401
1508 517 310
480 12 432
1750 270 386
732 438 749
328 480 796
1596 492 139
487 1369 977
1553 1262 846
1306 1119 710
77 13 892
169 210 77
964 1160 130
468 894 643
928 1446 466
1988 1569 691
1316 1487 118
1686 1770 830
364 1508 340
26 1814 759
1172 1672 141
670 724 223
1230 1542 489
914 275 477
14 723 874
966 1052 587
1517 362 259
1437 1939 356
1760 1296 226
227 1029 962
754 768 405
157 1580 864
1789 761 830
1522 1095 929
1440 616 179
8 468 234
580 871 794
23 1674 308
138 1189 506
902 556 925
566 642 279
850 1811 225
240 509 108
1189 1583 574
1080 1116 40
25 107 486
1573 1919 829
130 1596 201
133 666 928
256 826 627
1566 882 929
35 1302 117
920 618 874
1936 204 796
23 1644 857
503 997 438
1185 1587 5
1502 286 240
1786 1103 513
1311 1824 725
311 1098 39
1064 1708 490
45 1408 749
297 1308 649
1277 742 803
606 133 6
1284 463 914
1080 18 277
835 1218 411
1198 1075 442
1515 1174 235
127 142 643
479 1659 472
416 978 531
471 549 19
182 1856 426
992 1535 829
1428 994 298
391 1425 922
1200 6 28
1586 491 455
1809 521 946
986 1202 791
588 255 113
711 398 256
1554 1481 363
837 419 592
1905 1793 521
712 141 900
855 1176 362
1801 1165 187
369 69 386
682 329 482
1660 828 50
77 402 982
1803 1251 205
462 1074 212
1306 119 273
469 751 729
673 667 950
492 496 774
265 1279 276
623 404 136
428 922 191
666 1433 153
179 1603 600
732 406 51
932 1564 957
229 599 85
1568 421 440
187 1204 42
1923 568 122
905 1648 984
266 779 863
824 903 874
1618 143 900
300 1538 205
365 1147 419
702 662 626
1536 1994 19
893 1213 680
32 694 601
602 1215 90
276 1405 118
1659 1263 442
438 379 316
969 365 280
1911 660 269
1760 1072 882
1218 521 729
1578 1762 957
1625 106 388
819 1326 114
92 1137 411
737 1680 816
1762 1383 201
1473 786 168
388 133 763
1037 1065 683
1471 269 615
607 1185 409
776 1533 287
1805 1135 919
68 1660 243
1256 1366 885
714 1467 665
1202 360 723
96 1539 882
610 1723 829
480 926 157
1563 763 851
59 789 359
1493 524 558
665 1712 712
1920 451 371
1074 1249 735
612 184 475
1452 470 575
431 301 86
383 1796 684
882 788 388
1310 1014 339
600 341 579
347 33 410
1462 1247 964
1846 652 71
517 1616 769
851 1913 852
593 1160 407
586 850 975
1233 223 398
1815 1139 754
454 1981 527
646 552 772
932 1929 113
1822 989 186
1150 1180 889
1458 493 324
462 1473 868
1570 1212 108
1946 204 201
190 1551 776
1563 1881 52
1949 1383 935
567 1103 739
1415 577 312
1830 469 348
1535 854 767
126 1143 345
992 118 401
1924 588 607
879 633 600
421 1230 896
1454 1812 336
1989 1964 691
1544 744 452
1279 185 387
1546 766 133
1642 1008 644
1642 1074 318
990 819 585
696 365 326
1818 1208 213
1137 1812 949
1056 354 783
1399 1000 713
1066 1558 736
1179 732 427
924 284 307
1293 1259 744
1928 856 808
1732 1809 467
1882 9 948
1069 433 431
1376 744 900
1997 558 223
1493 1268 321
354 1480 946
1546 1199 883
228 961 586
963 239 927
282 1018 54
1854 283 46
1754 56 972
354 194 608
728 389 22
1234 576 708
1639 848 716
929 1464 737
1381 903 685
1869 1638 765
128 1668 309
1246 132 772
1196 869 900
1254 806 440
734 560 758
1018 350 645
1874 1380 297
878 211 896
1303 330 691
632 1903 5
635 900 669
988 1319 480
317 1327 193
1258 865 455
1087 1234 411
1538 1381 897
1176 176 34
659 1014 872
375 568 137
731 1740 657
1761 765 816
1068 1819 682
1285 189 889
1678 388 205
826 872 276
805 1780 396
680 23 184
573 1600 910
1629 514 554
565 1632 478
1183 345 787
1933 1734 778
853 124 722
1425 1551 636
679 1460 24
487 1934 919
1796 1297 173
502 369 677
1146 423 434
1872 237 564
370 1791 857
1400 1250 997
1076 191 167
513 968 901
1713 1021 669
1305 1019 880
218 960 101
305 492 839
930 1351 867
383 903 527
587 1453 145
1484 1546 221
295 694 753
500 1791 935
903 392 536
1317 218 172
1065 1647 736
245 849 762
1925 807 538
1878 1440 539
883 147 419
1020 645 324
1686 1151 887
472 280 831
1094 937 867
1064 1738 841
1791 1393 129
1205 32 226
511 59 431
839 1825 69
1625 771 890
859 1305 543
452 1472 77
129 102 157
1142 934 175
597 1329 338
1087 1170 324
1876 122 140
936 1172 804
1273 977 294
1680 354 158
39 427 622
1239 159 84
1019 716 725
443 1104 118
1375 1281 546
1546 152 409
1568 52 917
1980 107 997
578 1186 261
1561 1757 987
1522 267 248
653 738 734
1530 1563 338
183 1776 781
1065 1656 564
1783 916 236
101 592 234
808 914 901
551 656 434
1635 1453 576
1673 1805 767
512 456 118
67 195 752
453 58 462
1092 906 743
162 1216 369
1789 1444 230
1125 1891 201
81 927 714
711 1665 740
231 405 120
1026 1471 749
230 317 94
425 1594 658
401 1867 104
773 951 121
743 177 128
1198 210 837
782 1090 573
95 349 419
1566 560 159
403 1332 235
479 1063 907
877 1765 531
1537 1327 858
114 181 63
155 1473 674
1844 783 836
641 674 566
469 317 659
110 1047 853
1878 687 612
1244 255 142
1953 1777 597
1586 804 438
1404 221 24
1376 1374 229
1737 1029 869
183 1865 447
1387 1570 626
732 1501 773
111 1784 899
1475 548 777
1639 1126 676
436 1021 223
1302 1193 823
1978 610 737
1647 1660 547
1792 623 573
1759 791 288
1234 1144 85
1820 301 361
878 1684 974
218 1309 723
782 1559 930
868 1714 585
760 1269 311
275 1309 602
1758 916 170
1554 423 554
1765 225 790
1922 1209 172
1704 841 725
312 3 137
590 1001 528
1991 869 849
1012 105 466
1684 1255 296
963 913 668
376 113 470
1569 1049 733
341 1134 447
628 1546 33
783 1110 78
1701 1906 141
295 265 101
633 756 257
414 288 206
586 953 376
530 255 361
1692 1548 738
1576 1419 594
1030 694 774
1719 170 350
493 647 97
1718 1992 508
1718 1722 57
1339 405 439
1894 654 673
505 199 414
1304 1994 720
295 633 310
546 1877 571
309 1827 284
550 1803 265
1625 839 29
613 1049 470
1637 1227 70
457 157 519
1126 1086 375
113 524 961
380 1921 264
1224 1387 139
1993 1042 758
1822 9 945
1471 1068 431
1147 1611 979
464 1727 926
406 1225 182
591 65 995
406 660 291
29 155 901
1739 322 639
1861 1942 653
832 1103 513
1223 643 722
1409 733 413
658 1643 313
1786 1988 771
1108 1592 559
351 813 218
1140 1065 513
1983 1356 197
1493 1563 335
1775 1949 842
1348 1507 837
855 678 805
874 1251 809
1164 89 933
1787 1306 440
1446 616 877
604 978 736
1826 1903 229
1456 1799 348
284 1197 781
1013 535 611
1626 416 676
460 837 190
1987 1561 466
1381 1456 683
752 718 596
167 1345 441
1412 470 56
220 988 113
1577 932 335
1712 80 589
260 709 769
1747 1640 674
1398 1647 706
948 847 83
734 1216 401
149 90 139
891 1535 941
602 636 790
1598 1993 594
1789 797 287
1960 60 386
1543 488 454
1094 1363 209
60 1472 611
1934 1193 689
1532 219 769
1824 699 61
1453 1323 484
309 509 588
287 1608 993
1391 1380 38
602 839 424
393 357 795
600 790 907
1350 194 521
1478 655 566
73 1064 287
1040 1591 72
1173 303 527
343 328 553
1209 1069 697
1909 997 780
604 704 561
1158 600 742
1670 414 845
1479 214 215
192 1510 788
1253 160 418
1595 1060 799
1220 1776 512
93 1862 813
1204 516 454
1838 865 261
529 35 461
693 752 151
847 1568 286
137 260 281
1880 1891 454
98 59 841
1294 1652 293
1379 1761 338
988 1601 656
497 338 447
1240 393 600
186 1235 446
630 999 569
1479 1544 383
196 1595 655
1466 1690 435
331 1755 916
383 200 20
1613 1972 551
491 1407 647
1741 1426 223
649 1101 979
1812 894 246
1427 1534 1000
919 534 504
1490 1394 235
291 1327 603
995 547 348
388 1170 300
1919 1435 893
587 1928 732
1843 943 129
1971 1553 507
377 362 105
833 1225 458
501 492 813
193 460 65
586 1009 150
151 1246 870
257 1287 289
390 26 221
484 1136 936
100 817 753
569 1986 534
743 1015 472
1974 857 32
1020 190 204
423 1427 118
208 1488 901
1416 1433 328
599 752 123
283 1751 925
1890 103 417
896 299 263
351 1798 523
1249 1144 428
1518 1860 542
1463 645 245
4 209 737
549 1281 554
1094 854 102
1917 670 678
960 1449 338
526 434 379
1264 830 753
1761 12 640
1436 1865 906
1153 1457 969
394 1319 555
1070 1676 947
235 939 658
645 1384 715
1834 651 119
1743 1791 633
1086 1336 534
475 648 549
984 1150 394
395 100 780
90 399 120
95 796 973
1612 1778 347
1121 1 538
1757 652 386
788 92 261
1326 369 616
891 1876 450
1138 1092 515
220 648 388
668 1931 981
1271 964 120
315 497 948
1172 1393 671
1134 239 839
707 710 934
305 558 174
1675 1397 397
1630 1044 700
1185 1775 438
477 1236 492
941 811 436
1992 1109 765
1196 1042 794
518 330 96
74 1355 652
419 1224 897
717 1606 681
823 898 913
1957 203 252
743 1328 21
1952 404 735
1271 1416 132
1269 853 815
52 130 260
1514 1839 406
158 1074 440
1326 808 647
1803 1774 258
1473 869 999
54 261 558
58 573 790
1407 1475 212
101 901 756
306 971 510
1293 1898 241
1059 1587 577
1904 1515 912
925 1431 496
761 1068 335
762 110 517
1657 653 169
603 1188 896
518 992 36
592 1140 100
324 1972 375
1021 511 274
1866 731 690
661 948 331
1678 1755 674
729 311 646
1071 151 14
252 1342 977
628 1259 352
1796 1049 652
1566 825 478
1416 1315 710
1833 77 710
1102 1178 427
1551 1535 747
175 427 65
247 1846 518
1235 1653 173
430 838 600
1916 491 321
721 457 221
1055 2 691
525 1177 184
666 1719 272
1412 1601 799
1628 616 125
372 1421 977
1311 828 591
18 23 925
612 524 129
1694 1174 998
1583 635 378
407 1355 964
17 1937 30
821 1267 946
145 1189 47
1173 1255 465
793 96 426
1255 964 412
1337 608 736
81 785 940
839 209 971
750 1959 301
380 1158 933
1996 733 389
663 1059 408
447 983 768
1993 1930 383
642 1000 436
1157 346 420
475 8 716
52 1299 295
1788 1360 617
474 1278 566
206 1001 683
1447 807 624
205 425 535
1729 838 724
1634 1110 237
1941 1036 334
608 225 932
431 1157 471
473 1726 225
1802 584 43
1143 515 477
1365 110 927
1698 1740 962
567 366 165
204 1908 538
287 1735 188
763 1727 90
702 1479 840
1081 1741 738
1539 1097 625
1274 253 947
421 1914 794
1788 196 912
341 1995 553
1952 1860 267
264 1453 729
881 776 347
1318 1396 391
1461 1227 209
437 143 582
928 127 280
554 1022 579
1696 161 246
498 1694 564
381 703 406
52 1155 681
359 1768 563
1405 535 887
1941 835 58
1318 610 964
1432 1823 299
360 1072 505
778 1203 321
920 1190 417
1848 738 599
413 1324 333
579 1817 628
1129 798 414
1440 1308 693
77 805 231
316 1140 121
1355 1728 625
284 1964 184
480 54 676
551 1897 69
680 1321 273
1487 1220 719
62 202 944
4 1000 423
1738 610 58
1903 1347 968
927 555 730
845 338 244
1023 764 532
1309 52 415
1524 1229 525
1258 1858 919
1023 359 890
953 1884 634
1289 1253 341
1928 1221 611
972 416 741
1615 446 825
1940 1812 368
1848 1626 971
659 674 596
4 1980 281
1702 1728 434
1207 387 45
1900 1734 654
1228 1072 756
157 1710 536
1827 1973 834
1293 361 411
264 1507 278
1664 1695 712
1385 1910 952
551 724 927
443 1017 985
1631 834 163
1883 820 278
266 1007 42
130 771 487
161 856 841
1655 22 588
26 1806 94
1495 966 434
43 161 729
500 1370 148
1428 1847 457
666 140 723
1920 1644 381
1845 1928 888
146 844 996
104 395 913
46 1424 240
150 51 972
1804 280 888
863 714 976
321 200 442
813 635 268
1577 1233 494
345 545 961
1242 196 369
869 1766 139
36 771 632
314 779 192
244 1773 132
1589 1149 664
106 372 348
416 965 483
477 1954 305
841 426 733
1021 1008 593
1633 137 281
1324 1302 36
1620 1019 196
1100 695 21
106 526 640
537 1407 267
16 306 497
765 488 678
374 367 545
23 1989 981
573 436 552
1395 72 730
1346 351 49
62 19 180
1347 8 482
1966 409 413
1620 758 326
1418 1270 74
447 220 302
42 35 627
1719 1955 64
887 427 357
1458 890 622
550 1680 344
1806 1205 93
37 918 14
873 263 743
89 928 269
1534 610 468
561 624 869
137 471 794
1193 203 655
1495 878 438
64 827 869
1733 462 928
1781 679 946
1416 450 493
1850 548 206
1714 1270 695
93 1546 294
472 177 949
1943 1690 553
27 1348 924
650 1384 318
388 159 889
138 1563 664
1430 1570 5
996 465 458
1169 52 115
402 237 213
1108 457 788
24 247 544
1139 375 204
1763 211 393
589 568 926
1945 1242 123
1700 1130 918
832 955 220
1931 982 128
1625 521 102
1546 18 263
286 1394 788
1964 766 304
1389 864 130
574 132 490
762 947 827
1566 1188 700
1392 1158 848
1613 782 491
602 828 884
936 1512 810
830 711 371
1437 1408 241
532 578 167
1024 151 914
706 1721 443
1275 1673 360
1995 1688 67
1309 649 951
1970 1369 527
1489 1695 362
1256 208 723
675 323 141
1428 1509 584
1588 909 547
1529 921 97
1121 199 542
1418 1340 785
600 1013 738
741 1125 858
