700 50 1994
621
528
324
274
90
202
505
498
554
250
349
185
331
78
212
320
192
244
575
148
30
662
426
311
268
440
40
448
121
103
623
377
412
397
595
68
321
657
130
295
574
183
290
693
484
696
292
583
435
221
233 278 358
22 425 730
644 184 866
634 443 230
659 612 918
224 576 572
225 301 946
531 143 89
489 63 810
259 129 30
612 245 329
403 611 204
95 254 242
384 619 22
512 314 341
557 69 956
460 133 186
52 175 898
478 456 533
159 177 181
326 348 822
209 62 569
699 374 807
589 22 717
88 428 766
663 121 494
215 228 41
394 228 740
345 134 613
301 293 213
91 677 983
440 661 503
688 637 222
112 549 538
605 288 327
141 233 947
331 337 193
67 603 697
137 239 361
7 84 143
189 214 755
514 272 666
510 182 27
48 631 933
355 518 83
296 672 231
10 159 515
285 660 532
123 243 399
295 625 978
92 93 864
50 247 411
511 371 645
450 167 996
534 245 698
311 484 245
509 657 482
537 664 605
410 113 882
457 661 669
508 386 37
577 408 908
148 496 216
371 96 468
141 370 774
451 467 670
46 557 136
387 123 153
449 283 767
301 295 678
533 139 564
454 218 237
677 188 97
425 649 141
369 132 296
72 111 165
25 125 309
150 491 677
58 1 711
347 183 876
406 108 746
2 291 578
1 402 323
672 619 444
151 360 71
460 436 692
323 454 931
525 516 734
445 114 432
165 586 869
205 63 724
426 473 963
354 363 904
62 694 514
88 190 934
237 46 691
670 129 562
660 41 351
354 377 121
481 646 103
10 294 79
98 542 794
196 106 418
292 500 507
522 173 780
191 628 41
175 180 698
618 395 54
335 395 905
250 566 436
478 551 802
32 450 207
684 275 733
15 192 465
51 25 148
348 683 998
18 149 147
297 605 579
657 243 560
103 679 489
204 184 371
109 316 239
654 58 382
463 374 332
592 377 95
254 406 539
113 282 25
384 229 37
269 690 964
132 186 297
559 301 217
301 61 706
315 519 663
643 300 987
281 168 169
626 32 793
581 212 979
510 167 774
626 620 390
281 684 79
139 624 373
416 350 173
205 636 166
231 530 857
263 104 467
324 400 12
70 691 163
312 480 498
92 209 143
441 595 705
551 128 845
550 192 471
392 235 373
89 662 168
673 94 836
473 325 636
22 196 647
445 528 564
583 177 513
242 587 730
636 90 522
409 218 144
697 694 479
105 60 454
638 0 355
280 680 876
501 158 890
299 508 623
443 605 330
559 232 282
660 142 482
498 265 356
11 490 65
531 252 851
426 394 870
343 28 380
633 577 133
545 631 240
94 348 226
344 594 907
385 236 869
240 246 699
185 695 64
540 379 959
63 279 455
118 400 542
683 245 885
635 331 276
401 128 914
555 505 183
304 301 437
77 258 17
684 602 891
671 636 982
166 497 715
31 82 132
374 37 242
279 618 991
256 496 704
684 57 205
687 595 841
193 637 30
487 277 930
315 127 782
168 479 918
420 516 368
95 303 696
452 404 588
456 536 142
558 89 618
486 218 135
164 105 653
16 486 342
629 136 552
505 353 758
9 13 352
207 239 960
220 393 618
539 531 860
558 683 948
672 128 471
675 322 537
506 94 477
417 403 944
430 372 950
311 106 650
565 544 22
480 671 400
617 425 771
329 323 141
374 289 395
148 625 870
113 624 307
490 73 505
384 435 994
466 62 923
283 375 744
320 347 28
656 253 149
335 548 759
70 330 220
374 251 676
698 517 447
418 256 222
581 473 567
159 176 10
334 279 251
676 69 33
674 269 914
562 542 787
24 543 575
165 692 322
610 148 569
238 43 927
66 452 611
322 429 189
525 341 952
233 420 657
529 440 269
539 447 357
536 586 481
695 354 747
2 185 306
544 99 139
183 300 311
292 595 581
585 359 675
79 12 993
443 689 427
450 409 321
279 287 549
645 61 307
580 61 136
393 515 609
135 15 833
620 236 534
338 288 623
14 214 828
631 9 325
16 156 346
652 490 559
328 329 315
514 184 965
517 582 635
9 399 65
274 535 290
405 147 964
32 114 889
658 26 908
527 74 701
552 387 425
92 31 195
519 408 620
15 545 531
306 36 656
658 371 774
111 355 543
425 644 171
446 247 699
359 407 725
200 464 904
556 617 544
243 381 118
634 605 365
65 368 263
410 168 287
690 609 725
665 588 47
561 481 544
578 119 655
303 488 787
375 371 828
305 248 821
245 476 796
202 361 617
528 57 572
232 400 362
367 171 629
570 365 815
515 282 563
63 37 197
137 373 45
447 64 18
61 323 488
462 668 269
382 439 92
52 575 83
303 410 780
472 567 950
332 103 268
97 198 283
338 271 767
122 312 823
423 142 415
57 289 773
15 243 659
641 308 848
142 173 921
345 656 719
339 655 408
541 18 564
95 11 142
54 676 503
184 17 135
319 2 794
27 620 931
78 8 363
408 318 194
453 62 912
647 245 494
176 620 508
92 310 935
624 346 397
91 62 57
534 295 578
495 52 92
491 47 368
517 270 353
25 609 314
533 423 717
267 357 466
146 659 837
535 86 743
120 610 187
574 202 299
49 252 173
531 110 187
620 609 39
277 405 912
389 488 888
125 687 944
428 56 782
660 78 774
268 293 6
582 170 23
41 101 910
201 150 21
22 74 202
359 365 106
100 581 115
163 195 521
501 502 376
486 86 864
93 697 878
98 68 377
380 522 973
190 535 168
195 527 237
423 250 143
278 364 131
266 380 847
530 426 392
427 136 683
83 263 227
304 62 503
98 692 24
155 267 626
175 277 25
434 298 478
233 625 934
347 42 916
450 106 168
237 301 277
98 48 166
391 429 625
467 639 930
695 67 191
368 699 199
170 162 272
578 13 282
66 7 443
617 197 292
226 539 73
606 580 679
383 662 310
259 250 516
348 396 521
419 574 300
481 83 322
0 573 270
595 425 739
485 246 384
271 109 487
246 531 187
11 12 811
363 445 98
270 241 455
120 203 659
390 568 674
207 630 274
550 532 10
60 665 726
53 447 648
318 533 382
82 582 894
79 285 285
413 535 518
199 585 675
542 460 949
429 404 791
108 448 823
615 223 885
396 492 290
83 350 666
244 408 389
498 537 978
202 645 808
618 21 82
243 60 686
393 653 863
323 36 930
624 291 35
224 146 297
440 167 818
653 455 226
301 115 486
423 187 544
14 662 379
58 688 721
122 206 335
573 632 482
539 532 126
350 117 539
195 660 766
377 94 739
161 636 507
436 167 893
573 242 312
351 316 713
520 513 60
364 289 910
8 680 478
314 550 862
671 426 386
606 87 56
152 45 289
9 256 338
552 45 593
477 592 424
619 651 968
442 417 493
163 84 78
327 516 862
72 654 985
319 463 436
483 594 471
45 497 666
403 27 836
291 450 408
657 440 868
297 153 886
271 144 329
663 459 558
485 48 155
354 555 801
209 525 965
55 23 919
142 56 548
25 555 20
386 186 649
624 629 801
424 218 197
232 62 637
295 67 841
415 467 777
651 251 907
268 38 741
127 530 360
515 318 213
695 116 243
168 376 108
341 216 280
435 304 392
637 486 438
162 325 887
284 429 401
162 620 203
409 447 839
221 242 655
516 419 774
449 597 436
333 96 600
475 256 308
45 82 704
364 353 165
9 505 667
661 326 877
536 230 968
460 398 556
8 647 182
436 507 327
449 501 940
445 501 76
507 62 141
71 341 748
65 22 19
494 241 373
462 143 289
352 343 651
678 2 546
626 262 462
130 465 124
337 563 579
70 15 49
595 685 956
460 586 583
506 643 764
458 535 502
269 218 217
33 644 336
662 258 925
582 76 848
410 398 326
5 33 412
678 263 328
8 117 61
549 86 462
481 604 403
600 214 282
255 684 254
240 273 92
690 315 208
474 453 734
95 123 162
346 210 322
545 212 418
39 64 619
422 638 326
542 367 851
255 572 418
578 556 524
660 50 8
293 213 860
422 231 809
58 129 500
50 324 121
508 332 331
351 436 653
599 223 104
367 484 557
92 148 827
18 564 347
249 259 154
197 607 601
319 280 775
594 632 798
603 629 879
74 478 856
432 450 732
592 429 679
667 487 365
15 128 568
146 306 537
341 243 293
554 571 322
429 64 982
613 509 342
432 332 526
632 162 40
556 265 624
461 112 159
516 35 137
115 162 662
436 219 462
53 482 552
528 302 973
9 497 888
35 385 936
695 20 291
637 82 484
427 686 559
654 493 625
669 314 566
39 92 903
684 327 710
130 78 528
312 440 137
319 520 717
442 145 342
153 391 313
99 185 836
336 606 434
560 174 780
282 104 117
206 456 941
180 382 906
39 557 373
91 644 477
618 319 105
32 619 122
54 212 964
63 360 111
73 386 62
367 115 269
95 550 979
552 185 367
564 622 974
40 195 643
192 324 461
10 78 572
84 256 283
99 296 868
474 221 401
196 66 524
234 24 878
529 674 417
373 541 606
415 184 727
569 301 120
318 465 803
142 460 513
400 224 602
67 118 606
353 172 324
179 531 553
495 460 878
28 488 40
430 624 213
692 120 756
350 197 686
219 584 348
290 646 925
233 603 231
246 348 995
82 521 184
52 64 173
71 352 646
609 263 955
613 317 553
49 312 610
438 151 963
104 253 644
257 670 533
85 541 510
196 430 347
601 247 956
361 407 147
695 115 282
140 556 198
482 576 506
558 122 386
265 298 897
170 496 67
375 379 215
592 285 969
161 501 789
279 191 664
324 83 848
656 418 815
149 252 200
410 121 971
669 91 556
15 138 783
496 114 839
458 686 932
264 301 69
273 351 568
521 531 155
93 324 978
619 647 208
529 202 487
454 126 410
590 633 430
241 181 344
273 46 477
612 189 624
474 317 150
115 128 331
558 323 767
478 218 966
649 222 317
677 393 847
328 602 920
485 188 63
564 698 200
529 89 111
157 154 200
85 503 190
64 539 800
569 284 732
227 351 286
333 247 693
428 559 802
620 173 879
487 375 195
96 254 205
78 368 38
522 219 277
49 405 557
222 608 914
440 698 99
387 316 328
390 238 169
619 461 409
22 335 65
105 659 949
291 523 151
540 131 503
325 24 703
697 210 106
58 366 753
384 161 50
548 506 727
673 357 257
144 74 115
204 297 181
602 7 822
364 104 546
537 637 325
20 34 883
197 442 217
552 655 255
23 579 334
230 423 330
263 338 263
144 331 435
612 371 570
281 444 677
11 394 536
70 47 188
475 469 589
345 549 75
135 23 863
280 691 678
319 565 712
542 27 721
475 370 163
234 86 712
615 150 931
77 254 171
542 415 762
129 253 908
370 465 567
12 555 476
247 445 172
656 379 410
86 269 362
598 129 480
550 213 935
177 683 632
81 494 547
609 378 395
210 48 618
253 481 604
367 554 313
284 558 481
10 448 730
127 260 976
218 668 278
5 445 348
370 162 485
438 448 88
124 532 797
287 641 371
135 464 68
279 553 870
449 468 541
479 616 503
614 524 717
307 424 471
611 668 85
391 531 825
48 166 903
127 477 41
407 552 270
266 310 449
665 370 84
490 146 682
695 239 476
678 293 363
173 39 981
381 463 101
409 95 781
614 512 168
174 669 627
79 668 963
268 338 307
341 589 193
216 603 189
30 92 126
3 229 855
131 526 314
382 173 418
581 119 45
315 241 772
124 520 725
105 633 962
226 578 752
556 473 826
562 164 472
692 647 652
222 571 11
639 652 273
313 186 521
98 417 649
548 22 616
469 266 764
413 25 179
238 110 791
247 458 432
134 230 395
664 546 380
293 21 943
403 457 868
455 459 736
350 336 655
501 164 437
676 171 961
109 540 140
308 252 338
172 120 944
84 435 884
258 558 596
680 458 377
199 494 867
207 650 814
514 602 23
189 342 893
676 56 739
107 395 78
531 229 263
696 44 555
449 180 435
488 521 469
145 231 207
672 40 902
132 563 194
153 190 240
684 505 733
385 203 449
226 417 717
80 642 621
267 329 374
549 340 551
283 462 205
395 602 725
445 509 180
120 364 311
173 587 89
215 72 618
522 327 18
61 562 542
420 435 477
266 582 209
483 28 823
523 20 196
57 294 28
400 42 571
135 14 355
36 600 5
195 491 517
684 539 551
585 203 94
60 439 950
289 412 302
261 304 294
311 252 996
482 316 825
275 325 448
563 78 331
283 261 614
215 65 433
415 358 390
482 647 610
302 524 350
412 324 423
258 517 398
192 433 456
323 442 945
9 358 668
261 568 308
470 340 872
430 545 928
348 239 333
235 670 785
167 565 627
156 451 178
160 55 404
579 16 874
88 582 159
206 112 351
242 681 958
519 140 936
617 345 991
26 319 56
458 170 944
136 449 945
273 496 450
599 89 225
581 507 573
95 82 888
88 322 25
507 245 739
82 523 77
15 84 654
45 283 988
673 620 696
79 567 231
595 665 248
96 683 849
324 514 933
29 620 469
546 596 153
489 424 697
561 44 497
43 77 250
675 406 79
141 183 393
642 259 200
27 154 836
217 632 513
314 118 395
624 699 67
326 181 727
580 388 990
391 462 417
595 561 884
121 643 278
485 686 617
287 155 121
446 467 870
404 30 6
426 231 612
551 619 541
692 77 517
522 150 325
234 490 174
412 433 855
40 169 403
578 254 875
501 651 223
296 600 972
96 455 58
489 452 218
237 605 785
104 606 8
472 121 107
492 311 339
628 160 52
8 123 134
277 245 138
312 540 494
527 441 821
4 577 588
319 479 965
467 20 181
49 27 383
392 196 131
249 625 35
474 644 432
645 188 101
371 208 770
622 571 82
127 39 287
227 71 342
184 510 7
42 51 92
272 184 101
110 98 501
378 441 943
163 431 957
374 594 945
587 77 449
285 397 352
185 175 844
426 692 856
142 245 291
322 121 973
592 441 849
90 521 162
424 380 600
571 41 601
388 513 508
539 165 467
387 245 111
101 652 326
586 336 735
643 433 687
463 665 838
191 493 426
368 455 870
605 308 511
397 287 348
334 195 647
449 473 181
70 302 884
340 315 849
697 134 622
552 0 674
634 143 361
330 613 840
122 613 102
70 411 158
454 277 364
96 292 705
408 196 209
454 2 983
232 507 701
327 118 7
103 266 540
364 48 655
331 540 415
417 564 63
90 681 553
112 233 283
547 278 14
222 455 524
541 419 963
332 291 340
314 29 316
440 48 319
553 169 728
607 628 221
293 175 139
622 233 542
127 384 87
315 622 608
537 80 949
574 410 970
337 452 791
74 399 231
301 87 320
437 672 962
214 696 660
543 449 842
280 314 160
612 359 379
483 343 378
108 595 357
54 103 104
487 527 429
650 394 438
486 402 283
440 415 808
623 62 969
604 555 130
477 137 616
110 58 739
10 184 283
677 481 174
315 58 784
377 72 89
695 364 725
80 92 165
400 379 183
43 146 474
526 214 157
503 8 384
104 416 803
567 296 937
186 419 293
372 527 403
603 267 305
43 194 51
581 141 510
624 390 647
273 567 441
686 105 986
335 542 774
279 354 798
25 635 202
83 493 870
421 112 605
626 628 789
217 692 810
201 674 53
683 640 292
578 459 499
489 74 361
516 324 644
157 588 94
503 7 72
667 597 104
130 437 702
383 127 181
195 630 150
665 385 851
273 535 657
229 133 422
543 135 368
312 306 623
272 690 749
481 33 282
167 424 872
647 382 116
285 276 505
295 96 131
436 43 778
133 566 336
537 105 587
652 565 335
166 143 736
273 467 294
646 664 703
316 614 979
445 371 708
333 681 187
315 93 583
626 346 531
613 580 826
224 518 851
418 36 15
563 657 795
558 234 819
312 365 343
386 286 538
574 566 966
453 195 596
32 483 30
314 668 961
227 175 895
159 543 837
528 687 937
38 286 9
172 459 475
689 385 859
177 422 138
170 542 365
389 319 159
464 332 415
72 501 965
604 279 813
15 630 196
382 545 12
228 488 922
214 248 699
255 252 480
357 367 279
636 71 452
127 451 455
41 167 938
345 684 979
176 516 775
667 510 509
490 699 488
21 90 904
278 263 63
363 51 876
530 7 193
118 203 62
216 174 794
579 52 848
183 574 583
424 314 803
525 189 188
470 389 90
372 123 423
575 597 110
535 678 264
505 636 95
508 94 551
66 208 557
103 20 126
245 470 340
70 79 912
231 332 961
355 607 514
451 75 608
157 398 607
26 522 395
126 457 489
299 625 156
248 575 510
73 188 910
230 530 634
210 311 637
272 157 967
103 496 966
621 102 340
516 196 970
145 501 727
506 226 835
67 325 58
233 202 974
360 200 330
488 543 33
340 514 408
538 685 187
515 681 96
645 382 536
660 576 886
203 219 775
642 690 593
18 1 743
558 359 342
591 366 889
129 392 941
183 677 700
142 585 834
52 16 739
316 555 543
135 111 588
308 138 631
313 495 319
370 61 194
687 666 604
479 218 148
281 542 173
410 203 142
216 296 501
120 122 943
388 214 572
367 610 856
617 38 714
682 493 985
20 8 724
22 166 301
611 166 887
194 148 704
335 461 22
391 522 562
277 373 823
661 505 203
93 482 98
91 349 765
680 129 140
227 628 81
139 251 950
60 449 583
401 623 252
263 327 170
589 328 362
149 423 250
157 545 81
12 164 35
370 504 220
593 79 993
505 423 154
521 47 435
96 161 981
191 207 730
96 507 51
71 266 533
399 682 859
457 570 917
557 21 738
14 178 614
273 635 849
609 467 558
624 200 701
96 217 353
530 452 661
316 309 817
594 384 236
585 696 868
433 431 826
658 270 277
136 300 785
624 209 376
579 387 266
596 7 217
341 407 125
625 694 404
74 216 587
232 299 364
141 250 123
176 218 21
338 604 794
467 436 860
156 270 574
576 369 225
156 126 798
195 20 59
383 58 814
511 539 952
478 283 329
428 693 471
517 289 992
68 166 175
231 208 407
47 495 958
545 220 264
570 566 803
414 474 762
179 228 32
360 167 643
473 300 716
291 645 557
619 689 699
18 472 505
16 128 286
388 574 211
42 164 906
399 588 169
384 353 762
374 164 852
146 683 288
15 224 492
152 15 637
171 685 609
417 64 386
543 447 461
358 471 37
499 279 485
61 315 726
479 340 88
40 504 414
126 314 163
520 247 378
275 174 67
660 6 132
356 109 874
269 150 595
585 408 280
567 362 901
294 623 401
109 568 889
175 503 371
456 221 282
535 376 934
36 197 427
184 111 595
676 554 981
403 243 735
55 24 853
423 394 353
217 268 657
577 258 190
440 209 706
652 190 475
624 604 280
324 63 408
260 63 671
180 281 660
142 593 534
160 272 325
506 625 539
269 162 513
342 252 66
539 161 314
321 514 554
251 590 991
537 96 912
117 443 46
442 65 829
93 347 511
65 410 852
423 167 549
228 70 387
412 246 543
285 123 387
299 513 343
623 621 292
416 564 733
232 458 366
171 43 276
76 102 464
375 367 755
52 107 965
275 264 330
408 545 520
303 692 281
164 606 389
433 390 242
407 518 829
556 302 470
33 183 958
607 639 971
37 657 46
383 347 250
478 573 599
490 245 13
283 589 759
52 146 619
329 540 898
612 486 860
47 66 789
426 51 144
110 398 848
176 83 232
113 600 172
419 24 685
263 477 744
219 379 5
120 588 988
599 228 890
256 658 579
334 688 784
14 683 162
161 306 953
402 568 394
397 114 239
357 198 501
670 369 580
114 477 930
371 276 787
686 530 214
624 40 203
596 265 36
481 360 659
575 586 717
116 343 316
453 206 358
543 325 543
171 402 7
222 492 46
364 378 778
605 225 854
457 421 766
516 106 947
611 567 647
610 180 960
104 460 925
621 403 228
387 151 420
475 568 561
561 85 579
387 304 796
657 699 10
216 373 618
177 233 788
501 692 551
129 589 950
562 220 876
317 235 539
500 635 480
307 200 275
343 239 21
462 9 47
382 675 674
258 162 409
556 576 271
234 240 391
221 580 525
94 312 805
545 119 880
530 287 196
250 134 25
679 228 416
623 501 782
606 79 234
578 175 795
88 482 9
298 163 354
588 459 854
242 432 151
332 626 49
106 527 10
85 684 972
229 522 203
322 160 223
674 453 194
437 435 916
18 570 634
392 131 712
57 423 398
678 431 179
301 673 432
53 194 758
510 507 235
692 498 790
561 167 272
393 45 744
528 136 884
290 55 66
456 345 952
543 118 534
11 359 373
464 697 416
638 658 211
639 169 327
421 543 842
154 258 638
507 7 177
102 108 276
480 351 19
336 245 421
38 600 804
247 134 684
147 218 622
426 534 182
32 296 624
30 258 683
687 421 270
208 604 632
548 327 324
219 312 871
209 583 426
277 183 350
620 198 910
155 530 468
320 667 247
681 691 785
34 167 287
645 107 474
322 684 857
235 461 708
250 290 971
182 669 183
490 310 1000
548 209 652
613 354 109
698 59 75
200 418 709
44 84 731
442 43 782
86 32 115
270 347 9
654 51 214
511 599 794
102 211 298
135 140 283
290 20 982
9 337 156
590 98 634
295 632 709
391 685 509
676 534 314
646 342 230
2 156 170
154 582 521
289 139 395
162 366 106
660 581 339
605 128 481
648 90 170
88 384 440
568 374 167
579 680 785
153 545 772
548 192 556
670 326 991
114 620 771
194 524 508
568 695 570
87 134 857
612 499 690
118 552 318
71 375 539
22 312 211
632 695 87
12 554 275
182 188 549
538 165 646
142 4 216
616 637 229
421 638 451
109 531 851
67 501 366
535 303 966
103 18 706
504 667 360
34 591 882
660 600 306
275 635 885
307 443 547
650 558 980
35 6 256
109 254 141
481 437 560
472 421 362
30 228 504
257 81 151
547 640 9
339 563 432
301 59 735
263 38 820
425 278 170
638 609 418
549 495 871
641 574 578
140 251 510
120 27 514
217 240 982
299 104 310
446 631 16
241 221 578
96 211 168
549 597 704
633 588 953
313 436 627
128 94 916
448 603 390
680 71 435
474 516 153
168 532 519
322 30 541
492 656 729
32 401 980
416 63 672
373 638 201
40 349 392
89 121 683
78 132 201
70 172 49
105 302 194
630 392 260
257 400 911
350 445 720
340 388 141
691 199 763
252 639 829
208 92 750
159 198 803
62 190 397
269 614 287
304 583 153
494 469 268
145 677 923
191 513 635
659 599 620
492 151 305
563 71 98
323 189 17
26 425 16
186 0 92
677 374 897
447 169 501
313 336 776
218 299 950
36 673 479
691 223 808
52 403 333
433 143 556
55 188 6
386 317 541
288 339 97
582 518 515
211 675 516
654 211 707
229 299 192
393 400 17
166 378 646
196 366 826
645 336 970
584 498 923
649 70 486
674 476 638
185 130 918
661 435 843
411 87 302
148 372 122
641 103 405
284 150 55
47 212 662
358 553 133
695 149 258
344 645 996
432 624 224
535 124 331
348 597 493
224 44 781
289 615 465
157 181 657
185 440 354
408 658 804
517 63 446
235 207 427
92 637 131
177 193 383
117 384 160
107 355 394
572 338 680
250 596 576
471 327 931
645 60 31
419 480 300
311 645 195
61 133 305
458 19 406
639 494 648
402 60 303
29 259 617
236 341 930
627 491 950
565 602 474
175 371 198
262 103 901
92 126 562
361 463 980
91 627 645
497 273 251
450 679 541
353 177 242
249 473 145
120 35 195
245 65 750
622 442 331
606 391 742
99 90 509
442 685 488
642 95 325
464 113 584
190 655 14
407 170 863
459 280 257
300 344 943
379 561 553
685 200 232
54 478 166
520 641 914
634 591 327
390 269 9
296 414 943
260 81 896
345 160 767
22 343 858
198 70 410
78 382 793
647 191 40
231 375 30
88 392 435
265 42 373
417 597 169
321 372 342
220 531 480
505 407 821
123 151 781
255 415 509
440 161 853
405 290 753
356 380 417
472 381 161
339 114 33
484 282 376
438 396 750
99 486 137
512 372 918
140 53 248
49 344 40
58 602 846
405 162 235
323 271 647
166 544 76
523 157 938
42 418 483
699 67 291
422 435 861
512 439 423
675 699 720
273 569 567
113 70 897
286 219 71
507 30 595
227 223 819
39 125 896
347 647 698
156 154 686
468 134 326
401 545 147
202 132 889
242 393 688
292 7 843
60 649 479
451 382 737
417 667 48
168 53 965
219 569 304
64 218 793
350 491 317
279 367 913
237 251 378
395 80 732
603 33 764
95 295 664
534 24 112
437 497 160
489 563 687
336 314 237
243 632 146
181 286 447
307 472 681
642 233 855
512 115 478
33 648 756
669 686 473
370 695 273
173 377 949
482 636 779
372 401 391
429 111 763
664 345 612
383 610 405
669 326 617
266 396 723
362 697 295
421 235 555
170 190 871
274 659 879
303 309 640
699 532 66
408 370 766
131 589 130
689 439 832
602 366 152
354 564 852
373 388 919
345 319 615
649 569 195
352 81 162
378 512 967
467 56 900
9 159 483
557 41 62
593 602 936
54 127 240
652 184 937
264 640 665
199 147 713
578 367 583
309 568 430
558 363 568
441 428 743
571 379 184
457 23 244
466 29 299
178 101 583
228 424 445
399 310 170
559 75 582
27 5 771
699 146 877
690 435 111
369 364 844
98 528 276
336 665 838
535 216 438
424 672 767
608 150 991
513 217 639
644 71 829
33 181 792
85 697 534
585 400 283
293 574 889
113 102 47
348 421 327
171 173 969
485 619 628
403 504 189
491 320 546
73 593 78
96 325 318
598 4 525
60 501 213
85 331 203
282 486 104
698 393 272
488 252 294
217 233 97
215 58 646
591 132 857
367 143 827
525 433 667
481 221 846
218 565 19
638 643 947
559 438 456
409 12 47
94 35 387
328 433 621
353 181 174
193 51 373
302 407 139
656 690 897
5 254 465
430 188 993
420 551 192
507 157 30
519 8 678
164 252 428
375 264 417
295 121 249
355 593 802
118 102 552
594 669 690
339 545 300
537 515 204
238 200 519
13 559 166
199 687 344
438 134 229
57 312 602
678 501 310
81 489 929
427 681 977
242 652 376
440 604 853
103 533 893
115 112 147
602 9 253
150 634 294
53 286 553
241 418 145
471 305 946
130 121 458
533 373 111
563 454 975
122 403 556
601 441 730
498 439 359
152 277 836
459 213 580
193 590 314
341 116 833
480 294 717
450 428 124
640 433 831
133 586 988
424 500 848
172 31 622
487 120 66
371 245 834
205 370 999
374 30 537
481 591 184
105 413 662
341 536 749
272 101 335
602 646 975
480 119 562
409 492 990
220 95 939
638 471 740
360 518 196
214 314 255
577 234 374
223 33 701
492 70 889
109 212 6
490 627 450
341 557 770
195 255 909
450 566 733
135 153 116
222 582 771
694 157 437
596 29 823
311 363 846
257 204 886
22 368 266
543 6 686
615 154 642
469 414 753
204 98 195
132 382 404
583 640 233
550 114 203
289 621 891
122 248 396
53 270 524
431 149 33
228 609 290
330 493 198
321 373 906
303 21 73
323 132 343
38 509 927
70 432 947
676 176 832
304 619 939
446 687 183
407 493 56
679 577 154
