0 2
0 6
0 11
0 12
0 14
0 18
0 19
0 26
0 30
0 31
0 32
0 33
0 34
0 35
0 37
0 39
1 2
1 3
1 4
1 7
1 11
1 14
1 18
1 19
1 20
1 22
1 24
1 30
1 33
1 35
1 37
1 39
1 41
1 42
1 47
2 3
2 4
2 6
2 7
2 8
2 9
2 11
2 12
2 13
2 14
2 15
2 16
2 17
2 18
2 19
2 20
2 22
2 23
2 24
2 25
2 27
2 28
2 29
2 30
2 31
2 32
2 33
2 34
2 35
2 37
2 39
2 40
2 42
2 44
2 45
2 47
2 48
2 49
3 6
3 11
3 12
3 18
3 19
3 21
3 24
3 27
3 29
3 33
3 35
3 37
3 39
3 40
3 42
4 6
4 8
4 11
4 12
4 13
4 14
4 15
4 16
4 18
4 20
4 21
4 22
4 28
4 29
4 32
4 35
4 37
4 39
4 42
4 47
5 11
5 13
5 25
5 28
5 39
5 40
5 42
6 8
6 9
6 11
6 12
6 13
6 14
6 18
6 19
6 20
6 22
6 24
6 25
6 28
6 29
6 30
6 31
6 34
6 37
6 39
6 42
6 47
6 48
7 9
7 11
7 13
7 15
7 18
7 19
7 20
7 22
7 24
7 35
7 39
7 42
8 11
8 13
8 14
8 16
8 18
8 19
8 22
8 23
8 24
8 25
8 27
8 33
8 35
8 37
8 39
8 42
8 44
8 48
9 11
9 12
9 13
9 14
9 15
9 18
9 19
9 20
9 22
9 23
9 24
9 25
9 27
9 28
9 29
9 30
9 31
9 33
9 34
9 35
9 37
9 39
9 40
9 41
9 42
9 43
9 44
9 47
9 48
9 49
10 26
10 39
11 12
11 13
11 14
11 15
11 16
11 17
11 18
11 19
11 20
11 22
11 23
11 24
11 25
11 26
11 27
11 28
11 29
11 30
11 31
11 33
11 34
11 35
11 36
11 37
11 38
11 39
11 40
11 41
11 42
11 47
11 48
11 49
12 13
12 14
12 15
12 18
12 19
12 20
12 24
12 25
12 26
12 29
12 30
12 34
12 35
12 37
12 39
12 40
12 44
12 46
13 14
13 15
13 16
13 17
13 18
13 19
13 20
13 24
13 25
13 27
13 28
13 29
13 30
13 31
13 33
13 35
13 37
13 38
13 39
13 40
13 42
13 45
13 47
13 48
13 49
14 15
14 17
14 18
14 19
14 20
14 21
14 24
14 25
14 29
14 31
14 34
14 35
14 37
14 39
14 40
14 42
14 45
14 48
15 17
15 18
15 19
15 20
15 21
15 22
15 24
15 25
15 26
15 27
15 28
15 29
15 32
15 34
15 35
15 36
15 37
15 39
15 40
15 41
15 42
15 47
15 48
15 49
16 18
16 20
16 21
16 23
16 24
16 28
16 29
16 31
16 32
16 33
16 35
16 37
16 39
16 47
17 29
17 34
17 37
17 38
17 39
17 48
17 49
18 19
18 22
18 23
18 24
18 25
18 26
18 28
18 29
18 31
18 34
18 35
18 37
18 39
18 41
18 42
18 45
18 47
18 49
19 20
19 23
19 24
19 25
19 28
19 29
19 30
19 31
19 33
19 34
19 35
19 36
19 37
19 39
19 42
19 43
20 21
20 22
20 24
20 25
20 29
20 31
20 35
20 37
20 39
20 40
20 42
20 47
20 48
21 24
21 25
21 28
21 29
21 31
21 32
21 39
21 42
21 45
21 47
22 24
22 29
22 31
22 33
22 35
22 39
22 40
22 42
22 48
23 27
23 29
23 37
23 42
23 44
24 25
24 27
24 29
24 30
24 31
24 33
24 34
24 35
24 37
24 39
24 40
24 41
24 42
24 43
24 44
24 47
25 29
25 30
25 31
25 32
25 35
25 37
25 39
25 40
25 42
26 29
26 34
26 35
26 37
26 39
27 29
27 30
27 33
27 34
27 35
27 37
27 39
27 42
27 49
28 29
28 31
28 33
28 34
28 35
28 37
28 38
28 39
28 41
28 47
29 30
29 31
29 33
29 34
29 35
29 37
29 38
29 39
29 40
29 42
29 44
29 47
29 48
29 49
30 32
30 35
30 37
30 39
30 40
30 42
31 33
31 34
31 37
31 39
31 42
31 47
31 49
32 37
32 39
32 47
33 37
33 39
33 42
33 44
34 35
34 37
34 38
34 39
34 42
34 43
34 46
34 47
34 49
35 37
35 39
35 40
35 42
35 44
35 46
35 47
35 48
35 49
37 39
37 40
37 42
37 43
37 44
37 47
37 49
38 42
38 48
39 40
39 42
39 45
39 46
39 47
39 48
40 41
40 45
40 47
40 48
40 49
41 42
42 47
42 48
42 49
44 47
44 49
47 48
47 49
48 49
