0 4
0 5
0 28
0 29
0 37
0 41
2 3
2 11
2 17
2 21
2 28
2 31
2 35
2 38
2 42
2 47
3 4
3 18
3 28
3 35
3 39
3 46
4 6
4 8
4 11
4 14
4 15
4 18
4 19
4 20
4 21
4 24
4 28
4 30
4 32
4 33
4 34
4 35
4 37
4 38
4 39
4 40
4 41
4 46
5 35
6 11
6 14
6 18
6 19
6 23
6 25
6 27
6 32
6 33
6 39
6 40
6 41
6 44
7 10
7 27
8 33
9 13
9 38
9 39
9 45
11 14
11 22
11 31
11 32
11 35
11 41
11 42
11 45
11 47
11 49
12 15
12 30
12 33
13 15
13 17
13 19
13 31
13 33
13 38
13 39
13 41
13 48
14 17
14 32
14 33
14 34
14 39
14 41
14 44
14 46
15 16
15 17
15 19
15 23
15 33
15 35
15 38
15 39
15 42
16 23
16 27
16 28
16 29
17 18
17 32
17 33
17 34
17 38
18 19
18 23
18 24
18 34
18 35
18 37
18 39
18 42
18 46
19 23
19 24
19 32
19 33
19 35
19 39
19 42
20 24
20 40
21 32
23 35
23 39
24 25
24 35
24 40
25 33
25 39
25 41
25 44
27 28
27 32
27 35
27 40
27 45
28 33
28 35
28 37
29 39
30 35
31 32
31 35
31 38
31 40
31 42
31 47
32 34
32 38
32 40
32 41
32 49
33 35
33 38
33 39
33 41
34 35
34 41
35 39
35 40
35 45
35 46
37 41
37 42
37 46
39 46
40 45
41 49
42 47
44 46
45 49
