1000 50 999
750
459
263
912
571
559
110
343
947
463
688
984
487
896
822
679
290
845
245
419
188
445
508
234
221
484
509
708
683
802
934
173
441
939
386
299
198
595
399
978
404
430
739
74
764
247
922
899
486
733
262 553 1
216 776 1
867 490 1
705 309 1
178 978 1
335 407 1
270 806 1
855 216 1
578 274 1
90 300 1
124 747 1
815 732 1
427 22 1
355 987 1
332 349 1
110 345 1
889 606 1
999 255 1
433 829 1
370 598 1
32 239 1
967 584 1
279 27 1
124 148 1
340 821 1
430 900 1
593 893 1
346 26 1
422 635 1
274 628 1
748 609 1
65 960 1
858 987 1
583 413 1
706 653 1
941 626 1
699 346 1
857 819 1
0 660 1
570 260 1
756 778 1
192 834 1
519 479 1
860 233 1
650 37 1
801 959 1
889 745 1
655 736 1
363 910 1
700 965 1
242 58 1
693 910 1
956 327 1
15 278 1
805 824 1
102 262 1
887 330 1
35 579 1
977 987 1
129 849 1
627 159 1
20 573 1
650 582 1
969 366 1
558 874 1
34 896 1
71 659 1
212 469 1
502 905 1
501 988 1
413 563 1
773 19 1
303 88 1
582 599 1
624 403 1
649 477 1
605 433 1
275 409 1
820 80 1
194 547 1
96 284 1
636 956 1
631 858 1
702 517 1
217 292 1
517 842 1
481 644 1
815 96 1
284 263 1
908 604 1
502 796 1
40 764 1
692 355 1
104 195 1
484 192 1
500 712 1
223 869 1
299 140 1
12 485 1
685 415 1
65 19 1
128 491 1
816 171 1
5 393 1
302 429 1
167 169 1
561 471 1
666 99 1
115 949 1
445 424 1
727 704 1
853 763 1
678 203 1
328 280 1
254 666 1
301 350 1
180 984 1
39 942 1
81 979 1
65 992 1
999 530 1
660 824 1
528 221 1
513 683 1
728 797 1
553 819 1
840 739 1
310 179 1
701 301 1
827 241 1
791 765 1
10 544 1
173 450 1
619 670 1
189 418 1
548 667 1
167 609 1
687 247 1
921 302 1
459 506 1
238 128 1
548 686 1
958 915 1
903 112 1
220 351 1
656 873 1
693 374 1
852 747 1
725 944 1
61 160 1
646 38 1
81 243 1
578 182 1
941 450 1
680 855 1
774 64 1
74 183 1
846 86 1
505 162 1
747 2 1
303 697 1
219 809 1
702 563 1
319 112 1
371 973 1
504 8 1
365 518 1
933 258 1
577 348 1
990 837 1
564 954 1
898 467 1
393 326 1
502 705 1
495 295 1
286 163 1
921 531 1
58 258 1
969 661 1
401 936 1
534 635 1
11 349 1
975 238 1
789 925 1
989 928 1
833 725 1
832 670 1
564 949 1
585 769 1
123 809 1
462 229 1
457 330 1
182 982 1
192 953 1
727 326 1
0 8 1
725 355 1
70 346 1
144 769 1
808 36 1
520 992 1
971 528 1
239 78 1
91 617 1
964 959 1
644 220 1
287 95 1
873 460 1
545 172 1
574 943 1
998 237 1
980 130 1
544 943 1
427 864 1
441 713 1
998 259 1
510 600 1
243 375 1
739 623 1
771 171 1
263 836 1
455 638 1
273 523 1
528 505 1
394 838 1
827 8 1
75 478 1
146 44 1
496 676 1
110 219 1
358 609 1
68 49 1
610 132 1
124 481 1
822 801 1
742 917 1
68 298 1
371 369 1
467 818 1
857 347 1
591 342 1
628 702 1
8 341 1
650 7 1
480 395 1
515 748 1
466 164 1
979 469 1
654 998 1
243 977 1
161 638 1
94 125 1
221 191 1
716 777 1
447 738 1
21 874 1
996 459 1
972 415 1
812 135 1
485 122 1
399 295 1
663 214 1
201 304 1
729 63 1
275 524 1
606 80 1
581 974 1
80 245 1
466 919 1
660 618 1
863 377 1
337 637 1
860 960 1
302 881 1
489 136 1
908 963 1
190 749 1
511 229 1
331 702 1
415 337 1
403 640 1
776 375 1
360 38 1
21 483 1
388 282 1
887 333 1
708 343 1
684 955 1
302 299 1
5 803 1
202 366 1
443 931 1
468 535 1
286 117 1
386 366 1
31 956 1
642 224 1
647 442 1
686 42 1
115 98 1
424 241 1
643 125 1
27 957 1
205 240 1
660 871 1
436 630 1
887 956 1
486 540 1
71 862 1
150 428 1
408 498 1
578 400 1
285 786 1
216 234 1
724 323 1
952 863 1
487 962 1
127 207 1
516 438 1
265 208 1
160 45 1
772 814 1
574 567 1
135 310 1
850 373 1
846 19 1
257 943 1
845 105 1
848 382 1
50 826 1
100 242 1
51 364 1
233 854 1
978 538 1
83 92 1
916 218 1
66 756 1
98 89 1
482 391 1
479 558 1
569 686 1
958 161 1
894 591 1
823 303 1
244 850 1
649 225 1
273 938 1
893 762 1
599 917 1
816 128 1
510 152 1
354 606 1
912 560 1
384 947 1
940 817 1
795 925 1
929 866 1
135 47 1
523 120 1
319 851 1
229 474 1
311 859 1
464 761 1
558 122 1
911 462 1
71 126 1
510 65 1
603 626 1
168 53 1
571 510 1
972 784 1
609 614 1
418 687 1
441 241 1
734 187 1
343 688 1
556 792 1
931 918 1
660 526 1
433 201 1
361 60 1
523 424 1
483 683 1
205 85 1
36 180 1
756 578 1
489 2 1
705 567 1
880 373 1
680 381 1
305 91 1
174 490 1
21 339 1
569 35 1
347 972 1
934 533 1
776 910 1
180 651 1
131 726 1
433 610 1
250 310 1
263 362 1
7 227 1
786 866 1
809 43 1
365 662 1
340 571 1
799 266 1
569 218 1
658 331 1
468 780 1
676 780 1
29 583 1
643 838 1
239 947 1
431 236 1
690 668 1
590 172 1
204 807 1
895 624 1
828 971 1
395 920 1
407 90 1
502 897 1
777 202 1
614 352 1
614 185 1
480 921 1
760 253 1
725 797 1
715 387 1
537 330 1
333 828 1
540 734 1
934 164 1
168 206 1
831 569 1
600 726 1
224 88 1
654 900 1
101 692 1
837 595 1
263 523 1
574 235 1
248 192 1
220 906 1
644 616 1
800 760 1
943 826 1
209 782 1
44 500 1
295 400 1
979 55 1
362 883 1
132 229 1
346 223 1
83 858 1
542 348 1
895 943 1
101 266 1
195 153 1
571 433 1
426 562 1
313 383 1
606 99 1
149 854 1
515 90 1
246 203 1
746 679 1
443 429 1
965 169 1
727 553 1
877 408 1
101 861 1
407 463 1
211 78 1
598 495 1
137 422 1
914 68 1
483 100 1
962 385 1
532 635 1
887 571 1
487 262 1
779 249 1
448 752 1
978 411 1
410 328 1
351 981 1
335 853 1
692 294 1
777 299 1
911 890 1
254 848 1
802 634 1
549 577 1
800 139 1
112 801 1
493 666 1
44 612 1
822 671 1
170 156 1
596 743 1
166 573 1
801 107 1
297 368 1
882 516 1
140 914 1
794 472 1
102 164 1
243 569 1
426 334 1
938 111 1
240 91 1
79 3 1
530 262 1
138 374 1
444 810 1
443 596 1
12 808 1
259 668 1
588 704 1
956 89 1
71 387 1
441 19 1
185 818 1
418 93 1
48 228 1
325 851 1
462 971 1
828 35 1
957 273 1
984 668 1
139 159 1
192 832 1
943 849 1
803 465 1
736 359 1
35 992 1
453 507 1
98 933 1
667 691 1
831 676 1
735 101 1
83 6 1
935 745 1
479 659 1
743 789 1
638 740 1
409 830 1
835 85 1
525 997 1
679 181 1
433 413 1
728 913 1
615 84 1
419 771 1
785 366 1
473 416 1
769 513 1
196 490 1
682 470 1
326 151 1
968 816 1
192 684 1
205 13 1
750 682 1
23 28 1
570 670 1
978 665 1
155 470 1
494 178 1
29 416 1
425 432 1
524 105 1
246 67 1
397 359 1
524 747 1
130 257 1
133 175 1
455 645 1
403 635 1
254 501 1
315 260 1
772 702 1
885 442 1
208 484 1
372 846 1
279 630 1
369 524 1
272 348 1
858 676 1
993 188 1
322 952 1
561 726 1
57 313 1
571 363 1
556 269 1
811 937 1
421 576 1
425 669 1
752 87 1
294 290 1
428 732 1
207 843 1
111 364 1
465 4 1
175 58 1
27 274 1
940 259 1
980 420 1
386 86 1
939 178 1
502 291 1
497 778 1
840 603 1
589 53 1
117 83 1
652 943 1
796 771 1
190 25 1
826 792 1
4 782 1
304 672 1
181 331 1
652 651 1
452 941 1
226 989 1
632 464 1
359 259 1
958 729 1
404 75 1
651 888 1
497 651 1
931 618 1
595 988 1
994 291 1
438 445 1
119 601 1
240 685 1
0 844 1
278 896 1
173 111 1
106 712 1
582 491 1
841 187 1
80 395 1
31 476 1
697 982 1
318 370 1
554 563 1
463 653 1
550 734 1
966 956 1
488 536 1
513 290 1
296 354 1
610 73 1
492 749 1
898 188 1
528 527 1
856 671 1
892 89 1
97 890 1
753 48 1
782 44 1
637 706 1
465 954 1
146 685 1
163 582 1
576 135 1
963 665 1
447 632 1
264 830 1
342 190 1
151 851 1
599 344 1
597 501 1
443 358 1
911 560 1
777 633 1
437 432 1
132 336 1
548 978 1
969 845 1
9 93 1
196 607 1
128 623 1
708 169 1
875 951 1
804 15 1
236 272 1
108 556 1
196 432 1
940 45 1
199 570 1
436 868 1
566 496 1
961 428 1
106 773 1
406 924 1
561 958 1
5 661 1
243 462 1
781 509 1
945 555 1
467 404 1
184 643 1
721 181 1
529 605 1
282 233 1
316 871 1
85 439 1
647 128 1
493 229 1
174 413 1
289 615 1
723 904 1
281 1 1
820 616 1
697 29 1
72 210 1
259 397 1
210 771 1
829 906 1
341 287 1
271 366 1
588 762 1
462 474 1
814 699 1
532 160 1
597 227 1
940 35 1
942 558 1
458 681 1
566 679 1
968 341 1
776 548 1
130 850 1
388 148 1
668 629 1
577 747 1
452 284 1
434 61 1
377 205 1
621 712 1
482 719 1
110 832 1
530 639 1
896 209 1
659 559 1
638 837 1
419 338 1
335 222 1
446 579 1
628 567 1
16 327 1
723 880 1
91 337 1
725 216 1
44 602 1
184 891 1
972 15 1
54 770 1
156 483 1
899 452 1
939 693 1
802 765 1
963 585 1
59 205 1
502 892 1
345 712 1
696 468 1
398 359 1
670 293 1
688 512 1
457 533 1
950 451 1
695 792 1
547 192 1
926 478 1
930 30 1
961 483 1
88 752 1
651 135 1
971 118 1
795 11 1
267 180 1
979 373 1
800 217 1
991 847 1
604 488 1
578 718 1
180 522 1
390 617 1
191 264 1
971 898 1
689 323 1
173 925 1
873 785 1
608 219 1
555 248 1
425 870 1
545 504 1
245 524 1
20 256 1
40 801 1
807 387 1
192 293 1
460 549 1
200 969 1
297 67 1
321 817 1
693 293 1
857 721 1
162 581 1
522 508 1
656 177 1
505 0 1
716 196 1
388 952 1
585 813 1
276 897 1
876 855 1
333 153 1
523 633 1
340 391 1
419 341 1
967 100 1
393 332 1
676 62 1
705 749 1
901 814 1
587 517 1
146 794 1
878 140 1
412 955 1
912 311 1
57 185 1
589 195 1
68 680 1
791 266 1
976 978 1
328 573 1
53 274 1
118 65 1
789 66 1
3 148 1
663 117 1
852 677 1
250 894 1
624 801 1
628 767 1
241 129 1
771 924 1
911 253 1
524 916 1
655 687 1
625 536 1
880 309 1
750 783 1
777 134 1
73 298 1
976 215 1
797 345 1
654 797 1
152 624 1
300 168 1
589 772 1
717 923 1
56 227 1
40 922 1
590 34 1
528 684 1
150 967 1
128 641 1
425 912 1
632 867 1
239 821 1
443 775 1
208 469 1
764 123 1
734 585 1
319 888 1
991 30 1
682 807 1
462 125 1
579 319 1
113 867 1
472 65 1
8 496 1
388 608 1
118 185 1
332 957 1
350 339 1
941 344 1
629 529 1
544 396 1
652 430 1
713 969 1
443 308 1
288 924 1
803 767 1
922 132 1
165 935 1
59 799 1
621 708 1
733 998 1
129 497 1
434 109 1
224 174 1
207 164 1
682 63 1
828 754 1
829 827 1
258 872 1
711 964 1
440 270 1
812 966 1
902 8 1
43 265 1
111 983 1
312 411 1
798 910 1
939 749 1
844 68 1
907 236 1
884 903 1
783 751 1
64 969 1
749 872 1
770 571 1
277 853 1
683 292 1
818 960 1
467 51 1
876 116 1
7 991 1
698 400 1
305 231 1
797 79 1
640 91 1
466 878 1
26 243 1
558 140 1
81 41 1
339 847 1
797 171 1
553 749 1
900 503 1
825 354 1
549 518 1
348 975 1
931 611 1
381 539 1
927 567 1
470 584 1
941 332 1
627 561 1
958 928 1
524 776 1
748 687 1
976 59 1
921 215 1
966 110 1
562 121 1
790 443 1
960 674 1
411 797 1
654 241 1
211 342 1
187 206 1
730 180 1
989 235 1
751 765 1
336 193 1
896 734 1
652 602 1
790 201 1
624 601 1
769 795 1
741 805 1
941 668 1
601 386 1
210 104 1
330 516 1
231 905 1
257 980 1
427 43 1
762 939 1
878 643 1
73 133 1
621 513 1
694 62 1
871 195 1
859 907 1
431 279 1
816 296 1
811 254 1
