5000 100
1 11
1 55
1 51
1 54
1 5
1 65
1 69
1 68
1 98
1 79
1 35
1 71
1 40
1 3
1 85
1 16
1 69
1 100
1 88
1 11
1 87
1 93
1 23
1 32
1 31
1 64
1 18
1 53
1 17
1 92
1 3
1 1
1 8
1 76
1 56
1 79
1 25
1 63
1 94
1 19
1 51
1 67
1 3
1 5
1 61
1 43
1 15
1 96
1 5
1 31
1 70
1 51
1 5
1 84
1 32
1 41
1 24
1 92
1 89
1 86
1 73
1 19
1 79
1 81
1 91
1 19
1 22
1 37
1 65
1 38
1 53
1 48
1 35
1 73
1 63
1 69
1 99
1 82
1 43
1 11
1 88
1 6
1 53
1 91
1 49
1 19
1 58
1 2
1 7
1 78
1 97
1 60
1 21
1 70
1 52
1 21
1 52
1 1
1 83
1 77
1 1
1 52
1 59
1 30
1 24
1 11
1 94
1 44
1 20
1 85
1 38
1 79
1 22
1 25
1 82
1 23
1 32
1 36
1 97
1 85
1 20
1 31
1 7
1 83
1 91
1 39
1 58
1 8
1 89
1 29
1 69
1 11
1 93
1 33
1 51
1 65
1 12
1 81
1 7
1 78
1 41
1 46
1 25
1 92
1 45
1 58
1 5
1 97
1 35
1 71
1 11
1 12
1 85
1 34
1 83
1 86
1 12
1 94
1 48
1 24
1 80
1 14
1 78
1 55
1 34
1 64
1 6
1 11
1 64
1 60
1 2
1 30
1 8
1 81
1 96
1 14
1 87
1 97
1 79
1 40
1 2
1 82
1 87
1 89
1 74
1 19
1 4
1 40
1 55
1 29
1 37
1 74
1 65
1 37
1 74
1 30
1 79
1 62
1 45
1 59
1 29
1 33
1 92
1 91
1 23
1 2
1 31
1 8
1 84
1 54
1 61
1 2
1 84
1 89
1 66
1 19
1 48
1 100
1 3
1 93
1 11
1 98
1 33
1 34
1 8
1 10
1 66
1 8
1 1
1 80
1 29
1 58
1 93
1 60
1 75
1 69
1 7
1 98
1 64
1 81
1 13
1 52
1 95
1 52
1 78
1 36
1 90
1 46
1 61
1 34
1 4
1 92
1 5
1 40
1 35
1 26
1 9
1 69
1 34
1 100
1 86
1 41
1 68
1 33
1 43
1 71
1 46
1 88
1 85
1 30
1 92
1 8
1 13
1 98
1 50
1 98
1 83
1 73
1 68
1 50
1 47
1 39
1 89
1 45
1 29
1 62
1 34
1 90
1 96
1 2
1 80
1 36
1 2
1 27
1 51
1 39
1 6
1 96
1 22
1 66
1 86
1 80
1 36
1 70
1 32
1 20
1 78
1 22
1 28
1 51
1 13
1 44
1 63
1 66
1 79
1 28
1 1
1 76
1 96
1 46
1 70
1 87
1 71
1 46
1 24
1 48
1 93
1 5
1 20
1 59
1 9
1 34
1 10
1 77
1 48
1 69
1 85
1 23
1 70
1 34
1 77
1 93
1 61
1 4
1 91
1 45
1 23
1 29
1 81
1 88
1 62
1 69
1 26
1 97
1 20
1 90
1 17
1 71
1 34
1 72
1 36
1 59
1 68
1 24
1 15
1 92
1 92
1 84
1 19
1 17
1 3
1 36
1 2
1 49
1 100
1 2
1 94
1 66
1 31
1 67
1 3
1 1
1 36
1 28
1 92
1 82
1 23
1 82
1 74
1 78
1 8
1 77
1 78
1 54
1 78
1 82
1 91
1 84
1 60
1 38
1 27
1 25
1 13
1 34
1 79
1 50
1 67
1 8
1 89
1 62
1 14
1 28
1 86
1 92
1 27
1 8
1 74
1 1
1 84
1 39
1 32
1 36
1 40
1 58
1 58
1 1
1 63
1 29
1 45
1 89
1 65
1 25
1 60
1 39
1 71
1 11
1 100
1 54
1 69
1 74
1 54
1 7
1 70
1 38
1 96
1 27
1 42
1 50
1 93
1 3
1 30
1 25
1 46
1 56
1 32
1 28
1 64
1 64
1 62
1 35
1 62
1 16
1 85
1 52
1 49
1 41
1 70
1 65
1 4
1 68
1 95
1 44
1 31
1 68
1 100
1 37
1 8
1 19
1 49
1 27
1 85
1 92
1 53
1 42
1 50
1 83
1 62
1 68
1 39
1 3
1 11
1 65
1 3
1 77
1 48
1 99
1 77
1 60
1 62
1 47
1 50
1 49
1 49
1 40
1 100
1 9
1 98
1 26
1 38
1 44
1 48
1 75
1 8
1 22
1 79
1 52
1 47
1 83
1 54
1 46
1 100
1 91
1 42
1 44
1 57
1 26
1 14
1 4
1 64
1 33
1 40
1 14
1 17
1 88
1 70
1 64
1 29
1 56
1 73
1 46
1 57
1 36
1 55
1 80
1 3
1 83
1 37
1 46
1 89
1 90
1 71
1 63
1 10
1 74
1 59
1 20
1 18
1 87
1 3
1 40
1 54
1 16
1 18
1 72
1 85
1 64
1 64
1 59
1 5
1 5
1 35
1 44
1 19
1 81
1 53
1 72
1 24
1 94
1 59
1 54
1 54
1 13
1 33
1 2
1 74
1 82
1 46
1 33
1 95
1 47
1 27
1 42
1 67
1 35
1 15
1 54
1 56
1 64
1 94
1 92
1 90
1 78
1 22
1 8
1 70
1 22
1 83
1 45
1 18
1 23
1 57
1 86
1 47
1 14
1 9
1 92
1 21
1 44
1 44
1 62
1 94
1 8
1 85
1 62
1 70
1 21
1 65
1 73
1 49
1 58
1 37
1 22
1 2
1 8
1 13
1 82
1 79
1 17
1 34
1 15
1 52
1 66
1 63
1 48
1 30
1 3
1 86
1 20
1 84
1 35
1 95
1 87
1 29
1 56
1 61
1 95
1 64
1 50
1 94
1 58
1 62
1 42
1 64
1 51
1 62
1 62
1 96
1 94
1 38
1 60
1 86
1 11
1 10
1 3
1 21
1 45
1 22
1 19
1 94
1 72
1 6
1 54
1 84
1 79
1 79
1 10
1 98
1 53
1 33
1 38
1 67
1 67
1 11
1 76
1 86
1 33
1 17
1 66
1 21
1 27
1 38
1 38
1 83
1 84
1 73
1 21
1 90
1 78
1 21
1 100
1 44
1 28
1 23
1 80
1 37
1 68
1 52
1 89
1 20
1 24
1 54
1 29
1 1
1 7
1 66
1 86
1 52
1 23
1 8
1 78
1 33
1 34
1 73
1 4
1 68
1 88
1 57
1 30
1 63
1 71
1 87
1 53
1 87
1 26
1 56
1 33
1 13
1 68
1 4
1 42
1 69
1 28
1 61
1 73
1 48
1 91
1 2
1 44
1 89
1 51
1 23
1 62
1 65
1 15
1 19
1 64
1 33
1 91
1 94
1 79
1 88
1 79
1 6
1 12
1 45
1 72
1 8
1 43
1 59
1 22
1 52
1 14
1 50
1 14
1 58
1 51
1 70
1 81
1 5
1 39
1 65
1 1
1 40
1 32
1 34
1 5
1 35
1 28
1 48
1 39
1 51
1 39
1 87
1 58
1 10
1 25
1 97
1 10
1 37
1 10
1 55
1 4
1 26
1 79
1 27
1 31
1 68
1 19
1 1
1 21
1 52
1 82
1 32
1 47
1 98
1 75
1 55
1 97
1 92
1 11
1 48
1 43
1 18
1 27
1 10
1 84
1 33
1 11
1 35
1 85
1 75
1 12
1 37
1 69
1 37
1 59
1 7
1 61
1 22
1 89
1 42
1 73
1 72
1 84
1 82
1 48
1 16
1 94
1 81
1 14
1 81
1 68
1 80
1 50
1 14
1 63
1 97
1 4
1 60
1 61
1 80
1 91
1 76
1 89
1 100
1 45
1 17
1 22
1 52
1 19
1 12
1 4
1 61
1 63
1 21
1 1
1 86
1 24
1 81
1 16
1 32
1 33
1 69
1 31
1 45
1 28
1 9
1 32
1 45
1 18
1 36
1 100
1 60
1 98
1 61
1 74
1 32
1 47
1 9
1 43
1 44
1 34
1 5
1 19
1 2
1 7
1 53
1 19
1 76
1 96
1 95
1 33
1 16
1 99
1 86
1 45
1 17
1 50
1 81
1 50
1 22
1 24
1 57
1 83
1 53
1 91
1 62
1 76
1 87
1 44
1 45
1 70
1 55
1 30
1 81
1 1
1 27
1 23
1 10
1 70
1 80
1 82
1 29
1 96
1 93
1 92
1 25
1 59
1 54
1 34
1 39
1 53
1 99
1 40
1 98
1 17
1 38
1 82
1 42
1 48
1 1
1 49
1 1
1 84
1 27
1 73
1 45
1 68
1 2
1 69
1 35
1 25
1 54
1 88
1 41
1 82
1 34
1 88
1 14
1 24
1 13
1 95
1 85
1 35
1 3
1 1
1 55
1 85
1 3
1 50
1 27
1 88
1 97
1 54
1 98
1 95
1 60
1 78
1 42
1 28
1 88
1 88
1 12
1 48
1 96
1 44
1 58
1 40
1 63
1 86
1 75
1 42
1 51
1 69
1 23
1 87
1 87
1 2
1 13
1 20
1 1
1 10
1 5
1 74
1 83
1 44
1 21
1 40
1 86
1 15
1 34
1 91
1 90
1 19
1 79
1 45
1 96
1 8
1 66
1 3
1 68
1 7
1 96
1 28
1 98
1 4
1 48
1 23
1 97
1 23
1 26
1 99
1 93
1 70
1 25
1 9
1 98
1 76
1 72
1 29
1 68
1 55
1 35
1 79
1 79
1 40
1 93
1 53
1 84
1 22
1 15
1 38
1 58
1 65
1 40
1 82
1 21
1 4
1 66
1 100
1 32
1 26
1 3
1 48
1 98
1 51
1 9
1 40
1 50
1 12
1 47
1 41
1 60
1 16
1 66
1 22
1 93
1 98
1 12
1 59
1 66
1 28
1 51
1 38
1 18
1 40
1 43
1 34
1 99
1 21
1 57
1 75
1 8
1 69
1 68
1 69
1 57
1 4
1 67
1 97
1 67
1 4
1 21
1 5
1 86
1 72
1 56
1 45
1 90
1 12
1 62
1 84
1 85
1 21
1 35
1 28
1 88
1 34
1 45
1 54
1 18
1 47
1 14
1 38
1 98
1 88
1 34
1 42
1 33
1 23
1 42
1 5
1 87
1 50
1 95
1 72
1 51
1 73
1 66
1 62
1 12
1 73
1 20
1 83
1 81
1 7
1 40
1 7
1 43
1 65
1 85
1 6
1 1
1 40
1 23
1 65
1 56
1 21
1 93
1 86
1 98
1 38
1 33
1 19
1 50
1 66
1 42
1 43
1 99
1 69
1 98
1 19
1 40
1 84
1 43
1 6
1 3
1 99
1 32
1 28
1 80
1 34
1 52
1 47
1 64
1 39
1 38
1 53
1 81
1 39
1 78
1 39
1 97
1 24
1 67
1 37
1 78
1 53
1 57
1 24
1 12
1 37
1 36
1 32
1 8
1 17
1 42
1 91
1 8
1 28
1 85
1 83
1 95
1 100
1 97
1 82
1 60
1 11
1 19
1 91
1 68
1 55
1 46
1 59
1 5
1 58
1 23
1 66
1 26
1 2
1 65
1 73
1 73
1 5
1 61
1 96
1 69
1 18
1 3
1 33
1 93
1 62
1 7
1 33
1 62
1 75
1 36
1 11
1 59
1 100
1 31
1 68
1 65
1 25
1 85
1 69
1 52
1 95
1 89
1 67
1 27
1 100
1 69
1 38
1 90
1 38
1 48
1 99
1 56
1 80
1 91
1 37
1 16
1 15
1 62
1 96
1 47
1 5
1 85
1 54
1 29
1 95
1 21
1 7
1 23
1 11
1 86
1 40
1 36
1 85
1 61
1 60
1 48
1 64
1 1
1 90
1 54
1 41
1 90
1 66
1 38
1 32
1 75
1 9
1 68
1 38
1 33
1 84
1 34
1 87
1 61
1 11
1 11
1 100
1 20
1 81
1 4
1 88
1 30
1 88
1 48
1 5
1 38
1 35
1 12
1 92
1 17
1 12
1 17
1 7
1 28
1 58
1 97
1 60
1 34
1 33
1 85
1 2
1 54
1 10
1 4
1 7
1 66
1 58
1 50
1 23
1 75
1 32
1 73
1 24
1 97
1 29
1 2
1 15
1 41
1 35
1 9
1 23
1 72
1 8
1 41
1 94
1 26
1 19
1 9
1 25
1 50
1 59
1 68
1 26
1 35
1 100
1 82
1 86
1 76
1 42
1 62
1 74
1 52
1 17
1 93
1 43
1 34
1 37
1 42
1 60
1 27
1 97
1 43
1 60
1 96
1 8
1 33
1 82
1 45
1 48
1 86
1 12
1 1
1 47
1 40
1 97
1 4
1 74
1 44
1 59
1 49
1 45
1 31
1 22
1 69
1 16
1 58
1 83
1 92
1 19
1 82
1 32
1 18
1 6
1 67
1 83
1 28
1 63
1 92
1 59
1 23
1 8
1 6
1 59
1 94
1 56
1 51
1 82
1 51
1 19
1 56
1 11
1 46
1 76
1 37
1 37
1 34
1 37
1 4
1 40
1 88
1 36
1 36
1 11
1 17
1 45
1 66
1 54
1 16
1 25
1 28
1 79
1 47
1 99
1 2
1 57
1 91
1 85
1 2
1 73
1 98
1 55
1 82
1 82
1 84
1 29
1 94
1 35
1 83
1 42
1 45
1 41
1 76
1 23
1 48
1 62
1 98
1 17
1 16
1 1
1 49
1 59
1 89
1 12
1 30
1 74
1 25
1 82
1 38
1 7
1 80
1 54
1 14
1 66
1 66
1 16
1 65
1 37
1 24
1 54
1 36
1 24
1 85
1 11
1 10
1 13
1 88
1 41
1 54
1 29
1 93
1 32
1 51
1 80
1 75
1 2
1 6
1 15
1 36
1 10
1 93
1 73
1 47
1 94
1 16
1 35
1 55
1 25
1 86
1 90
1 25
1 85
1 50
1 43
1 13
1 44
1 58
1 70
1 81
1 88
1 59
1 49
1 79
1 35
1 44
1 51
1 26
1 100
1 87
1 32
1 3
1 93
1 87
1 81
1 28
1 87
1 7
1 30
1 73
1 13
1 51
1 26
1 85
1 25
1 13
1 66
1 63
1 42
1 40
1 55
1 25
1 26
1 66
1 76
1 43
1 12
1 76
1 88
1 37
1 29
1 39
1 86
1 91
1 64
1 26
1 61
1 65
1 16
1 54
1 18
1 44
1 29
1 27
1 12
1 16
1 16
1 87
1 60
1 43
1 100
1 36
1 32
1 62
1 47
1 20
1 100
1 14
1 86
1 46
1 82
1 20
1 48
1 38
1 24
1 66
1 2
1 19
1 61
1 30
1 75
1 92
1 28
1 73
1 87
1 55
1 69
1 89
1 46
1 52
1 83
1 42
1 25
1 32
1 22
1 43
1 12
1 64
1 75
1 9
1 66
1 9
1 19
1 17
1 88
1 82
1 3
1 28
1 63
1 96
1 1
1 81
1 62
1 94
1 4
1 15
1 55
1 40
1 74
1 68
1 47
1 34
1 14
1 70
1 96
1 16
1 74
1 38
1 24
1 71
1 81
1 70
1 50
1 10
1 50
1 20
1 82
1 12
1 75
1 29
1 9
1 28
1 86
1 65
1 29
1 56
1 5
1 58
1 49
1 69
1 49
1 38
1 89
1 58
1 95
1 83
1 7
1 7
1 56
1 98
1 2
1 56
1 27
1 85
1 28
1 75
1 9
1 46
1 36
1 1
1 32
1 37
1 5
1 28
1 92
1 2
1 87
1 52
1 80
1 6
1 93
1 41
1 1
1 86
1 65
1 56
1 72
1 2
1 85
1 71
1 80
1 82
1 17
1 66
1 96
1 90
1 74
1 92
1 61
1 16
1 68
1 68
1 79
1 79
1 50
1 40
1 57
1 33
1 37
1 45
1 96
1 59
1 23
1 75
1 27
1 22
1 93
1 99
1 45
1 80
1 83
1 30
1 97
1 29
1 4
1 32
1 6
1 91
1 29
1 68
1 71
1 25
1 69
1 94
1 91
1 86
1 42
1 37
1 93
1 72
1 22
1 12
1 72
1 74
1 69
1 63
1 11
1 25
1 8
1 83
1 9
1 37
1 94
1 80
1 98
1 83
1 7
1 56
1 26
1 80
1 78
1 82
1 38
1 86
1 89
1 96
1 25
1 58
1 7
1 61
1 94
1 49
1 8
1 98
1 54
1 44
1 22
1 89
1 16
1 55
1 57
1 80
1 3
1 42
1 2
1 16
1 81
1 27
1 54
1 66
1 28
1 17
1 64
1 95
1 86
1 100
1 62
1 78
1 60
1 46
1 74
1 82
1 34
1 60
1 20
1 18
1 18
1 58
1 55
1 72
1 82
1 78
1 36
1 13
1 41
1 2
1 89
1 21
1 77
1 5
1 41
1 48
1 66
1 36
1 61
1 45
1 91
1 46
1 8
1 31
1 8
1 59
1 29
1 71
1 79
1 28
1 83
1 85
1 57
1 81
1 33
1 64
1 77
1 70
1 75
1 78
1 77
1 37
1 22
1 36
1 82
1 35
1 18
1 47
1 31
1 65
1 47
1 35
1 48
1 17
1 92
1 99
1 99
1 19
1 20
1 78
1 12
1 33
1 31
1 50
1 40
1 19
1 61
1 47
1 25
1 57
1 58
1 43
1 38
1 25
1 86
1 16
1 43
1 25
1 38
1 99
1 1
1 19
1 57
1 13
1 39
1 99
1 31
1 79
1 88
1 98
1 51
1 84
1 98
1 58
1 51
1 38
1 75
1 66
1 45
1 4
1 60
1 71
1 52
1 28
1 95
1 60
1 53
1 23
1 92
1 18
1 39
1 57
1 62
1 78
1 97
1 79
1 86
1 8
1 35
1 2
1 65
1 26
1 19
1 63
1 83
1 22
1 56
1 70
1 42
1 33
1 92
1 46
1 90
1 24
1 2
1 21
1 94
1 16
1 47
1 58
1 86
1 86
1 48
1 9
1 7
1 47
1 96
1 60
1 22
1 100
1 93
1 74
1 32
1 2
1 94
1 89
1 2
1 43
1 93
1 57
1 79
1 44
1 14
1 40
1 87
1 52
1 61
1 21
1 62
1 83
1 47
1 91
1 15
1 9
1 35
1 90
1 70
1 29
1 73
1 72
1 22
1 1
1 24
1 74
1 58
1 10
1 47
1 40
1 16
1 3
1 14
1 83
1 27
1 93
1 40
1 66
1 60
1 96
1 42
1 100
1 86
1 11
1 83
1 77
1 43
1 39
1 52
1 11
1 72
1 80
1 94
1 31
1 1
1 85
1 75
1 37
1 90
1 50
1 79
1 61
1 63
1 65
1 32
1 91
1 27
1 46
1 57
1 10
1 44
1 69
1 8
1 30
1 34
1 14
1 65
1 26
1 52
1 51
1 77
1 42
1 7
1 24
1 75
1 67
1 15
1 4
1 5
1 56
1 32
1 87
1 7
1 13
1 35
1 50
1 24
1 77
1 68
1 89
1 50
1 80
1 73
1 91
1 10
1 71
1 63
1 51
1 88
1 25
1 99
1 100
1 37
1 50
1 89
1 24
1 67
1 4
1 85
1 43
1 30
1 10
1 77
1 79
1 15
1 98
1 18
1 19
1 79
1 69
1 41
1 82
1 49
1 53
1 51
1 41
1 5
1 18
1 34
1 87
1 94
1 58
1 44
1 26
1 27
1 77
1 25
1 35
1 57
1 98
1 46
1 55
1 45
1 28
1 86
1 75
1 50
1 50
1 5
1 99
1 14
1 8
1 41
1 49
1 65
1 16
1 85
1 10
1 3
1 24
1 82
1 58
1 37
1 88
1 38
1 1
1 86
1 96
1 10
1 32
1 88
1 75
1 89
1 72
1 80
1 93
1 3
1 52
1 20
1 73
1 78
1 66
1 9
1 68
1 84
1 60
1 89
1 34
1 66
1 38
1 33
1 6
1 74
1 17
1 21
1 86
1 100
1 53
1 36
1 33
1 29
1 15
1 95
1 80
1 5
1 89
1 39
1 79
1 58
1 40
1 31
1 39
1 80
1 87
1 83
1 57
1 49
1 58
1 15
1 97
1 77
1 96
1 31
1 79
1 96
1 95
1 51
1 31
1 59
1 63
1 81
1 89
1 74
1 18
1 24
1 16
1 80
1 3
1 92
1 73
1 40
1 87
1 23
1 99
1 75
1 8
1 61
1 2
1 61
1 74
1 10
1 50
1 100
1 45
1 16
1 66
1 84
1 43
1 33
1 82
1 83
1 37
1 7
1 68
1 78
1 40
1 33
1 83
1 37
1 68
1 29
1 50
1 65
1 57
1 69
1 41
1 77
1 86
1 68
1 71
1 28
1 49
1 24
1 62
1 73
1 49
1 42
1 87
1 26
1 22
1 23
1 77
1 13
1 28
1 35
1 48
1 100
1 28
1 24
1 52
1 91
1 66
1 18
1 53
1 94
1 40
1 16
1 81
1 13
1 28
1 58
1 39
1 30
1 10
1 60
1 97
1 76
1 20
1 95
1 20
1 75
1 48
1 5
1 96
1 75
1 57
1 8
1 42
1 14
1 73
1 3
1 46
1 46
1 79
1 5
1 9
1 32
1 67
1 4
1 47
1 82
1 5
1 74
1 97
1 49
1 44
1 84
1 76
1 53
1 53
1 40
1 32
1 50
1 45
1 18
1 43
1 24
1 78
1 1
1 14
1 39
1 89
1 67
1 95
1 75
1 40
1 47
1 16
1 38
1 86
1 58
1 50
1 38
1 23
1 37
1 64
1 41
1 83
1 5
1 35
1 59
1 38
1 94
1 41
1 23
1 91
1 71
1 97
1 13
1 1
1 5
1 78
1 38
1 76
1 46
1 85
1 76
1 51
1 3
1 48
1 36
1 72
1 72
1 47
1 58
1 60
1 13
1 18
1 44
1 95
1 8
1 36
1 70
1 7
1 93
1 76
1 15
1 80
1 69
1 63
1 88
1 92
1 2
1 75
1 93
1 77
1 81
1 61
1 5
1 42
1 31
1 3
1 75
1 58
1 74
1 26
1 48
1 65
1 65
1 44
1 42
1 30
1 66
1 25
1 95
1 65
1 24
1 90
1 30
1 6
1 11
1 98
1 41
1 26
1 22
1 75
1 76
1 52
1 86
1 63
1 42
1 64
1 1
1 2
1 61
1 14
1 6
1 39
1 28
1 6
1 69
1 2
1 46
1 73
1 17
1 81
1 28
1 63
1 93
1 27
1 33
1 52
1 88
1 12
1 96
1 24
1 74
1 56
1 8
1 25
1 4
1 89
1 29
1 54
1 91
1 78
1 65
1 67
1 25
1 59
1 74
1 59
1 72
1 93
1 80
1 25
1 15
1 94
1 58
1 64
1 71
1 40
1 51
1 5
1 75
1 67
1 93
1 70
1 72
1 90
1 50
1 5
1 7
1 10
1 20
1 80
1 30
1 42
1 81
1 42
1 27
1 22
1 67
1 56
1 49
1 4
1 82
1 99
1 30
1 7
1 83
1 73
1 56
1 59
1 51
1 98
1 27
1 68
1 49
1 19
1 99
1 81
1 60
1 80
1 55
1 33
1 100
1 42
1 82
1 93
1 43
1 41
1 14
1 73
1 13
1 80
1 21
1 67
1 81
1 54
1 58
1 7
1 67
1 72
1 26
1 49
1 40
1 63
1 16
1 61
1 45
1 11
1 96
1 96
1 85
1 60
1 28
1 99
1 83
1 36
1 68
1 32
1 76
1 61
1 66
1 48
1 72
1 22
1 82
1 14
1 89
1 15
1 9
1 30
1 100
1 16
1 72
1 58
1 73
1 58
1 6
1 12
1 36
1 95
1 51
1 1
1 50
1 74
1 45
1 21
1 80
1 87
1 36
1 62
1 28
1 73
1 57
1 71
1 62
1 7
1 84
1 99
1 86
1 39
1 75
1 39
1 60
1 49
1 40
1 12
1 48
1 90
1 23
1 26
1 93
1 5
1 12
1 71
1 2
1 21
1 28
1 37
1 87
1 73
1 85
1 6
1 27
1 93
1 61
1 98
1 89
1 80
1 31
1 67
1 85
1 100
1 63
1 53
1 68
1 100
1 29
1 35
1 5
1 76
1 89
1 15
1 3
1 56
1 52
1 84
1 33
1 13
1 38
1 38
1 7
1 19
1 49
1 9
1 50
1 31
1 74
1 47
1 83
1 67
1 88
1 42
1 14
1 85
1 79
1 36
1 17
1 52
1 75
1 69
1 17
1 31
1 12
1 19
1 82
1 6
1 9
1 33
1 52
1 32
1 40
1 46
1 99
1 2
1 89
1 53
1 67
1 48
1 53
1 78
1 44
1 94
1 83
1 67
1 53
1 98
1 100
1 47
1 4
1 5
1 15
1 1
1 86
1 42
1 98
1 82
1 32
1 76
1 76
1 13
1 34
1 7
1 83
1 18
1 83
1 67
1 12
1 85
1 31
1 12
1 92
1 19
1 92
1 56
1 60
1 95
1 68
1 98
1 56
1 68
1 5
1 71
1 2
1 66
1 5
1 36
1 32
1 53
1 63
1 72
1 12
1 50
1 90
1 31
1 57
1 74
1 72
1 32
1 59
1 63
1 89
1 33
1 54
1 93
1 4
1 17
1 14
1 27
1 65
1 7
1 62
1 71
1 58
1 30
1 72
1 34
1 36
1 72
1 74
1 24
1 56
1 2
1 98
1 14
1 22
1 67
1 16
1 41
1 44
1 67
1 63
1 49
1 53
1 7
1 93
1 13
1 19
1 76
1 62
1 43
1 3
1 72
1 50
1 60
1 76
1 87
1 24
1 77
1 14
1 15
1 52
1 6
1 93
1 49
1 99
1 16
1 54
1 24
1 26
1 55
1 16
1 55
1 32
1 61
1 22
1 61
1 47
1 41
1 67
1 52
1 82
1 71
1 41
1 63
1 58
1 56
1 84
1 19
1 33
1 60
1 52
1 74
1 50
1 30
1 90
1 24
1 92
1 98
1 87
1 10
1 22
1 29
1 6
1 8
1 32
1 65
1 99
1 56
1 67
1 22
1 25
1 21
1 82
1 48
1 32
1 27
1 69
1 32
1 1
1 50
1 12
1 81
1 94
1 39
1 71
1 21
1 82
1 92
1 12
1 60
1 37
1 26
1 57
1 64
1 84
1 53
1 82
1 13
1 39
1 58
1 94
1 13
1 99
1 36
1 30
1 18
1 69
1 13
1 10
1 79
1 34
1 46
1 89
1 82
1 99
1 25
1 22
1 1
1 8
1 38
1 5
1 31
1 32
1 71
1 83
1 85
1 25
1 88
1 44
1 5
1 100
1 17
1 21
1 16
1 89
1 91
1 15
1 58
1 72
1 41
1 27
1 1
1 4
1 19
1 18
1 90
1 75
1 100
1 21
1 28
1 36
1 73
1 14
1 53
1 65
1 9
1 95
1 91
1 84
1 75
1 99
1 17
1 93
1 59
1 100
1 33
1 93
1 89
1 21
1 18
1 31
1 52
1 79
1 26
1 3
1 57
1 61
1 62
1 15
1 83
1 84
1 18
1 56
1 57
1 91
1 21
1 44
1 8
1 64
1 18
1 98
1 43
1 17
1 2
1 53
1 8
1 99
1 5
1 63
1 45
1 11
1 84
1 55
1 13
1 92
1 44
1 97
1 38
1 51
1 42
1 37
1 68
1 28
1 35
1 83
1 65
1 80
1 44
1 71
1 28
1 79
1 56
1 4
1 14
1 84
1 43
1 58
1 37
1 75
1 75
1 13
1 43
1 28
1 54
1 71
1 25
1 66
1 95
1 5
1 21
1 97
1 99
1 12
1 62
1 76
1 91
1 43
1 98
1 15
1 75
1 23
1 70
1 71
1 41
1 67
1 72
1 38
1 97
1 11
1 26
1 73
1 18
1 35
1 88
1 92
1 98
1 50
1 35
1 50
1 45
1 65
1 16
1 91
1 96
1 57
1 72
1 59
1 2
1 14
1 52
1 97
1 76
1 13
1 23
1 76
1 1
1 69
1 43
1 58
1 26
1 73
1 4
1 56
1 28
1 43
1 59
1 55
1 56
1 44
1 97
1 51
1 76
1 6
1 68
1 54
1 20
1 49
1 96
1 90
1 23
1 78
1 80
1 39
1 92
1 17
1 48
1 6
1 53
1 5
1 96
1 23
1 77
1 79
1 50
1 29
1 46
1 7
1 71
1 38
1 94
1 4
1 51
1 37
1 58
1 65
1 84
1 2
1 93
1 58
1 3
1 53
1 68
1 27
1 67
1 88
1 98
1 49
1 35
1 92
1 75
1 11
1 31
1 47
1 13
1 48
1 97
1 61
1 90
1 8
1 62
1 54
1 16
1 5
1 51
1 59
1 29
1 10
1 41
1 28
1 76
1 33
1 62
1 26
1 80
1 25
1 29
1 62
1 36
1 69
1 23
1 16
1 32
1 76
1 83
1 60
1 48
1 95
1 30
1 96
1 13
1 94
1 37
1 58
1 83
1 80
1 85
1 19
1 55
1 84
1 22
1 49
1 62
1 43
1 23
1 58
1 42
1 86
1 39
1 84
1 98
1 31
1 40
1 6
1 17
1 48
1 78
1 53
1 24
1 87
1 56
1 29
1 17
1 35
1 39
1 14
1 17
1 80
1 49
1 96
1 86
1 88
1 93
1 10
1 45
1 5
1 90
1 27
1 55
1 36
1 33
1 10
1 19
1 23
1 72
1 2
1 24
1 88
1 64
1 46
1 92
1 49
1 7
1 88
1 21
1 58
1 71
1 49
1 95
1 53
1 81
1 16
1 61
1 99
1 54
1 90
1 30
1 47
1 55
1 68
1 29
1 36
1 87
1 43
1 60
1 82
1 36
1 46
1 28
1 63
1 100
1 44
1 95
1 37
1 39
1 14
1 15
1 20
1 1
1 97
1 75
1 47
1 41
1 46
1 15
1 56
1 74
1 23
1 43
1 60
1 95
1 34
1 29
1 36
1 16
1 66
1 45
1 32
1 16
1 98
1 50
1 77
1 4
1 96
1 77
1 8
1 94
1 51
1 19
1 28
1 76
1 4
1 11
1 14
1 28
1 90
1 54
1 68
1 76
1 87
1 99
1 64
1 55
1 96
1 29
1 40
1 36
1 20
1 27
1 6
1 100
1 32
1 60
1 5
1 68
1 34
1 17
1 25
1 69
1 4
1 6
1 49
1 60
1 65
1 35
1 52
1 19
1 60
1 29
1 55
1 74
1 39
1 87
1 16
1 55
1 97
1 48
1 7
1 45
1 7
1 95
1 17
1 29
1 73
1 4
1 52
1 50
1 95
1 8
1 51
1 48
1 51
1 7
1 48
1 14
1 25
1 33
1 100
1 96
1 72
1 81
1 35
1 49
1 7
1 45
1 24
1 22
1 72
1 9
1 7
1 59
1 5
1 59
1 80
1 44
1 84
1 68
1 58
1 66
1 1
1 36
1 5
1 46
1 76
1 73
1 5
1 28
1 81
1 45
1 46
1 72
1 61
1 54
1 25
1 61
1 43
1 44
1 43
1 5
1 65
1 81
1 32
1 1
1 65
1 19
1 60
1 16
1 91
1 55
1 92
1 46
1 23
1 57
1 75
1 31
1 61
1 15
1 39
1 86
1 12
1 94
1 62
1 38
1 42
1 85
1 21
1 86
1 8
1 52
1 99
1 45
1 97
1 53
1 75
1 20
1 27
1 54
1 58
1 52
1 37
1 20
1 67
1 61
1 91
1 3
1 20
1 25
1 16
1 26
1 51
1 100
1 60
1 96
1 86
1 51
1 32
1 62
1 19
1 40
1 95
1 55
1 21
1 81
1 62
1 85
1 63
1 41
1 9
1 27
1 35
1 46
1 49
1 75
1 69
1 88
1 39
1 62
1 99
1 17
1 99
1 55
1 22
1 24
1 68
1 93
1 75
1 98
1 77
1 61
1 61
1 27
1 67
1 91
1 82
1 50
1 74
1 70
1 76
1 22
1 77
1 9
1 22
1 10
1 75
1 37
1 50
1 12
1 54
1 54
1 80
1 4
1 9
1 46
1 20
1 4
1 69
1 25
1 94
1 69
1 63
1 97
1 43
1 35
1 23
1 25
1 17
1 63
1 1
1 29
1 27
1 77
1 76
1 50
1 35
1 52
1 97
1 24
1 83
1 73
1 65
1 93
1 17
1 6
1 49
1 2
1 21
1 23
1 18
1 41
1 100
1 34
1 53
1 95
1 91
1 17
1 50
1 96
1 90
1 27
1 65
1 63
1 27
1 38
1 57
1 39
1 59
1 16
1 34
1 20
1 88
1 68
1 94
1 15
1 9
1 54
1 80
1 79
1 11
1 6
1 15
1 74
1 44
1 47
1 57
1 45
1 4
1 7
1 52
1 46
1 38
1 77
1 57
1 98
1 84
1 49
1 3
1 43
1 82
1 99
1 39
1 28
1 20
1 98
1 32
1 39
1 75
1 74
1 46
1 77
1 20
1 66
1 73
1 66
1 40
1 36
1 90
1 89
1 46
1 85
1 67
1 77
1 8
1 23
1 38
1 68
1 71
1 40
1 13
1 40
1 58
1 91
1 92
1 91
1 45
1 64
1 65
1 39
1 63
1 61
1 91
1 36
1 80
1 22
1 98
1 99
1 91
1 54
1 30
1 50
1 20
1 22
1 96
1 96
1 44
1 35
1 93
1 62
1 10
1 42
1 59
1 70
1 90
1 6
1 78
1 72
1 59
1 36
1 41
1 37
1 22
1 55
1 50
1 91
1 33
1 24
1 43
1 54
1 38
1 14
1 26
1 69
1 99
1 34
1 93
1 43
1 20
1 20
1 27
1 27
1 97
1 40
1 34
1 64
1 38
1 11
1 68
1 64
1 75
1 3
1 14
1 62
1 52
1 44
1 61
1 55
1 81
1 42
1 84
1 42
1 89
1 66
1 89
1 25
1 14
1 43
1 57
1 18
1 54
1 75
1 19
1 33
1 64
1 12
1 57
1 86
1 10
1 7
1 25
1 57
1 73
1 79
1 53
1 21
1 28
1 50
1 54
1 65
1 72
1 33
1 65
1 9
1 8
1 87
1 64
1 77
1 97
1 9
1 75
1 35
1 28
1 2
1 92
1 74
1 96
1 69
1 86
1 46
1 80
1 96
1 98
1 94
1 37
1 60
1 7
1 42
1 66
1 95
1 58
1 44
1 94
1 50
1 45
1 41
1 46
1 87
1 39
1 21
1 58
1 54
1 8
1 3
1 95
1 35
1 84
1 82
1 96
1 52
1 42
1 79
1 78
1 15
1 100
1 82
1 63
1 60
1 43
1 77
1 74
1 11
1 87
1 5
1 58
1 8
1 18
1 35
1 24
1 20
1 60
1 27
1 27
1 9
1 52
1 17
1 63
1 35
1 64
1 48
1 8
1 31
1 69
1 35
1 56
1 74
1 50
1 98
1 53
1 54
1 98
1 95
1 35
1 43
1 98
1 53
1 17
1 36
1 47
1 68
1 13
1 63
1 29
1 25
1 85
1 36
1 1
1 91
1 42
1 47
1 31
1 65
1 31
1 4
1 87
1 43
1 45
1 2
1 12
1 9
1 98
1 38
1 91
1 14
1 47
1 37
1 16
1 32
1 70
1 37
1 22
1 95
1 35
1 19
1 40
1 24
1 46
1 14
1 54
1 91
1 96
1 24
1 37
1 64
1 72
1 3
1 21
1 73
1 100
1 34
1 57
1 8
1 3
1 52
1 63
1 62
1 55
1 23
1 81
1 6
1 16
1 31
1 33
1 40
1 56
1 38
1 23
1 24
1 96
1 59
1 74
1 85
1 40
1 90
1 16
1 29
1 58
1 81
1 69
1 17
1 79
1 43
1 22
1 34
1 57
1 74
1 39
1 98
1 94
1 8
1 37
1 94
1 90
1 24
1 10
1 68
1 27
1 31
1 98
1 81
1 73
1 46
1 25
1 88
1 21
1 52
1 71
1 44
1 10
1 87
1 25
1 63
1 67
1 32
1 86
1 60
1 58
1 94
1 74
1 29
1 27
1 76
1 86
1 33
1 17
1 11
1 69
1 59
1 19
1 68
1 38
1 5
1 85
1 22
1 74
1 24
1 5
1 99
1 12
1 29
1 49
1 93
1 3
1 34
1 62
1 1
1 45
1 43
1 67
1 37
1 42
1 70
1 4
1 50
1 9
1 4
1 60
1 73
1 78
1 69
1 10
1 23
1 81
1 45
1 58
1 62
1 13
1 58
1 38
1 64
1 29
1 87
1 18
1 51
1 76
1 72
1 61
1 44
1 72
1 18
1 13
1 54
1 58
1 53
1 99
1 42
1 78
1 92
1 2
1 64
1 89
1 92
1 45
1 63
1 12
1 41
1 16
1 1
1 63
1 38
1 21
1 16
1 5
1 56
1 49
1 26
1 35
1 38
1 56
1 66
1 59
1 58
1 99
1 61
1 39
1 20
1 1
1 53
1 67
1 35
1 84
1 41
1 66
1 49
1 94
1 85
1 18
1 8
1 81
1 50
1 51
1 56
1 79
1 34
1 5
1 62
1 57
1 7
1 74
1 31
1 47
1 21
1 98
1 22
1 56
1 61
1 48
1 25
1 23
1 89
1 30
1 96
1 91
1 20
1 76
1 76
1 59
1 31
1 77
1 64
1 41
1 94
1 35
1 29
1 53
1 69
1 88
1 33
1 94
1 31
1 63
1 74
1 79
1 30
1 44
1 77
1 73
1 77
1 58
1 24
1 79
1 39
1 40
1 36
1 95
1 13
1 17
1 91
1 48
1 81
1 6
1 97
1 1
1 94
1 40
1 42
1 69
1 44
1 91
1 92
1 52
1 44
1 40
1 63
1 42
1 85
1 2
1 20
1 76
1 33
1 53
1 30
1 43
1 92
1 84
1 74
1 34
1 98
1 5
1 6
1 69
1 41
1 41
1 82
1 1
1 73
1 5
1 47
1 12
1 34
1 89
1 88
1 79
1 71
1 21
1 100
1 62
1 14
1 98
1 66
1 39
1 40
1 2
1 19
1 15
1 9
1 92
1 58
1 81
1 84
1 28
1 93
1 17
1 74
1 82
1 13
1 52
1 52
1 2
1 94
1 20
1 29
1 69
1 27
1 45
1 22
1 45
1 28
1 69
1 42
1 44
1 18
1 39
1 8
1 85
1 8
1 98
1 15
1 91
1 68
1 63
1 72
1 77
1 19
1 77
1 68
1 64
1 70
1 40
1 19
1 16
1 29
1 3
1 83
1 2
1 70
1 42
1 61
1 43
1 87
1 92
1 12
1 23
1 94
1 22
1 59
1 6
1 44
1 68
1 64
1 61
1 85
1 76
1 1
1 48
1 74
1 97
1 80
1 34
1 10
1 4
1 30
1 3
1 98
1 12
1 95
1 60
1 97
1 14
1 58
1 80
1 2
1 31
1 74
1 68
1 22
1 23
1 78
1 85
1 71
1 43
1 52
1 76
1 36
1 48
1 73
1 38
1 4
1 55
1 18
1 71
1 88
1 1
1 78
1 31
1 43
1 41
1 44
1 2
1 32
1 97
1 31
1 1
1 79
1 51
1 39
1 37
1 53
1 61
1 4
1 19
1 6
1 27
1 9
1 43
1 89
1 16
1 95
1 97
1 64
1 89
1 23
1 24
1 83
1 9
1 8
1 94
1 81
1 18
1 83
1 58
1 83
1 17
1 68
1 50
1 59
1 26
1 52
1 27
1 57
1 89
1 38
1 5
1 33
1 82
1 58
1 51
1 94
1 63
1 61
1 43
1 30
1 98
1 92
1 11
1 61
1 24
1 57
1 58
1 47
1 34
1 69
1 19
1 54
1 99
1 3
1 73
1 100
1 5
1 56
1 81
1 45
1 68
1 23
1 20
1 100
1 40
1 30
1 24
1 77
1 32
1 13
1 52
1 73
1 37
1 25
1 23
1 14
1 34
1 53
1 36
1 6
1 73
1 33
1 31
1 10
1 41
1 12
1 73
1 91
1 39
1 30
1 67
1 80
1 66
1 89
1 1
1 34
1 30
1 62
1 18
1 6
1 46
1 46
1 49
1 80
1 77
1 45
1 19
1 84
1 89
1 91
1 13
1 41
1 65
1 89
1 92
1 68
1 53
1 85
1 40
1 69
1 84
1 37
1 23
1 10
1 27
1 81
1 83
1 95
1 90
1 27
1 50
1 82
1 47
1 86
1 28
1 72
1 60
1 82
1 61
1 47
1 14
1 42
1 14
1 47
1 93
1 93
1 61
1 10
1 55
1 25
1 61
1 63
1 51
1 16
1 68
1 13
1 12
1 92
1 73
1 90
1 2
1 24
1 10
1 91
1 10
1 32
1 94
1 35
1 47
1 88
1 24
1 38
1 40
1 34
1 78
1 8
1 75
1 33
1 41
1 87
1 43
1 38
1 51
1 68
1 58
1 39
1 1
1 12
1 55
1 31
1 76
1 72
1 60
1 84
1 73
1 64
1 67
1 63
1 6
1 31
1 7
1 69
1 7
1 35
1 91
1 70
1 93
1 55
1 58
1 8
1 13
1 3
1 4
1 92
1 25
1 81
1 35
1 59
1 80
1 23
1 80
1 56
1 18
1 70
1 42
1 65
1 45
1 63
1 59
1 50
1 65
1 90
1 82
1 49
1 56
1 78
1 26
1 64
1 21
1 79
1 33
1 1
1 80
1 75
1 44
1 27
1 53
1 67
1 59
1 28
1 22
1 8
1 81
1 58
1 26
1 13
1 85
1 36
1 81
1 67
1 24
1 49
1 24
1 39
1 65
1 33
1 21
1 18
1 12
1 23
1 52
1 62
1 85
1 25
1 7
1 49
1 88
1 54
1 8
1 49
1 60
1 46
1 38
1 66
1 40
1 98
1 3
1 19
1 16
1 5
1 28
1 80
1 76
1 31
1 78
1 65
1 50
1 81
1 42
1 67
1 32
1 65
1 51
1 6
1 5
1 87
1 4
1 99
1 30
1 34
1 3
1 46
1 23
1 84
1 20
1 92
1 49
1 88
1 61
1 36
1 12
1 52
1 55
1 28
1 11
1 36
1 19
1 83
1 40
1 30
1 88
1 71
1 50
1 78
1 36
1 98
1 33
1 66
1 77
1 81
1 79
1 45
1 57
1 49
1 75
1 96
1 50
1 72
1 12
1 67
1 79
1 97
1 56
1 58
1 89
1 92
1 47
1 87
1 44
1 66
1 99
1 1
1 10
1 77
1 12
1 35
1 54
1 77
1 16
1 80
1 38
1 40
1 67
1 93
1 7
1 55
1 4
1 15
1 17
1 43
1 88
1 3
1 31
1 70
1 47
1 14
1 89
1 82
1 49
1 47
1 26
1 44
1 52
1 28
1 36
1 28
1 7
1 96
1 69
1 63
1 77
1 83
1 2
1 69
1 89
1 22
1 14
1 8
1 80
1 71
1 42
1 76
1 41
1 28
1 9
1 73
1 16
1 24
1 99
1 92
1 59
1 30
1 25
1 88
1 88
1 49
1 75
1 75
1 47
1 20
1 82
1 17
1 23
1 64
1 74
1 93
1 15
1 13
1 3
1 51
1 93
1 58
1 98
1 1
1 34
1 30
1 50
1 10
1 38
1 19
1 10
1 94
1 37
1 23
1 60
1 25
1 25
1 71
1 35
1 26
1 25
1 44
1 20
1 59
1 48
1 95
1 4
1 26
1 46
1 34
1 92
1 50
1 89
1 77
1 93
1 33
1 51
1 66
1 100
1 22
1 49
1 24
1 1
1 63
1 74
1 17
1 13
1 97
1 72
1 98
1 9
1 58
1 100
1 74
1 80
1 65
1 89
1 10
1 31
1 92
1 25
1 29
1 36
1 6
1 26
1 94
1 6
1 22
1 27
1 54
1 44
1 64
1 72
1 88
1 65
1 26
1 2
1 35
1 72
1 8
1 31
1 80
1 53
1 85
1 36
1 55
1 73
1 12
1 22
1 10
1 78
1 29
1 13
1 24
1 15
1 32
1 44
1 17
1 94
1 52
1 21
1 31
1 88
1 23
1 75
1 56
1 100
1 98
1 64
1 66
1 25
1 62
1 65
1 42
1 14
1 30
1 39
1 62
1 33
1 87
1 5
1 29
1 13
1 41
1 22
1 10
1 90
1 5
1 8
1 15
1 1
1 14
1 7
1 67
1 57
1 32
1 78
1 72
1 76
1 90
1 2
1 38
1 29
1 26
1 81
1 40
1 11
1 95
1 96
1 75
1 81
1 68
1 70
1 47
1 83
1 78
1 24
1 41
1 41
19 345 67966
10 156 68805
65 821 6133
67 678 77347
57 987 21823
46 746 10085
27 486 70743
28 362 23835
53 827 76355
77 902 51685
16 206 43659
59 653 44304
18 342 53428
30 568 21197
82 1461 31211
21 277 10261
74 947 40534
61 1022 9156
61 1013 23654
32 500 85206
74 1137 18559
1 16 93835
64 1224 80678
61 973 59917
81 1482 68024
63 819 1439
89 1693 35453
27 439 67059
3 34 81097
38 472 72946
48 949 40702
61 1216 65608
71 1019 9443
72 817 50050
65 1289 62979
60 1178 95169
35 383 85152
34 667 73321
31 605 26717
67 931 55471
87 1264 80531
43 484 94341
23 452 77302
70 1251 89684
75 1328 72223
49 649 33769
6 62 60787
59 822 83191
45 653 97256
86 1111 45930
48 790 71469
80 1434 13410
46 556 77725
49 607 25665
35 695 97724
43 521 50686
60 1138 58832
55 601 26395
58 832 94972
23 239 75589
46 530 60831
56 788 94389
32 396 64808
49 796 95900
76 997 54478
64 919 80650
43 591 52059
68 1221 11069
34 614 19667
25 266 70493
78 803 12196
73 732 29872
80 1348 36803
28 348 26600
40 701 35053
54 748 29811
74 1023 97072
50 889 31909
83 839 18997
25 333 55637
56 744 55204
70 787 53656
63 1176 7796
58 908 68499
39 520 79632
54 995 85409
21 306 19892
57 890 41045
59 888 84496
57 728 32897
31 521 9005
80 1154 22213
66 706 88895
61 1121 50705
68 763 1857
57 948 6011
66 1098 3447
53 585 92464
61 767 71052
39 530 69701
