200 100 182 39
1 183
1 110
1 137
1 147
1 77
1 199
1 23
1 56
1 144
1 55
1 62
1 30
1 112
1 79
1 117
1 138
1 78
1 99
1 173
1 197
1 157
1 128
1 111
1 136
1 7
1 48
1 76
1 13
1 115
1 19
1 169
1 66
1 68
1 6
1 125
1 123
1 125
1 127
1 122
1 154
1 33
1 150
1 154
1 121
1 169
1 120
1 87
1 71
1 161
1 155
1 77
1 113
1 130
1 86
1 66
1 22
1 85
1 55
1 103
1 160
1 80
1 173
1 144
1 116
1 163
1 156
1 161
1 65
1 70
1 136
1 21
1 20
1 82
1 57
1 177
1 32
1 31
1 11
1 191
1 170
1 147
1 69
1 35
1 98
1 67
1 185
1 107
1 14
1 13
1 131
1 165
1 55
1 98
1 24
1 126
1 47
1 89
1 166
1 93
1 179
132
110
170
107
93
146
60
164
39
89
117
46
37
166
22
66
6
59
135
144
169
120
44
83
123
23
28
51
52
118
175
36
40
155
125
2
38
32
108
25
157
152
92
14
116
154
162
18
193
199
34
85
194
142
161
65
70
153
63
189
119
55
105
86
88
198
176
134
121
109
50
130
140
126
196
15
33
187
184
136
141
61
35
148
97
177
139
47
128
9
1
21
26
49
143
113
172
67
124
96
7
12
73
30
168
3
180
13
182
79
80
58
72
174
163
111
95
90
171
122
185
41
10
56
99
150
69
53
106
149
64
100
165
68
24
87
102
138
5
195
133
27
84
112
48
57
147
186
151
183
159
91
94
16
54
42
98
178
11
76
192
74
191
104
137
156
145
82
127
158
4
77
101
31
173
20
131
103
181
188
43
160
