200 100 191 52
1 182
1 65
1 37
1 20
1 174
1 144
1 58
1 166
1 165
1 85
1 56
1 74
1 58
1 70
1 39
1 200
1 51
1 104
1 44
1 40
1 151
1 71
1 153
1 20
1 102
1 190
1 30
1 142
1 129
1 35
1 108
1 136
1 77
1 53
1 142
1 73
1 100
1 47
1 69
1 120
1 61
1 17
1 114
1 129
1 73
1 15
1 173
1 167
1 177
1 194
1 55
1 97
1 3
1 79
1 49
1 128
1 21
1 133
1 131
1 23
1 157
1 58
1 87
1 80
1 140
1 28
1 49
1 39
1 5
1 81
1 18
1 115
1 166
1 22
1 129
1 173
1 178
1 73
1 24
1 62
1 78
1 56
1 154
1 54
1 135
1 161
1 152
1 77
1 193
1 109
1 112
1 195
1 174
1 140
1 193
1 115
1 142
1 157
1 167
1 104
5
18
130
126
45
109
111
121
155
152
49
131
191
24
16
84
102
21
144
91
87
133
92
33
46
88
36
52
41
125
160
106
116
76
95
74
117
39
73
82
37
100
43
9
71
141
176
3
110
187
119
96
22
108
120
140
137
98
193
139
20
136
44
132
156
123
165
103
81
12
79
115
50
161
29
2
135
97
142
94
67
175
154
179
195
157
89
198
190
104
72
85
25
57
172
145
26
23
182
10
188
128
118
90
75
63
169
151
167
186
62
124
6
143
149
56
197
129
163
34
196
138
168
174
83
148
69
199
8
66
60
32
170
17
134
99
47
68
194
166
38
185
19
13
164
28
54
59
42
7
80
77
15
40
48
93
153
113
158
173
30
189
146
112
147
105
53
114
11
65
55
177
162
31
184
70
61
35
27
183
127
180
181
4
192
159
150
101
1
51
122
