200 100 1 1
1 160
1 41
1 164
1 131
1 78
1 15
1 31
1 132
1 131
1 66
1 180
1 27
1 108
1 109
1 77
1 116
1 116
1 42
1 114
1 71
1 156
1 49
1 116
1 41
1 169
1 153
1 28
1 173
1 67
1 48
1 38
1 193
1 35
1 184
1 71
1 131
1 135
1 135
1 163
1 97
1 80
1 185
1 108
1 82
1 30
1 120
1 137
1 140
1 13
1 178
1 122
1 30
1 162
1 125
1 27
1 91
1 49
1 48
1 12
1 63
1 10
1 26
1 18
1 50
1 150
1 39
1 17
1 53
1 126
1 84
1 200
1 152
1 18
1 176
1 139
1 19
1 33
1 35
1 70
1 16
1 10
1 49
1 41
1 100
1 182
1 71
1 58
1 2
1 29
1 158
1 74
1 39
1 104
1 25
1 50
1 50
1 127
1 119
1 75
1 200
110
