200 100 19 13
1 159
1 127
1 47
1 11
1 42
1 113
1 197
1 157
1 63
1 170
1 36
1 190
1 22
1 179
1 186
1 79
1 181
1 19
1 71
1 8
1 182
1 136
1 101
1 163
1 145
1 160
1 11
1 91
1 39
1 87
1 28
1 93
1 150
1 110
1 112
1 56
1 140
1 123
1 27
1 172
1 182
1 106
1 189
1 157
1 37
1 59
1 176
1 163
1 58
1 100
1 99
1 51
1 105
1 84
1 149
1 169
1 9
1 109
1 184
1 74
1 184
1 180
1 43
1 24
1 125
1 6
1 167
1 6
1 45
1 6
1 168
1 106
1 134
1 8
1 92
1 114
1 45
1 185
1 55
1 156
1 129
1 157
1 21
1 72
1 197
1 197
1 86
1 191
1 9
1 98
1 143
1 107
1 67
1 185
1 186
1 176
1 140
1 49
1 181
1 21
100
70
153
55
65
180
93
189
118
195
88
187
31
157
45
169
161
145
171
