200 100 100 13
1 172
1 13
1 64
1 191
1 135
1 194
1 107
1 81
1 179
1 131
1 148
1 80
1 73
1 181
1 160
1 51
1 29
1 175
1 37
1 49
1 170
1 49
1 94
1 100
1 27
1 96
1 71
1 106
1 19
1 37
1 5
1 24
1 17
1 167
1 19
1 126
1 195
1 45
1 134
1 66
1 182
1 194
1 196
1 176
1 7
1 199
1 80
1 108
1 94
1 150
1 198
1 112
1 45
1 79
1 176
1 70
1 38
1 200
1 176
1 60
1 171
1 137
1 68
1 125
1 96
1 60
1 151
1 150
1 165
1 128
1 139
1 77
1 137
1 158
1 200
1 88
1 55
1 55
1 29
1 189
1 199
1 113
1 161
1 136
1 162
1 184
1 137
1 165
1 116
1 31
1 13
1 69
1 60
1 76
1 153
1 193
1 8
1 91
1 131
1 58
165
181
50
5
113
41
175
115
146
123
179
39
152
10
186
133
171
161
3
128
60
82
120
109
108
111
63
158
38
112
83
172
57
75
148
28
33
124
116
183
86
188
132
96
177
191
104
2
20
130
167
73
68
137
91
22
135
149
196
129
25
95
27
100
42
141
71
30
156
118
197
18
195
64
151
69
164
119
176
192
74
53
147
49
1
32
182
117
185
44
159
198
97
17
155
157
78
125
21
107
