100 100
1 6
1 95
1 70
1 40
1 31
1 24
1 70
1 30
1 100
1 46
1 92
1 35
1 2
1 70
1 84
1 94
1 96
1 79
1 53
1 24
1 32
1 63
1 28
1 75
1 77
1 15
1 7
1 40
1 47
1 79
1 95
1 75
1 24
1 40
1 39
1 93
1 94
1 34
1 40
1 85
1 54
1 9
1 94
1 68
1 63
1 93
1 44
1 80
1 33
1 2
1 17
1 50
1 100
1 74
1 73
1 59
1 28
1 52
1 61
1 45
1 35
1 85
1 68
1 65
1 44
1 26
1 96
1 18
1 67
1 100
1 20
1 33
1 71
1 9
1 31
1 31
1 38
1 2
1 91
1 69
1 39
1 3
1 75
1 69
1 71
1 81
1 80
1 91
1 13
1 15
1 39
1 84
1 86
1 16
1 85
1 38
1 85
1 25
1 18
1 73
68 1335 81862
24 384 59723
84 1592 3968
48 820 74790
35 643 27534
64 869 8564
65 688 23257
69 1226 83099
19 199 37555
49 656 40855
46 709 40657
56 820 86292
2 26 34401
7 127 22692
54 870 64834
75 866 25266
60 836 3283
63 1188 44511
34 454 16378
39 540 89362
80 981 98101
63 808 45829
60 1044 36035
45 818 16481
24 319 78710
47 767 30190
55 904 56029
41 792 24043
53 622 38641
25 350 5795
47 530 57232
83 1249 22902
57 751 41075
16 189 74620
41 797 58883
64 1189 72204
61 1207 99313
81 1022 13566
65 1135 23796
77 776 91457
51 917 91360
87 1734 77988
66 776 65859
59 897 19901
47 916 54092
32 581 78493
50 740 3417
34 473 57868
63 881 20532
37 533 78839
57 1138 89136
62 1198 65562
54 912 65655
64 1182 76485
37 565 95299
69 808 6552
50 885 86969
56 1057 87302
47 595 94306
58 966 66846
40 444 91966
41 456 12210
33 465 84708
17 316 23024
51 914 94978
43 849 99780
37 587 32666
65 858 71079
49 745 20750
47 799 76466
87 1150 89755
35 365 63048
55 843 39917
92 1037 11292
86 922 15885
80 1445 56560
29 327 20855
71 1176 77628
95 1255 8464
15 207 72275
29 412 33342
17 339 28385
85 1230 81788
48 535 68321
7 105 44819
48 486 11301
33 386 26952
74 1241 92433
76 931 6464
45 785 29677
55 831 84655
28 308 83017
53 811 3961
50 750 75365
72 1011 35318
58 1076 68286
35 494 15326
81 979 39984
62 1184 11176
50 924 3492
