100 100
64019 29
98427 34
66484 26
88115 23
39340 32
33399 81
77049 10
27607 97
51888 31
80741 30
53184 57
15296 39
60643 41
55715 96
41223 48
36643 51
9812 12
66872 45
18089 58
58627 58
70900 53
57505 47
27347 79
88767 18
8141 86
6191 99
43233 24
6785 66
16094 24
69541 25
94371 45
64688 78
60499 3
39437 69
57717 5
55343 19
45487 29
69117 35
10674 72
16394 21
65403 44
60422 50
57044 67
68930 73
61005 45
19932 10
6758 11
91850 65
43462 49
28829 33
38927 81
32126 22
18723 97
80902 65
47351 72
55919 31
26397 81
8528 92
30916 81
62597 44
72521 61
43419 43
51185 84
99038 22
96344 88
6428 90
26097 100
8719 21
68666 23
95910 94
64283 9
12035 77
71867 68
73097 36
11465 11
46842 32
50657 57
95579 64
34799 4
38023 45
78554 10
76542 13
22243 28
918 80
96898 100
67403 60
84785 55
99099 92
18924 84
89503 25
49940 29
45373 75
91042 36
26222 41
87944 70
30473 30
77610 55
92683 87
39177 77
24490 24
1 1525 17751
1 1763 3264
1 1800 65861
1 1275 92462
1 1050 69901
1 1107 50274
1 1508 20955
1 1343 20386
1 1843 20402
1 1959 63439
1 1144 2558
1 1129 82367
1 1791 16139
1 1596 39226
1 1670 68233
1 1834 66697
1 1115 89649
1 1098 99100
1 1996 13131
1 1206 81487
1 1328 3486
1 1983 97219
1 1535 8975
1 1368 65320
1 1619 68216
1 1782 42577
1 1124 14250
1 1627 22788
1 1451 15453
1 1474 37024
1 1108 65119
1 1850 37422
1 1520 35974
1 1218 73411
1 1882 11111
1 1038 49531
1 1903 29935
1 1306 49098
1 1336 90040
1 1819 59523
1 1324 43909
1 1895 98031
1 1807 51977
1 1677 32016
1 1769 39570
1 1283 68444
1 1557 26809
1 1778 4980
1 1286 82971
1 1178 16908
1 1730 7534
1 1683 54227
1 1709 52442
1 1424 85793
1 1720 3282
1 1600 28277
1 1893 75134
1 1920 68802
1 1491 4779
1 1466 35198
1 1403 44132
1 1840 14374
1 1996 56939
1 1049 48465
1 1192 46814
1 1981 65111
1 1975 24870
1 1863 81439
1 1686 20406
1 1212 54636
1 1538 13782
1 1210 69885
1 1781 65982
1 1565 10140
1 1009 78143
1 1335 8886
1 1320 38871
1 1910 72373
1 1282 30394
1 1620 88332
1 1831 34276
1 1689 38802
1 1910 69141
1 1454 53112
1 1031 28572
1 1266 89081
1 1372 91084
1 1655 91169
1 1116 41947
1 1905 82493
1 1883 57256
1 1609 41662
1 1769 82973
1 1801 25753
1 1377 65950
1 1897 97314
1 1111 35763
1 1147 27625
1 1781 1641
1 1211 48251
