100 100
43546 93
49802 72
77257 98
34589 81
95384 49
23730 10
93223 9
14411 67
56829 100
93991 75
93939 28
6096 48
76075 58
43085 44
45743 13
45404 1
54311 5
39208 51
824 23
36798 58
20515 25
33663 25
85381 20
23324 46
68866 69
33593 33
73953 48
9969 51
51918 31
92484 60
16314 76
92276 15
7710 88
62208 55
53000 83
9858 65
4408 41
53926 8
73958 75
96281 36
62650 5
16344 71
64251 3
41147 40
60390 45
50618 48
76322 9
91783 74
10391 67
64711 86
28445 2
55811 73
81940 30
2581 3
13594 6
60178 33
9557 14
96753 40
43944 23
40653 98
94737 79
45667 57
16350 15
86885 30
9332 10
1691 21
87022 69
67280 24
82176 85
87044 63
21308 7
51215 88
39530 29
90824 21
75451 56
11702 25
12689 59
11996 70
88440 58
44239 30
96705 5
22635 61
99017 23
13084 16
51929 44
98018 12
25309 1
18394 60
49980 90
93863 67
48371 84
11273 17
13293 91
77909 39
19430 66
36532 39
95057 88
60910 74
42330 66
73334 50
39 732 87446
86 916 9121
68 763 8569
31 506 99824
72 921 11062
23 302 76402
61 1095 48690
37 482 6591
28 475 2370
49 796 10640
46 870 42340
19 254 75171
95 1107 98909
43 790 32473
16 250 90577
55 751 11487
21 228 41130
66 923 46649
62 865 82251
19 234 5052
60 614 76436
44 658 75638
41 470 73564
79 1157 60709
17 199 15991
45 749 63305
55 582 29692
68 837 46260
34 639 25621
53 859 29950
51 777 77512
29 568 27983
67 846 60504
29 579 6423
65 1036 32455
30 308 18542
42 702 50843
65 1218 94339
65 1291 65921
72 1428 69293
73 838 96859
28 507 73007
79 901 27926
30 561 32668
53 852 38684
19 205 15530
59 1173 76475
64 972 46005
70 818 28013
49 891 29081
35 506 63749
59 974 38893
53 993 70078
49 893 43591
73 1199 39357
46 552 2137
54 781 12798
41 634 28628
85 1298 27015
54 972 75140
39 540 17899
83 1507 80083
41 755 33904
75 785 10583
64 706 75235
22 257 85713
70 1321 74703
93 1551 7445
89 1464 90137
76 1288 76341
51 741 96751
57 616 13495
23 321 92289
86 1487 27042
49 877 39771
45 533 3091
48 626 91655
27 477 86110
45 726 33298
17 335 53181
57 1002 75302
51 782 87609
59 1077 61622
64 1262 61860
18 284 37341
90 1115 78851
54 838 60654
35 676 46326
68 717 73083
35 357 1590
84 1571 84145
70 896 78903
37 511 89773
47 774 33989
15 300 34663
45 600 76311
47 784 73053
69 809 21903
53 639 97339
43 757 59813
