100 100
52141 59
14890 80
25585 92
83857 7
55891 9
60615 55
68229 11
37823 37
29028 60
84849 5
48747 28
52071 41
55341 33
14125 51
50015 100
46320 3
63992 59
27194 4
77055 23
57752 20
19387 34
68754 19
90192 59
58878 11
39733 24
7222 84
79947 14
6337 29
49124 95
14093 15
22481 5
89236 70
31366 63
82305 23
68094 55
93445 9
17815 84
36809 99
35670 13
15039 28
18120 33
9630 23
42873 66
70790 95
52618 78
82470 80
25254 32
10596 72
32016 90
62580 1
46881 76
78629 32
99968 11
30772 71
99069 69
45429 24
19743 61
32261 43
91744 75
97747 78
54073 25
20591 81
26730 84
98750 82
37917 1
17482 94
29713 69
94098 3
25900 97
96817 57
805 5
51267 55
53414 6
50754 1
58865 70
87906 26
99785 72
47713 78
74509 58
69115 13
68503 82
22145 67
78259 42
68023 36
73593 26
26184 62
92994 99
82334 60
70579 3
95030 10
81179 63
32555 34
31716 54
63946 89
758 80
34400 90
8454 4
46220 59
37580 90
5892 17
43 642 74574
34 484 71302
64 539 41948
28 437 77094
17 326 95048
47 30 2910
55 607 54976
14 153 54346
51 513 50232
58 425 36316
27 21 4110
59 647 54990
61 589 48246
80 387 24213
54 443 41052
57 404 35458
66 1116 84477
48 510 53242
62 45 3865
78 392 25016
46 751 81325
63 355 28256
48 176 18180
24 459 94382
54 294 27350
5 44 39068
32 226 35138
35 6 1145
86 954 55473
26 125 24103
28 360 64160
44 458 51856
80 1023 63974
46 364 39290
80 1136 70911
68 332 24570
47 516 54949
69 909 66009
20 279 68781
49 282 28394
83 18 897
30 369 60886
89 261 14378
52 228 21875
52 249 23645
72 1127 78069
49 409 41995
51 752 73659
60 197 16648
58 203 17390
35 182 25816
60 300 25015
63 803 63548
41 211 25707
46 685 74013
29 324 55626
70 839 59854
57 905 79127
88 829 47289
40 113 13883
46 379 40669
8 107 66787
54 711 65517
42 287 33675
71 1053 74118
59 1156 97721
61 1171 95730
55 195 17763
70 1240 88535
70 202 14399
65 604 46164
21 118 27234
25 65 12413
69 513 37161
79 1383 87357
40 752 93144
63 1260 99852
40 617 76356
61 465 38045
50 395 39287
88 782 44252
44 358 40633
75 5 402
36 558 77133
85 1447 85252
81 1475 91113
60 971 80650
11 199 90068
36 710 98202
36 63 8844
28 240 42877
73 488 33447
43 807 93754
34 272 39481
51 318 30952
50 630 62727
57 499 44106
21 246 58397
12 240 99585
32 644 99968
