10000 49
3 0 8634 8634 335 8969 1031
18 0 535 535 1155 1690 212 3934 588 4522 1 4523 1 6842 24 6866 11 6877 1 8482 117 8599 3 8602 6 8891 247 9138 263 9401 426 9862 21 9883 64 9947 53
18 0 190 190 1102 1292 72 1866 989 2855 448 3303 803 4273 49 4322 14 4336 7 4372 1481 5853 1241 7094 990 8485 204 8689 154 8843 729 9816 99 9915 10 9925 75
15 0 55 55 74 129 3 701 40 741 24 792 1171 1963 158 2121 2 8521 90 8611 1 8612 1 9409 177 9586 111 9697 116 9813 187
6 0 855 855 3691 4546 4051 8607 892 9499 209 9708 292
13 0 892 892 112 1004 231 1235 315 2008 1908 3916 713 4629 1676 7462 1471 8933 1 8934 1 9755 51 9806 90 9896 104
12 0 778 778 211 989 3004 4406 799 5205 145 5350 2171 7544 374 7918 281 8199 530 8754 311 9065 195 9260 740
6 0 2068 2068 408 2476 135 3479 1408 4887 2860 7747 2253
9 0 5228 5228 3030 8258 689 8980 17 8997 374 9371 29 9668 75 9743 164 9907 93
9 0 389 389 1 390 1 9188 351 9539 16 9555 41 9820 108 9928 13 9941 59
9 0 335 335 10 345 2 361 2257 2618 8 2626 1 9234 395 9629 360 9989 11
8 0 209 209 147 356 19 1769 1121 2890 731 3621 5931 9957 36 9993 7
3 0 5603 5603 530 6133 3867
7 0 2415 2415 1 2416 1 8795 222 9017 133 9150 22 9172 828
16 0 163 163 89 252 537 789 1 1501 83 1584 284 1868 169 2215 7 2222 34 2256 23 2317 3633 5950 2253 8203 364 9616 197 9813 96 9909 91
9 0 225 225 1 226 1 1093 2420 3513 382 3895 5809 9759 50 9809 148 9957 43
10 0 440 440 117 557 20 1293 2847 4140 417 4557 313 4870 1044 7719 938 8657 180 8837 1163
9 0 723 723 2 725 15 1365 2044 3409 1 3410 1 8916 9 8925 592 9517 483
13 0 1658 1658 100 1758 12 2452 159 2611 314 2925 218 3143 237 3403 2086 5489 1154 6643 2778 9826 37 9863 4 9867 133
4 0 2740 2740 1273 4013 259 4272 5728
12 0 4124 4124 645 4769 401 5528 846 6374 77 6451 176 7468 148 7616 679 8295 505 8999 586 9585 211 9796 204
11 0 735 735 2204 2939 148 3087 196 3993 1701 5694 33 5727 37 9302 246 9548 71 9619 46 9665 335
12 0 268 268 1 269 1 3719 188 3907 481 4388 117 4813 215 5028 58 5086 206 5385 156 5541 175 5716 4284
4 0 3940 3940 4973 8913 204 9117 883
10 0 112 112 2182 2294 974 3268 31 7501 221 7722 488 8210 54 8709 14 8723 260 8983 1017
16 0 63 63 72 135 627 762 1497 2419 229 2648 43 2691 9 2961 1046 4007 1297 5304 2880 8247 676 8923 116 9039 111 9459 319 9778 148 9926 74
9 0 95 95 1221 1316 36 1585 6047 7632 570 8202 780 9185 158 9343 348 9691 309
12 0 57 57 1 58 1 1702 900 2602 726 3328 2 6084 1349 7433 2289 9722 31 9844 32 9876 122 9998 2
11 0 947 947 1 948 1 2762 1423 4185 482 4667 1382 6049 660 8653 930 9583 16 9599 124 9723 277
7 0 2295 2295 746 3041 3488 8877 816 9693 36 9729 30 9759 241
6 0 5256 5256 239 5495 119 6527 1379 7906 28 7934 2066
6 0 3455 3455 4 3459 28 8828 5 8833 20 8853 1147
13 0 1305 1305 46 1351 281 1632 52 1976 297 2273 54 2327 94 3108 199 3307 62 3369 106 3481 2033 5514 413 5927 4073
4 0 165 165 4040 4205 904 5109 4891
9 0 1469 1469 665 2134 2 6405 317 6722 6 6728 1 9705 197 9902 45 9947 53
17 0 268 268 1 269 1 1380 65 1445 21 1466 2 1781 5 1786 21 1807 108 1915 120 2120 1630 3750 629 4379 1220 5599 1314 9548 165 9713 63 9776 224
10 0 623 623 190 813 145 958 468 1459 428 1887 1 1888 1 4817 2586 7403 1671 9074 926
7 0 411 411 1130 1541 3274 4815 747 6447 1625 8072 477 8549 1451
13 0 809 809 382 1191 1407 2598 1293 5387 81 5468 1889 7357 969 8566 380 8946 1 8947 1 9659 31 9690 190 9880 120
19 0 350 350 1 351 1 934 435 1369 69 1438 25 1685 1037 2722 1 2723 1 3081 4 3085 1 3826 1634 5460 281 5741 1388 7129 202 8272 555 8827 487 9314 208 9522 478
13 0 628 628 1 629 1 2486 328 2814 430 3244 2188 5432 1192 6876 367 7243 276 7519 1257 9610 120 9730 143 9873 127
12 0 397 397 115 512 7 565 4272 4837 173 5010 88 6889 1058 7947 114 8061 138 8739 558 9297 568 9865 135
23 0 151 151 70 221 70 291 202 494 2911 3405 74 3479 268 4129 141 4270 34 4304 9 4405 392 4797 57 4854 3 5039 22 5061 7 5086 1500 6586 184 6770 1401 8194 1098 9292 103 9395 202 9597 383 9999 1
24 0 140 140 1 141 1 469 882 1351 1 1352 1 3045 493 3538 580 4118 543 4767 1554 6321 515 6836 99 7219 333 7552 67 7619 51 7670 90 7895 995 8890 218 9108 112 9580 68 9648 54 9702 50 9870 28 9898 102
6 0 2215 2215 823 3038 5414 9153 414 9567 201 9768 232
9 0 5364 5364 421 5785 448 8169 354 8523 2 8525 1 9036 245 9281 246 9527 473
11 0 4851 4851 96 4947 40 5626 1338 6964 278 7242 280 7522 4 7737 3 7740 271 8011 382 8393 1607
9 0 2769 2769 827 3596 695 4918 199 5117 2963 8080 1175 9439 523 9962 37 9999 1
6 0 1383 1383 1 1384 1 8913 164 9077 339 9416 584
