10000 155
3 0 2715 2715 59 2774 7226
6 0 2189 2189 3180 5369 401 6549 762 7311 1107 8418 1582
9 0 993 993 4 997 1 5178 1273 6451 304 6755 3 8633 552 9185 134 9319 681
5 0 3825 3825 3102 6927 1348 9763 159 9922 78
3 0 7516 7516 370 7886 2114
3 0 2497 2497 689 3186 6814
3 0 3382 3382 4262 7644 2356
5 0 269 269 601 870 8417 9446 407 9994 6
6 0 2182 2182 176 2358 1567 9094 293 9387 547 9934 66
3 0 869 869 2785 3654 6346
6 0 875 875 33 908 1239 3477 4674 8151 1366 9517 483
6 0 160 160 1874 2034 326 3409 508 3917 1211 5128 4872
4 0 2601 2601 5179 7780 489 8269 1731
3 0 5365 5365 1758 7123 2877
6 0 1257 1257 1382 2639 1217 4548 556 5104 158 5262 4738
6 0 352 352 570 922 1579 3771 3052 6823 1170 7993 2007
3 0 229 229 4977 5206 4794
7 0 1958 1958 939 2897 1475 7555 498 8053 203 8256 1554 9810 190
7 0 2436 2436 53 2489 28 3496 2431 5927 26 5953 294 6247 3753
4 0 2141 2141 5972 8113 1646 9994 6
6 0 3178 3178 2286 5464 2728 8386 501 8887 133 9020 980
7 0 2716 2716 131 2847 2001 4848 1009 6356 31 6387 1888 8275 1725
6 0 4151 4151 271 4422 849 7143 697 7840 1238 9078 922
4 0 4319 4319 1263 5582 3514 9096 904
7 0 1545 1545 440 1985 2 7136 302 7438 368 7806 175 7981 2019
7 0 756 756 427 1183 477 1904 3458 5362 1549 6911 2412 9638 362
6 0 2955 2955 133 3088 311 8366 644 9010 71 9081 919
3 0 2022 2022 4293 6315 3685
4 0 193 193 2028 2221 409 2630 7370
3 0 4873 4873 496 5369 4631
3 0 3582 3582 5417 8999 1001
6 0 1652 1652 189 1841 1899 7717 777 8494 306 8800 1200
7 0 4206 4206 391 4597 151 8822 19 8841 288 9129 194 9908 92
7 0 1513 1513 55 1568 85 3240 3583 6823 452 7275 973 8248 1752
4 0 5830 5830 1505 7335 1789 9124 876
7 0 939 939 2560 3499 300 3799 1917 6819 165 6984 408 7392 2608
10 0 901 901 230 1131 203 1334 959 5139 1910 7049 415 7464 1489 9155 435 9590 128 9718 282
3 0 507 507 4544 5051 4949
6 0 718 718 594 1312 3158 5490 27 5517 1109 6626 3374
6 0 14 14 1 15 1 4284 5039 9323 522 9845 155
9 0 4 4 7 12 1227 1239 869 2108 1867 3975 1984 6597 1783 8380 166 8546 1454
8 0 2370 2370 605 2975 17 5173 1001 6174 1277 7451 305 7756 18 9640 360
4 0 3057 3057 777 3834 5113 8947 1053
7 0 5286 5286 479 5765 162 5927 471 7567 610 8177 1412 9589 411
9 0 122 122 5 127 1 5147 1132 6279 544 6823 656 7479 1630 9915 11 9926 74
4 0 4962 4962 4245 9207 541 9748 252
3 0 1952 1952 5960 7912 2088
3 0 6922 6922 488 7410 2590
13 0 421 421 1107 1528 2694 4427 215 4642 575 5217 132 5349 742 7349 982 8331 255 8586 849 9820 89 9909 69 9978 22
6 0 5153 5153 1039 6192 541 6976 625 7601 965 8566 1434
4 0 1977 1977 916 2893 4822 7715 2285
3 0 2085 2085 2784 4869 5131
4 0 4801 4801 165 4966 2254 7220 2780
7 0 1778 1778 31 1809 145 4279 4353 8632 351 8983 568 9551 449
10 0 142 142 767 909 189 1103 1606 2709 954 3663 732 4395 1894 8160 584 8744 1048 9792 208
3 0 7801 7801 1943 9744 256
4 0 1889 1889 6243 8132 1667 9799 201
3 0 6151 6151 3363 9514 486
3 0 1685 1685 2859 4544 5456
6 0 10 10 88 98 1 3117 3940 7057 2804 9861 139
5 0 85 88 2491 2579 672 3251 1928 5179 4821
3 0 856 856 2644 3500 6500
9 0 4016 4016 957 4973 361 5861 1534 7395 306 7701 1547 9541 421 9962 7 9969 31
6 0 671 671 404 1075 25 2209 3822 6031 2076 8107 1893
3 0 5986 5986 3438 9424 576
3 0 2841 2841 5418 8259 1741
8 0 1380 1380 1913 3293 5178 8655 122 8777 90 8867 3 9674 154 9828 172
8 0 335 335 2154 2489 563 3052 582 6495 1795 8290 652 8942 186 9128 872
3 0 1252 1252 175 1427 8573
3 0 6626 6626 2115 8741 1259
3 0 1320 1320 6342 7662 2338
7 0 2770 2770 1 2771 1 5242 618 5860 1359 7219 226 9942 58
6 0 1707 1707 1 1708 1 6557 1387 7944 130 8074 1926
6 0 137 137 4256 4393 4208 9228 256 9484 323 9807 193
8 0 3102 3102 2486 5588 834 6422 2823 9415 35 9450 356 9806 24 9830 170
3 0 246 246 3703 3949 6051
6 0 5992 5992 791 6783 1446 9297 480 9777 206 9983 17
10 0 90 90 3 93 1 5870 135 6005 5 6010 2 6814 652 7466 777 8243 1254 9497 503
8 0 51 81 736 817 1305 2122 4441 6563 842 7784 619 8403 33 8436 1564
3 0 4258 4258 3867 8125 1875
3 0 1790 1790 1 1791 8209
3 0 8011 8011 1925 9936 64
6 0 2419 2419 1693 4112 865 5779 370 6149 1794 7943 2057
6 0 1388 1388 19 1407 6157 8781 56 8837 259 9096 904
6 0 2890 2890 375 3265 254 5959 2476 8435 1331 9766 234
4 0 279 279 4770 5049 1661 6710 3290
3 0 4616 4616 1505 6121 3879
4 0 2092 2092 620 2712 1884 4596 5404
3 0 391 391 1132 1523 8477
7 0 989 989 1 990 1 4085 40 4607 2046 6653 3255 9908 92
4 0 250 405 267 672 5578 6250 3750
3 0 795 795 7775 8570 1430
6 0 2012 2012 206 2218 304 5083 567 5650 79 5729 4271
3 0 128 128 4476 4604 5396
6 0 3143 3143 865 4008 4500 9630 57 9687 149 9836 164
6 0 2353 2353 1856 4209 215 4877 122 4999 2288 7287 2713
4 0 4871 4871 198 5069 1114 6183 3817
6 0 518 518 2022 2540 210 8162 171 8333 509 8842 1158
3 0 140 140 2759 2899 7101
4 0 5130 5130 1799 6929 3004 9933 67
7 0 1997 1997 334 2331 2581 8678 161 8839 234 9073 349 9422 578
3 0 4326 4326 976 5302 4698
4 0 1594 1594 3280 4874 4890 9884 116
9 0 1021 1021 1 1022 1 3019 719 3738 248 3986 2152 8062 1386 9448 90 9538 462
6 0 2616 2616 496 3112 34 5567 1612 7179 658 7837 2163
5 0 7524 7524 532 8056 195 8251 1545 9962 38
9 0 1539 1539 1558 3097 1771 6955 860 7815 288 8103 369 8953 382 9335 160 9495 505
10 0 746 746 1 747 1 2252 782 3034 1813 4847 51 5599 805 6404 753 7157 891 8048 1952
3 0 2413 2413 5332 7745 2255
3 0 3837 3837 512 4349 5651
4 0 1393 1393 1 1394 1 9881 119
3 0 3931 3931 1385 5316 4684
3 0 1287 1287 4503 5790 4210
4 0 1183 1183 772 1955 2851 4806 5194
6 0 6196 6196 345 6541 1514 9743 53 9796 37 9833 167
10 0 31 47 345 392 1 393 1 5372 974 6346 36 6382 952 8015 812 8827 1090 9917 83
6 0 3740 3740 3 3743 11 7619 1528 9147 119 9266 734
9 0 1203 1203 102 1305 189 1967 501 2468 10 2478 11 2955 122 3077 1482 4559 5441
10 0 324 324 60 384 127 1158 201 1359 327 1686 455 2141 206 2449 2561 5010 3291 8301 1699
3 0 2757 2757 5294 8051 1949
6 0 5700 5700 470 6170 699 8317 1216 9533 304 9837 163
3 0 7437 7437 1871 9308 692
3 0 2820 2820 5100 7920 2080
10 0 877 877 1755 2632 1762 4394 1719 6154 655 6809 2 6811 5 9861 30 9891 108 9999 1
8 0 2021 2021 2225 4246 2178 6667 875 7542 793 8335 679 9014 392 9990 10
7 0 1446 1446 1262 2708 1391 4099 4444 9107 132 9239 465 9704 296
3 0 3607 3607 1383 4990 5010
3 0 641 641 624 1265 8735
4 0 1060 1060 5166 6226 879 7105 2895
6 0 1159 1159 1582 2741 2 7491 496 7987 116 8103 1897
5 0 2029 2029 1551 3580 5670 9864 41 9905 95
3 0 2187 2187 179 2366 7634
7 0 5064 5064 4 5068 1 7264 1291 8555 483 9038 167 9205 795
6 0 4296 4296 14 4310 163 4712 670 5382 820 6202 3798
3 0 269 269 1684 1953 8047
5 0 3270 3270 561 3831 6151 9996 1 9997 3
3 0 5854 5854 2910 8764 1236
5 0 3661 3661 1222 4883 2346 9757 221 9978 22
6 0 1258 1258 621 1879 338 2472 2773 5245 3279 8524 1476
6 0 231 231 1 232 1 1749 1971 3720 510 4230 5770
4 0 6581 6581 1528 8109 356 9401 599
6 0 384 384 7 391 2 6016 422 6438 114 6552 3448
6 0 201 201 168 387 7220 7607 125 7732 2119 9851 149
7 0 2335 2335 3105 5440 914 6354 1182 9397 10 9407 433 9840 160
9 0 175 175 376 551 3902 5043 1530 6573 500 7073 25 7795 133 7928 735 8663 1337
3 0 2036 2036 408 2444 7556
10 0 3230 3230 2617 5847 2443 8955 52 9007 321 9328 222 9604 61 9665 45 9768 213 9981 19
6 0 3088 3088 1526 4614 61 6088 2484 8572 1055 9627 373
6 0 714 714 734 1448 6437 7888 1112 9000 769 9769 231
3 0 3213 3213 1880 5093 4907
10 0 1470 1470 2 1472 1 6114 481 6595 700 7295 1823 9274 282 9556 147 9703 73 9776 224
6 0 2031 2031 2289 4320 2915 7401 312 7713 646 8359 1641
3 0 7712 7712 630 8342 1658
6 0 52 52 569 621 631 4327 591 4918 1478 6396 3604
7 0 3466 3466 428 3894 1069 4963 572 7044 637 7681 959 8640 1360
