100000 469
4 0 34162 34162 5422 39584 46203 85787 14213
7 0 33599 33599 13362 46961 1443 81999 8728 90727 1082 91809 4295 96104 3896
6 0 27953 27953 3108 31061 6446 57252 9448 66700 12958 79658 20342
6 0 10592 10592 6 10598 5 17017 14134 31151 19984 51135 48865
6 0 9108 9108 875 9983 634 14798 45637 60435 24228 84663 15337
9 0 14932 14932 1 14933 1 75525 9141 84666 9939 94605 766 96645 503 97148 1334 98482 1518
4 0 1809 1809 15943 17752 34306 52058 47942
3 0 2628 2628 71724 74352 25648
6 0 29224 29224 1 29225 1 89118 9633 98751 1095 99846 154
3 0 9726 9726 57348 67074 32926
6 0 11603 11603 46196 57799 13323 86804 10052 96856 33 96889 3111
3 0 35125 35125 18539 53664 46336
3 0 45701 45701 38623 84324 15676
10 0 39589 39589 16231 55820 1165 77450 329 77779 4519 82298 6567 96431 921 97352 211 97563 2041 99604 396
6 0 15988 15988 1 15989 1 37620 18325 55945 10185 66130 33870
3 0 60221 60221 27420 87641 12359
3 0 24210 24210 30863 55073 44927
3 0 6766 6766 57441 64207 35793
3 0 32747 32747 57457 90204 9796
7 0 2330 2330 1 2331 1 35163 10568 45731 23103 68834 4061 72895 27105
4 0 2216 2216 1691 3907 38978 42885 57115
3 0 14222 14222 15415 29637 70363
6 0 34803 34803 24 34827 21 99148 442 99590 379 99969 31
3 0 69986 69986 11617 81603 18397
3 0 5436 5436 3449 8885 91115
3 0 17224 17224 42507 59731 40269
4 0 46338 46338 18826 65164 16635 81799 18201
6 0 31233 31233 315 31548 346 78180 3355 81535 7102 88637 11363
8 0 7194 7194 298 7492 23069 31079 9298 40377 4486 44863 40963 97870 1044 98914 1086
3 0 7850 7850 951 8801 91199
6 0 30571 30571 6734 37305 41826 92881 4483 97364 847 98211 1789
7 0 12010 12010 44203 56213 1546 57759 20622 78714 3563 82277 10330 92607 7393
7 0 14546 14546 10136 24682 4376 29058 1937 52628 36153 88781 2424 91205 8795
7 0 1392 1392 17478 18870 5836 29436 13195 42631 5890 48521 564 49085 50915
10 0 2058 2058 3689 5747 5150 10897 9653 24090 36617 60707 11503 72210 5564 80264 5465 85729 8127 93856 6144
6 0 1768 1768 813 2581 27756 41973 20709 62682 17554 80236 19764
3 0 21605 21605 37766 59371 40629
9 0 7554 7554 9992 17546 325 26964 32659 59623 7 59630 16 92240 1369 93609 3267 96876 3124
9 0 22083 22083 2003 24086 9387 33616 17481 51097 1318 52415 24210 79821 1558 81379 623 82002 17998
3 0 16539 16539 41099 57638 42362
9 0 9740 9740 10952 20692 4443 35034 35262 70296 1094 71390 5389 90270 1283 91553 3698 95251 4749
3 0 31259 31259 42304 73563 26437
3 0 31048 31048 37237 68285 31715
7 0 45393 45393 2930 48323 9380 57703 14596 78323 5633 83956 2320 86276 13724
7 0 44931 44931 15395 60326 5887 68530 11364 79894 4110 84004 10769 94773 5227
12 0 9795 9795 32 9827 91 19540 5285 24825 3 24828 6 28541 8425 36966 1044 38010 4924 51008 28111 79119 1662 80781 19219
4 0 8356 8356 8999 17355 24683 42038 57962
6 0 15026 15026 3595 18621 14042 38380 18439 56819 7549 64368 35632
7 0 26167 26167 2406 28573 13195 71559 7747 79306 13514 92820 1283 94103 5897
6 0 2568 2568 16062 18630 3135 27555 46461 74016 11814 85830 14170
3 0 19047 19047 9854 28901 71099
7 0 9258 9258 25 9283 729 32145 7529 39674 32781 72455 14071 86526 13474
13 0 8831 8831 1 8832 1 55830 4188 60018 3917 63935 3 75583 3739 79322 7170 86492 3795 90287 4948 95825 532 96357 1694 98051 1949
6 0 3938 3938 5 3943 4 8237 71397 79634 2287 81921 18079
3 0 20491 20491 9609 30100 69900
4 0 18610 18610 32011 50621 16474 67095 32905
6 0 31045 31045 2 31047 2 87992 469 88461 7187 95648 4352
6 0 667 667 2920 3587 4 14520 6454 20974 57367 78341 21659
6 0 51 51 1386 1437 14 2535 29918 32453 4912 37365 62635
10 0 6751 6751 1 6752 1 39406 24011 63417 229 63646 3413 90284 5418 95702 1245 96947 323 97270 2730
3 0 49559 49559 48717 98276 1724
4 0 6083 6083 5085 11168 21632 32800 67200
6 0 71909 71909 16239 88148 631 89847 2582 92429 1346 93775 6225
8 0 27447 27447 7971 35418 2342 37760 3207 69425 13494 82919 2200 85119 3551 88670 11330
3 0 48049 48049 37727 85776 14224
8 0 64221 64221 12008 76229 6544 82773 2084 93281 5150 98431 315 98746 689 99435 565
7 0 18161 18161 145 18306 182 79395 12764 92159 1072 93231 1303 94534 5466
6 0 281 281 132 413 2 15052 2549 17601 31769 49370 50630
6 0 53585 53585 3297 56882 31041 93130 1781 94911 500 95411 4589
3 0 45102 45102 7665 52767 47233
3 0 25664 25664 18597 44261 55739
3 0 34139 34139 16947 51086 48914
6 0 3779 3779 1 3780 1 43555 11659 55214 4856 60070 39930
6 0 12758 12758 30075 42833 15947 65810 11118 76928 2128 79056 20944
14 0 9088 9088 832 9920 2829 12749 10 33372 3514 36886 897 37783 696 41739 9280 51019 2710 53729 1798 55527 2587 58387 34164 92551 786 93337 6663
9 0 2384 2384 3 2387 1 6284 3567 9851 13546 23397 31581 56513 22061 78574 10845 89419 10581
7 0 26112 26112 1 26113 1 92042 3256 95298 390 95688 1357 97045 2955
7 0 15710 15710 8905 24615 16635 78427 9763 88190 6894 95084 1126 96210 3790
6 0 2010 2010 1015 3025 2 24861 52742 77603 12260 89863 10137
4 0 8511 8511 19488 27999 37840 65839 34161
6 0 32522 32522 1 32523 1 93026 1929 94955 4651 99606 394
7 0 4315 4315 444 4759 2209 10762 5407 16169 12632 28801 41363 70164 29836
3 0 64006 64006 26708 90714 9286
3 0 38148 38148 46296 84444 15556
3 0 89909 89909 2968 92877 7123
6 0 20428 20428 7773 28201 31293 71853 11236 83089 4371 87460 12540
7 0 17637 17637 7285 24922 9634 34556 9171 54417 2886 57303 198 57501 42499
6 0 25169 25169 2675 27844 5676 42546 29594 72140 10488 82628 17372
9 0 7682 7682 5450 13132 3159 34435 27019 61454 23265 84719 7034 96843 1489 98332 931 99263 737
6 0 10040 10040 1 10041 1 48342 7292 55634 35 55669 44331
4 0 33501 33501 2231 35732 31414 67146 32854
6 0 53466 53466 25279 78745 2271 98347 58 98405 1180 99585 415
6 0 19595 19595 19111 38706 2373 57485 18319 75804 7768 83572 16428
6 0 234 234 14 248 1 91686 408 92094 3006 95100 4900
3 0 77144 77144 21556 98700 1300
4 0 5157 5157 25557 30714 42325 73039 26961
7 0 26631 26631 10439 37070 51391 89262 6092 95354 72 95426 2465 97891 2109
3 0 22360 22360 51869 74229 25771
10 0 10270 10270 4524 14794 14007 28801 12615 53197 5491 58688 4250 62938 1654 68590 2482 71072 817 71889 28111
5 0 1146 1146 38019 39165 851 98798 1082 99880 120
3 0 46685 46685 13114 59799 40201
3 0 42492 42492 29764 72256 27744
8 0 9074 9074 1334 10408 1358 11766 3663 23392 24647 48039 9872 57911 25978 83889 16111
4 0 22660 22660 9326 31986 27497 59483 40517
7 0 52985 52985 13 52998 25 75792 3735 79527 1939 81466 10094 91560 8440
6 0 3122 3122 16505 19627 20238 50221 10033 60254 22490 82744 17256
4 0 4709 4709 30923 35632 30195 65827 34173
3 0 31576 31576 34424 66000 34000
4 0 11769 11769 63996 75765 12382 88147 11853
7 0 13519 13519 11893 25412 42951 70071 16094 86165 5607 91772 7816 99588 412
8 0 7686 7686 398 8084 9035 17119 38782 66207 17400 83607 408 84015 4342 88357 11643
3 0 64705 64705 34705 99410 590
4 0 17159 17159 4408 21567 12055 33622 66378
6 0 22687 22687 21037 43724 27444 91739 3998 95737 836 96573 3427
10 0 24535 24535 3230 27765 39795 69359 2848 72207 2 72209 1 81840 1272 83112 1253 84365 9116 93481 6519
3 0 35649 35649 9483 45132 54868
3 0 4723 4723 57302 62025 37975
7 0 3697 3697 1 3698 1 55363 18092 73455 2154 75609 6516 82125 17875
6 0 291 291 78 676 17361 18037 15807 33844 61141 94985 5015
3 0 63031 63031 12639 75670 24330
7 0 22714 22714 1 22715 1 93227 2026 95253 2758 98011 333 98344 1656
3 0 14156 14156 83103 97259 2741
8 0 36981 36981 8030 45011 34861 79872 15388 97140 866 98006 751 98757 903 99660 340
4 0 7335 7335 47560 54895 3996 58891 41109
6 0 53533 53533 9790 63323 14007 94792 606 95398 1347 96745 3255
6 0 62579 62579 11693 74272 2651 88528 591 89119 1226 90345 9655
9 0 7237 7237 2910 10147 63034 75724 124 75848 1 75849 1 87421 4471 91892 7830 99722 278
9 0 2364 2364 4127 6491 7471 18297 779 19076 1 19077 1 53656 12247 65903 5057 70960 29040
3 0 78015 78015 14397 92412 7588
3 0 40048 40048 1922 41970 58030
7 0 7021 7021 9684 16705 4646 21351 2 97732 292 98024 370 98394 1606
6 0 4872 4872 1 4873 1 12173 488 12661 856 13517 86483
3 0 7912 7912 27534 35446 64554
3 0 31280 31280 42703 73983 26017
10 0 10473 10473 1 10474 1 42191 23905 66096 5658 71754 398 81342 210 81552 15366 96918 460 97378 2622
7 0 896 896 2 898 1 30215 45140 75355 5783 81138 4087 85225 14775
6 0 30882 30882 657 31539 248 51821 41879 93700 5177 98877 1123
4 0 24263 24263 5244 29507 69052 99953 47
4 0 9727 9727 403 10130 8165 18295 81705
7 0 18088 18088 2867 20955 1598 22553 3147 29744 26126 55870 23579 79449 20551
6 0 6504 6504 23271 29775 6 83769 4726 88495 1693 90188 9812
6 0 44162 44162 10774 54936 8782 82424 5929 88353 4941 93294 6706
3 0 39684 39684 47327 87011 12989
3 0 32583 32583 65371 97954 2046
4 0 86932 86932 9314 96246 958 97204 2796
7 0 11375 11375 2351 13726 2425 16151 9111 31784 17637 49421 11224 60645 39355
8 0 15832 15832 15491 31323 6851 38174 462 83215 794 84009 1439 85448 2116 87564 12436
6 0 17682 17682 3458 21140 70087 97765 93 97858 773 98631 1369
3 0 28656 28656 17191 45847 54153
4 0 45501 45501 21532 67033 32606 99639 361
3 0 62002 62002 17872 79874 20126
4 0 62945 62945 17940 80885 5217 86102 13898
3 0 37772 37772 32477 70249 29751
4 0 55949 55949 22281 78230 736 99163 837
6 0 15631 15631 8 15639 9 48759 42654 91413 5478 96891 3109
3 0 51091 51091 3099 54190 45810
7 0 313 313 194 507 97 2291 40638 42929 18919 61848 17442 79290 20710
7 0 17428 17428 1 17429 1 74273 12621 86894 11333 98227 391 98618 1382
8 0 2504 2504 217 2721 76 2797 811 14680 27823 42503 12701 55204 9993 65197 34803
4 0 33289 33289 19346 52635 4783 57418 42582
4 0 19030 19030 3809 22839 25324 48163 51837
6 0 17537 17537 10455 27992 20530 98879 228 99107 189 99296 704
6 0 4456 4456 1 4457 1 36240 44069 80309 5119 85428 14572
4 0 562 562 30826 31388 12199 43587 56413
4 0 53200 53200 4093 57293 15601 72894 27106
3 0 46464 46464 7321 53785 46215
7 0 79678 79678 4200 83878 11933 98046 133 98179 132 98311 884 99195 805
9 0 914 914 17640 18554 22504 41058 27651 73710 11559 85269 2410 87679 9400 97079 2761 99898 102
7 0 41873 41873 16226 58099 25523 91556 3989 95545 2486 98031 28 98059 1941
3 0 52522 52522 22032 74554 25446
7 0 3833 3833 8244 12077 20511 32588 27669 73476 19494 92970 595 93565 6435
7 0 23058 23058 17747 40805 5504 46309 546 47123 33428 80551 9847 90398 9602
7 0 48172 48172 10149 58321 18490 76811 5226 97226 2049 99275 303 99578 422
10 0 8608 8608 1 8609 1 30853 10697 41550 20387 61937 414 62351 31050 99597 213 99810 164 99974 26
6 0 57456 57456 806 58262 20554 99133 408 99541 175 99716 284
3 0 90748 90748 955 91703 8297
4 0 23233 23233 14088 37321 27790 65111 34889
7 0 23908 23908 11766 35674 19201 54875 380 89125 3795 92920 2270 95190 4810
6 0 9649 9649 4241 13890 1500 19230 17218 36448 23013 59461 40539
3 0 48578 48578 1291 49869 50131
5 0 16651 16651 26053 42704 28124 99853 136 99989 11
3 0 8245 8245 74827 83072 16928
4 0 46467 46467 220 46687 33694 80381 19619
3 0 52499 52499 333 52832 47168
3 0 9462 9462 26679 36141 63859
4 0 16011 16011 11979 27990 56232 84222 15778
3 0 32784 32784 2318 35102 64898
6 0 45758 45758 25180 70938 26041 99308 488 99796 46 99842 158
3 0 10870 10870 41004 51874 48126
7 0 2045 2045 17521 19566 2 59895 5884 65779 906 66685 12301 78986 21014
9 0 13007 13007 1 13008 1 74886 8224 83110 3122 86232 1745 97781 1095 98876 567 99443 557
6 0 61031 61031 16462 77493 3764 81844 7988 89832 428 90260 9740
3 0 59209 59209 19110 78319 21681
3 0 9968 9968 39675 49643 50357
7 0 33679 33679 10217 43896 1637 67484 3023 70507 7306 77813 12676 90489 9511
7 0 4382 4382 12287 16669 14523 31192 39705 82353 12131 94484 4550 99034 966
7 0 16764 16764 1682 18446 2466 20912 1175 43011 38870 81881 12994 94875 5125
10 0 5244 5244 2 5246 1 20633 18379 39012 14352 53364 1144 62283 23301 85584 12096 97680 1551 99231 769
3 0 26171 26171 63791 89962 10038
3 0 51508 51508 2079 53587 46413
7 0 40910 40910 1867 42777 42586 98418 278 98696 687 99383 567 99950 50
10 0 13451 13451 15673 29124 3983 33107 35548 81580 7465 89045 527 89572 4763 94335 2686 99719 4 99723 277
3 0 54770 54770 13334 68104 31896
7 0 7366 7366 1440 8806 4379 13185 55759 72999 24048 97047 2369 99416 584
4 0 22035 22035 1 22036 1 99398 602
6 0 5149 5149 86 5235 3053 9312 51620 60932 9421 70353 29647
4 0 10846 10846 29242 40088 6135 46223 53777
3 0 13142 13142 49456 62598 37402
7 0 51679 51679 10577 62256 9250 90953 4221 95174 1414 96588 1320 97908 2092
3 0 34878 34878 30244 65122 34878
3 0 57595 57595 37586 95181 4819
3 0 8088 8088 5303 13391 86609
6 0 12429 12429 3 12432 1 96943 1518 98461 217 98678 1322
9 0 1479 1479 3 1482 1 5087 1887 6974 93 7067 3355 11702 12646 24348 46679 71027 28973
4 0 9049 9049 22864 31913 45211 77124 22876
3 0 40523 40523 20508 61031 38969
3 0 20574 20574 70465 91039 8961
7 0 55172 55172 110 55282 12134 74428 12120 86548 6528 93076 1928 95004 4996
9 0 5711 5711 1 5712 1 37522 11104 48626 5998 54624 1290 57435 14988 72423 13699 86122 13878
6 0 12886 12886 7022 19908 63034 93889 1105 94994 2247 97241 2759
6 0 946 946 2 948 1 13011 12163 25174 14676 39850 60150
9 0 13167 13167 1493 14660 647 23003 8750 31753 25576 57329 26062 89200 1673 90873 1572 92445 7555
4 0 57893 57893 14131 72024 20943 92967 7033
3 0 4668 4668 54670 59338 40662
3 0 65232 65232 12440 77672 22328
4 0 22798 22798 9927 32725 7156 39881 60119
9 0 19853 19853 3481 23334 2310 25644 13890 56657 4105 60762 6305 67067 19728 99586 109 99695 305
6 0 417 417 1 418 1 9028 55370 64398 3760 68158 31842
5 0 74 74 208 340 6672 7012 37336 44348 55652
3 0 4023 4023 11477 15500 84500
6 0 23579 23579 416 23995 766 84896 8937 93833 1778 95611 4389
3 0 47491 47491 16458 63949 36051
6 0 2912 2912 1 2913 1 42259 12692 54951 12386 67337 32663
13 0 10300 10300 29630 39930 6592 57956 57 58013 5343 63356 8479 73153 14269 87422 1344 88766 2333 96187 1242 97429 807 98236 511 98747 1253
6 0 41221 41221 21612 62833 124 83526 12304 95830 806 96636 3364
3 0 57993 57993 24306 82299 17701
7 0 158 158 39054 39212 10642 55082 20784 75866 16710 92576 2579 95155 4845
7 0 3750 3750 38361 42111 19117 89130 2456 91586 2217 93803 3319 97122 2878
3 0 1204 1204 12738 13942 86058
7 0 4434 4434 8409 12843 2320 15163 12635 40382 36749 77131 19369 96500 3500
3 0 61580 61580 30736 92316 7684
4 0 56727 56727 14693 71420 19890 99885 115
6 0 13663 13663 11533 25196 38873 68774 618 69392 14900 84292 15708
4 0 28891 28891 16596 45487 8603 54090 45910
6 0 6243 6243 5407 11650 72864 86208 9741 95949 2105 98054 1946
6 0 11829 11829 11702 23531 10990 49982 12581 62563 6519 69082 30918
6 0 1176 1176 1 1177 1 33780 26114 59894 36553 96447 3553
4 0 8427 8427 58737 67164 29516 99827 173
3 0 44064 44064 15373 59437 40563
9 0 24048 24048 953 25001 3136 52521 5318 57839 14843 72682 25230 99439 95 99534 379 99913 87
6 0 4117 4117 23976 28093 27327 75243 21900 97143 247 97390 2610
7 0 4425 4425 10157 14582 4053 18635 76466 95647 196 95843 1094 96937 3063
3 0 19814 19814 22661 42475 57525
6 0 1364 1364 1457 2821 46463 76466 4961 81427 3128 84555 15445
8 0 41112 41112 14272 55384 19256 74640 4765 82761 8602 91363 1344 92707 5789 98496 1504
7 0 18538 18538 3044 21582 36606 58188 15791 74350 14887 89237 1800 91037 8963
3 0 77803 77803 19458 97261 2739
4 0 1393 1393 49166 50559 49181 99889 111
6 0 41175 41175 1251 42426 34050 92006 766 92772 6019 98791 1209
4 0 31957 31957 7521 39478 27313 66791 33209
10 0 1198 1198 5 1203 5 26596 777 27373 15204 42577 2 83218 1930 85148 2968 88116 3080 91196 8804
4 0 13009 13009 1753 14762 4080 18842 81158
3 0 21754 21754 50361 72115 27885
10 0 20376 20376 1599 21975 1765 23740 20129 49455 5361 54816 13896 68712 1506 78567 14080 92647 185 92832 7168
8 0 12829 12829 5668 18497 531 19028 116 38617 15321 53938 21168 75106 22607 97713 2287
3 0 32801 32801 51731 84532 15468
7 0 13938 13938 48341 62279 9297 71576 13390 92433 2002 94435 2662 97097 2903
4 0 36326 36326 10499 46825 21842 68667 31333
9 0 2659 2659 7174 9833 16092 29530 23586 53116 36 53152 14 94366 3052 97418 1569 98987 1013
3 0 64209 64209 3416 67625 32375
3 0 49986 49986 13349 63335 36665
7 0 37221 37221 199 37420 6311 71338 13932 85270 2034 87304 1482 88786 11214
3 0 54566 54566 6351 60917 39083
3 0 33685 33685 5332 39017 60983
6 0 18752 18752 1 18753 1 80624 1408 82032 11489 93521 6479
4 0 13742 13742 1 13743 1 99945 55
10 0 1796 1796 128 1924 50 5728 42609 48337 33277 81614 869 97907 1072 98979 462 99441 345 99786 214
7 0 9146 9146 18170 27316 2918 37079 18982 56061 2368 58429 29975 88404 11596
6 0 747 747 15308 16055 5729 45227 19351 64578 37 64615 35385
6 0 4770 4770 45506 50276 4469 62482 12265 74747 14513 89260 10740
4 0 62992 62992 26175 89167 1169 90336 9664
7 0 9704 9704 2 9706 1 50765 11648 62413 18488 80901 2768 83669 16331
3 0 35452 35452 33057 68509 31491
4 0 47591 47591 1261 48852 8553 57405 42595
6 0 1645 1645 24143 25788 26465 53204 6153 59357 23670 83027 16973
3 0 18575 18575 42541 61116 38884
6 0 54998 54998 513 55511 5242 90629 6793 97422 1206 98628 1372
4 0 2651 2651 4537 7188 76507 83695 16305
9 0 6499 6499 12673 19172 35224 56664 19110 75774 4086 79860 13589 94410 19 94429 2290 96719 3281
7 0 30700 30700 5508 36208 4061 54235 15615 69850 10847 80697 5877 86574 13426
11 0 11863 11863 8463 20326 13891 34217 1758 37533 11937 49470 5193 54663 15137 81122 6183 87305 4128 91433 7398 98831 1169
10 0 8371 8371 1 8372 1 25343 5821 31164 4 31168 3 34129 18792 52921 14681 67602 17758 85360 14640
6 0 29500 29500 22310 51810 33166 88994 6044 95038 4115 99153 847
7 0 28399 28399 6761 35160 2157 37317 27534 65570 13863 79433 4863 84296 15704
4 0 265 265 13782 14047 36852 50899 49101
3 0 26735 26735 48099 74834 25166
3 0 92366 92366 7451 99817 183
6 0 44617 44617 1 44618 1 93301 4359 97660 340 98000 2000
3 0 65235 65235 19783 85018 14982
7 0 7337 7337 6066 13403 7240 36949 11172 48121 15309 63430 11137 74567 25433
3 0 83635 83635 11869 95504 4496
6 0 39780 39780 15810 55590 12378 83753 11551 95304 2837 98141 1859
3 0 29257 29257 14802 44059 55941
6 0 5711 5711 12643 18354 5193 41258 19290 60548 18762 79310 20690
4 0 59559 59559 12500 72059 588 72647 27353
3 0 40498 40498 20597 61095 38905
3 0 53801 53801 2035 55836 44164
9 0 27355 27355 1 27356 1 72678 14950 87628 3417 91045 50 96383 896 97279 1802 99081 919
3 0 63082 63082 7806 70888 29112
9 0 45693 45693 1410 47103 5202 69665 7459 77124 168 77292 104 89896 4666 94562 1556 96118 3882
6 0 6226 6226 838 7064 13670 25180 14498 39678 33027 72705 27295
4 0 44209 44209 9766 53975 23313 77288 22712
3 0 51324 51324 43802 95126 4874
9 0 23474 23474 2 23476 1 68377 2430 70807 3461 74268 7 77835 4674 82509 15029 97538 2462
4 0 51257 51257 22365 73622 22456 96078 3922
3 0 11910 11910 68975 80885 19115
3 0 6834 6834 17707 24541 75459
6 0 27891 27891 13223 41114 2628 92700 1804 94504 1932 96436 3564
7 0 10406 10406 896 11302 2623 13925 643 25388 26290 51678 38597 90275 9725
6 0 30727 30727 1 30728 1 96641 2117 98758 574 99332 668
3 0 34113 34113 19995 54108 45892
3 0 38005 38005 54312 92317 7683
3 0 13244 13244 38597 51841 48159
6 0 12837 12837 1 12838 1 39590 36222 75812 16495 92307 7693
12 0 2446 2446 37 2483 230 8820 622 9442 19655 29097 44791 75504 12298 87802 3662 91464 6039 98263 1009 99272 165 99437 563
3 0 2320 2320 4238 6558 93442
4 0 19657 19657 14917 34574 4798 39372 60628
10 0 49667 49667 455 50122 6998 58423 5575 63998 1 63999 2 86716 4210 90926 6 90932 3014 93946 6054
5 0 64767 64767 3080 67847 3941 98377 482 98859 1141
6 0 42838 42838 9761 52599 79 88795 2345 91140 1513 92653 7347
4 0 6402 6402 23801 30203 4341 34544 65456
3 0 19391 19391 29903 49294 50706
3 0 8702 8702 49379 58081 41919
4 0 33248 33248 6245 39493 25635 65128 34872
13 0 5111 5111 1526 6637 5265 17407 22250 39657 1825 41482 1034 52448 26414 78862 1377 80239 1003 83754 5198 88952 1987 90939 412 91351 8649
11 0 12029 12029 447 12476 3167 15643 9067 37700 11911 49611 1149 50760 24743 75503 4534 94428 2764 97192 1668 98860 1140
6 0 14308 14308 16774 31082 6170 82885 811 83696 2059 85755 14245
3 0 7842 7842 10834 18676 81324
6 0 58156 58156 18618 76774 17117 98616 127 98743 354 99097 903
8 0 7907 7907 13440 21347 4839 26186 34938 92410 5449 97859 1536 99395 460 99855 145
7 0 23561 23561 10398 33959 134 34093 15979 55803 3159 58962 13411 72373 27627
8 0 29863 29863 31590 61453 18658 80111 4094 92159 162 92321 1006 93327 797 94124 5876
3 0 31555 31555 20912 52467 47533
4 0 35429 35429 3151 38580 32975 71555 28445
6 0 76097 76097 181 76278 8763 89359 270 89629 8578 98207 1793
3 0 83304 83304 2075 85379 14621
6 0 9075 9075 7088 16163 19575 37657 34620 72277 14197 86474 13526
4 0 46072 46072 31613 77685 531 78216 21784
3 0 44921 44921 9296 54217 45783
6 0 18393 18393 6282 24675 7174 45061 6913 51974 15069 67043 32957
6 0 36175 36175 2873 39048 779 58817 2827 61644 518 62162 37838
3 0 60449 60449 28671 89120 10880
4 0 20820 20820 17566 38386 9606 47992 52008
7 0 40965 40965 25931 66896 29918 98057 925 98982 51 99033 217 99250 750
10 0 16327 16327 40551 56878 7348 73994 203 74197 539 74736 10341 85077 40 89002 4426 93428 3144 96572 3428
3 0 11995 11995 49379 61374 38626
6 0 24093 24093 29621 53714 11197 77836 8322 86158 8586 94744 5256
3 0 4557 4557 50695 55252 44748
4 0 2785 2785 27988 30773 28462 59235 40765
7 0 8147 8147 18068 26215 2 95756 1215 96971 385 97356 61 97417 2583
9 0 5149 5149 12784 17933 2766 22460 35113 57573 5714 63287 10493 98876 310 99186 439 99625 375
4 0 63654 63654 28884 92538 7151 99963 37
3 0 47811 47811 47628 95439 4561
4 0 38845 38845 34348 73193 12890 86083 13917
12 0 19762 19762 10982 30744 11230 63874 6000 69874 509 70383 751 77814 4557 82371 53 82424 85 91764 1506 93270 2446 95716 4284
6 0 7576 7576 12279 19855 13545 35316 13220 48536 5967 54503 45497
4 0 19233 19233 28115 47348 2757 50105 49895
7 0 16853 16853 32918 49771 7113 64479 6821 71300 18429 89729 89 89818 10182
3 0 47049 47049 21591 68640 31360
3 0 81920 81920 16440 98360 1640
3 0 59446 59446 9890 69336 30664
7 0 32753 32753 1726 34479 6110 56468 15730 72198 1921 74119 10982 85101 14899
9 0 14499 14499 1447 15946 20946 40198 18482 58680 8043 66723 15286 88691 2086 90777 9220 99997 3
4 0 48900 48900 16256 65156 2086 67242 32758
3 0 11798 11798 9579 21377 78623
3 0 52911 52911 10870 63781 36219
4 0 18815 18815 4793 23608 49183 72791 27209
9 0 33365 33365 399 33764 1501 43818 17454 61272 7183 68455 6602 77387 16054 93441 1389 94830 5170
4 0 34317 34317 24844 59161 30171 89332 10668
4 0 2643 2643 61032 63675 16108 79783 20217
7 0 1912 1912 1 1913 1 85135 9519 94654 207 94861 2351 97212 2788
3 0 45390 45390 53826 99216 784
6 0 5857 5857 1 5858 1 78566 13701 92267 338 92605 7395
4 0 15721 15721 20675 36396 20871 57267 42733
3 0 22404 22404 24290 46694 53306
7 0 853 853 37922 38775 4 93665 3143 96808 132 96940 2486 99426 574
10 0 8832 8832 1122 9954 14237 32260 2229 34489 22 34511 1110 38617 1901 40518 17424 57942 9786 67728 32272
3 0 18157 18157 41250 59407 40593
3 0 2127 2127 37736 39863 60137
9 0 807 807 1 808 1 53235 21833 75068 74 75142 434 88706 1278 89984 912 90896 9104
8 0 383 383 132 749 849 1598 47571 49169 4128 74449 17562 92011 4864 96875 3125
3 0 18377 18377 31454 49831 50169
6 0 13129 13129 100 13229 219 73806 15404 89210 3069 92279 7721
7 0 43217 43217 3260 46477 16057 62534 21074 84349 3610 87959 2755 90714 9286
6 0 18672 18672 1891 20563 3529 30862 10418 41280 56362 97642 2358
3 0 49063 49063 19025 68088 31912
3 0 20361 20361 25715 46076 53924
4 0 37432 37432 53077 90509 8560 99296 704
6 0 27271 27271 5947 33218 23124 65409 6885 72294 5629 77923 22077
3 0 96213 96213 2523 98736 1264
3 0 35800 35800 4707 40507 59493
10 0 1987 1987 1 1988 1 20138 11846 31984 1 31985 1 99429 95 99524 95 99619 372 99991 9
6 0 22344 22344 365 22709 1438 26892 36279 63171 19096 82267 17733
3 0 77262 77262 2679 79941 20059
3 0 2764 2764 33595 36359 63641
4 0 17089 17089 53924 71013 12617 83630 16370
3 0 53541 53541 32975 86516 13484
3 0 14430 14430 4239 18669 81331
7 0 25730 25730 490 26220 331 43190 12125 55315 13076 68391 15254 83645 16355
6 0 33092 33092 4927 38019 23797 70259 17208 87467 606 88073 11927
6 0 26041 26041 27443 53484 36515 94717 1115 95832 2729 98561 1439
4 0 43384 43384 16444 59828 40032 99982 18
7 0 9892 9892 10729 20621 18897 39518 17857 85217 4746 89963 2014 91977 8023
6 0 5034 5034 1 5035 1 50822 27777 78599 3018 81617 18383
7 0 46895 46895 5886 52781 44581 97867 1624 99491 219 99710 164 99874 126
3 0 36554 36554 49339 85893 14107
10 0 6641 6641 19212 25853 5100 52568 4713 57281 1 57282 1 89044 1572 90616 2768 93384 1359 94743 5257
4 0 683 683 67774 68457 1266 99334 666
3 0 16708 16708 1744 18452 81548
7 0 39936 39936 14707 54643 11465 66108 8982 94901 2093 96994 442 97436 2564
7 0 432 432 12949 13381 312 22236 25435 47671 36477 84148 6474 90622 9378
3 0 39847 39847 13199 53046 46954
4 0 25267 25267 6 25273 1 99600 400
3 0 24196 24196 41753 65949 34051
3 0 32971 32971 12928 45899 54101
6 0 12604 12604 551 13155 16 47530 3813 51343 20640 71983 28017
9 0 23584 23584 436 24020 13859 38047 5030 43077 4984 48061 3751 57586 13281 70867 4379 75246 24754
7 0 10881 10881 4936 15817 6672 22489 15327 48355 32549 80904 12611 93515 6485
8 0 68169 68169 6648 74817 4554 98071 232 98303 71 98374 256 99677 251 99928 72
3 0 87813 87813 1349 89162 10838
6 0 41965 41965 2 41967 1 50139 2073 52212 102 52314 47686
4 0 64520 64520 13021 77541 15876 93417 6583
3 0 37297 37297 29851 67148 32852
11 0 12329 12329 3884 16213 1479 17692 24444 46980 11895 58875 1831 60706 7240 69757 3548 73305 8497 81802 3894 85696 14304
3 0 19245 19245 38004 57249 42751
7 0 22024 22024 1 22025 1 95462 2570 98032 642 98674 471 99145 855
10 0 7536 7536 141 7677 1508 9185 53 13657 3723 17380 778 18158 3457 21685 18409 40094 49739 89833 10167
3 0 75693 75693 18407 94100 5900
4 0 63617 63617 22563 86180 8144 94324 5676
7 0 8272 8272 5144 13416 11348 24764 19736 44793 25370 70163 8281 78444 21556
7 0 11863 11863 7115 18978 21156 42785 11325 54110 28011 82121 2836 84957 15043
9 0 9947 9947 7443 17390 4 27478 1018 28496 10210 38706 27353 71363 3758 75121 4028 79149 20851
8 0 33632 33632 459 34091 6234 40325 25128 65848 1976 67824 7136 74960 2314 77274 22726
4 0 34978 34978 16970 51948 18816 70764 29236
3 0 29627 29627 6411 36038 63962
3 0 55937 55937 37761 93698 6302
3 0 58968 58968 22877 81845 18155
7 0 14245 14245 942 15187 6994 22181 14437 54749 11231 65980 1491 67471 32529
4 0 38973 38973 36533 75506 2008 77514 22486
6 0 30423 30423 141 30564 129 78671 8565 87236 1443 88679 11321
10 0 5946 5946 1050 6996 105 30445 32018 62463 2253 64716 28803 95878 1889 97767 775 98542 133 98675 1325
6 0 34478 34478 12598 47076 51399 99026 715 99741 44 99785 215
3 0 49647 49647 8074 57721 42279
3 0 20251 20251 28060 48311 51689
7 0 2109 2109 496 2605 23250 25855 18806 54560 1900 56460 16534 72994 27006
6 0 5021 5021 1 5022 1 75373 9965 85338 7631 92969 7031
8 0 1658 1658 1355 3013 1093 4932 256 5188 302 6743 44444 51187 29948 81135 18865
3 0 64498 64498 13441 77939 22061
7 0 22110 22110 30259 52369 4896 57265 13 96501 762 97263 212 97475 2525
3 0 40990 40990 29109 70099 29901
6 0 43831 43831 6303 50134 9180 72531 13653 86184 5786 91970 8030
3 0 3377 3377 35705 39082 60918
3 0 27350 27350 23658 51008 48992
6 0 43586 43586 8749 52335 10009 70703 23433 94136 5237 99373 627
3 0 59005 59005 11384 70389 29611
3 0 22638 22638 59603 82241 17759
7 0 32814 32814 5405 38219 8744 54202 16547 70749 942 71691 2847 74538 25462
6 0 17611 17611 12786 30397 18953 97846 268 98114 16 98130 1870
6 0 25997 25997 16400 42397 2323 48043 11891 59934 40053 99987 13
