100000 127
3 0 43959 43959 51357 95316 4684
14 0 6977 6977 2078 9055 3067 36462 17491 53953 4551 58504 7135 65639 9250 76212 5438 81650 1376 83026 26 84933 6894 91827 995 92822 785 93607 6393
13 0 13364 13364 27053 40417 6872 70009 888 70897 873 71770 164 73676 8107 81783 11686 93469 153 95532 1364 96896 3 96899 606 97505 2495
3 0 14255 14255 29469 43724 56276
8 0 8428 8428 39088 47516 7636 55152 15471 91544 2032 93576 93 93669 910 94579 5421
13 0 255 255 15182 15437 21412 45843 2675 48518 1 48519 1 57707 3987 61694 52 61746 2509 64255 1333 66974 8415 75389 6469 81858 18142
10 0 258 258 10359 10617 467 29610 27837 57447 27750 85197 11164 98397 243 98640 294 98934 446 99889 111
16 0 1371 1371 1053 2424 217 2641 82 3958 37034 40992 50 41042 110 89058 16 89074 2590 91664 73 91737 4479 98314 151 98465 140 98983 131 99114 558 99672 328
6 0 6134 6134 18234 24368 12937 40409 47314 87723 10272 97995 2005
12 0 15082 15082 1172 16254 563 29167 1416 30583 422 31005 2955 35939 19146 55085 6008 61093 33818 95360 2867 98227 594 98821 1179
9 0 3606 3606 16 3622 2 12222 545 12767 31787 44554 2 93819 5130 98949 641 99590 410
9 0 7961 7961 3 7964 20 12110 17935 30045 16482 46527 10339 79391 2154 81545 3744 85289 14711
8 0 9454 9454 1403 10857 2620 13477 20525 36622 490 37112 4019 41131 29149 70280 29720
10 0 5827 5827 2845 8672 1241 9913 1366 15198 3544 18742 2 18744 3 33504 15119 48623 30444 79067 20933
9 0 578 578 1 579 1 83927 2305 86232 1356 87588 6 95938 397 96335 577 96912 3088
6 0 28 28 53 411 158 570 16793 17363 24596 41959 58041
3 0 38398 38398 30605 69003 30997
6 0 61692 61692 421 62113 2789 95566 1792 97358 1412 98770 1230
9 0 12982 12982 397 13379 1470 75815 1192 77007 2311 79318 13733 94707 1877 96584 1929 98513 1487
9 0 419 419 1 420 11 2087 5875 7962 1 7963 1 42963 7732 50695 4253 54948 45052
13 0 2361 2361 2 2363 1 65237 2797 68034 1 68035 1 79974 9708 89682 5934 95616 342 97021 143 97164 1791 98955 504 99459 541
8 0 1304 1561 68131 69692 151 69843 14575 96063 680 96743 1741 98484 1243 99727 273
3 0 61229 61229 33881 95110 4890
6 0 1031 1031 8185 9216 2 50701 21283 71984 8877 80861 19139
9 0 2450 2450 2295 4745 331 7277 4743 12020 11552 23572 43984 97095 1439 98534 548 99082 918
10 0 2642 2642 13138 15780 38329 64268 151 64419 194 64613 227 65420 10328 75748 4938 80686 4646 85332 14668
18 0 6240 6240 5011 11251 25173 36901 5404 42305 1363 43668 1167 47007 390 47397 444 47841 1952 50101 118 50219 146 50365 1843 53433 11814 65247 11219 76466 9015 93772 2119 95891 2800 98691 1309
6 0 23170 23170 1644 24814 3576 28916 22059 50975 16802 67777 32223
10 0 25847 25847 27172 53019 5439 58458 20190 81293 8696 89989 1392 91381 1148 92529 2350 96690 2649 99339 661
10 0 29254 29254 34808 64062 17997 84691 2630 87321 911 88232 578 88810 2633 91459 3267 94726 2540 97266 2734
7 0 17895 17895 3 17898 1 47013 9810 56823 20845 77668 21723 99759 241
13 0 7295 7295 1083 8378 773 13609 19465 33074 15119 48193 411 48607 24143 72750 5496 78246 14576 92822 2426 95452 324 95776 1266 97042 2958
9 0 1392 1392 1863 3255 450 7659 20225 27884 20762 48646 16220 92010 3363 95373 546 95919 4081
14 0 15290 15290 4964 20254 24 20278 16952 48209 7857 56066 874 56940 5079 62725 6576 69301 20629 89930 4852 96432 63 96495 2065 98560 1439 99999 1
7 0 4216 4216 4093 8309 11999 20308 3 49438 22460 71898 6717 78615 21385
10 0 2069 2069 77 2146 13 5876 5305 11181 224 11405 3523 19440 38560 58000 3945 61945 25148 87093 12907
9 0 5164 5164 296 5460 2 61673 11800 73473 14 73487 20 98148 46 98194 1597 99791 209
9 0 1583 1583 192 1775 40 2945 45457 48402 507 48909 16294 66546 21452 87998 5924 93922 6078
8 0 241 241 42595 42836 42187 85023 2682 96126 848 96974 734 97708 2203 99942 58
9 0 13675 13675 22692 36367 245 44784 9880 54664 5234 59898 449 65509 16825 82334 9180 91514 8486
11 0 8249 8249 4836 13085 2003 15088 690 26145 20387 46532 10989 57521 17898 91631 3431 95062 38 95100 2313 97413 2587
6 0 21376 21376 19900 41276 5645 64875 25722 90597 6210 96807 3193
12 0 4194 4194 1 4195 2 10749 4642 15391 1104 16495 107 18738 6946 25684 1239 26923 4108 41053 3294 44347 44506 88853 11147
5 0 7417 7417 910 8327 85520 99464 447 99911 89
6 0 40396 40396 2171 42567 2029 73979 20065 94044 5483 99527 473
16 0 762 762 2 764 3 5211 7053 12264 4133 16397 5732 50753 7475 58228 1896 60124 8780 72499 1605 74104 4874 78978 2826 82383 142 82525 2704 85229 9346 99949 51
12 0 7308 7308 4 7312 12 20382 6761 27143 221 27364 330 39667 14075 53742 21 53763 59 81336 5234 86570 6083 92653 7347
7 0 5055 5055 11906 16961 34281 53272 21972 75244 2753 77997 5939 83936 16064
3 0 12200 12200 14602 26802 73198
14 0 2297 2297 1 2298 1 69805 5808 75613 693 76306 5106 81412 822 82307 3873 86180 7958 94138 185 97473 187 97660 309 97969 387 98708 1292
11 0 454 454 656 1130 237 1367 117 1484 365 2103 8217 10320 1 10321 1 37066 33809 70875 335 71210 28790
9 0 26568 26568 3942 30510 1898 39361 27948 67309 16999 84308 976 91569 2734 94303 2320 96623 3377
12 0 33249 33249 514 33763 1475 59428 11651 71079 273 71352 1056 78773 266 79039 2 79041 15 84973 1873 86846 5958 92804 7196
16 0 21021 21021 1451 22472 624 23096 1338 30339 2295 32634 5911 38545 9973 48518 22425 71660 9049 80709 730 81439 2895 84334 1311 87370 5343 92713 987 93700 6208 99925 75
11 0 3023 3023 37527 40550 24826 77673 37 77710 58 83494 4826 88320 3040 91360 618 92992 3069 96061 1717 97778 2222
12 0 1345 1345 6942 8287 6139 16771 17272 34043 14543 48586 1122 49970 6047 56017 1 56018 1 68235 7703 75938 8492 84430 15570
7 0 7200 7200 2809 10009 8433 18442 26569 50745 1073 51818 26950 78768 21232
10 0 1083 1083 995 2078 1762 4299 18284 22583 20554 43137 8614 85860 5860 91720 2805 94525 1488 99843 157
6 0 4788 4788 2639 7427 79533 92737 2040 94777 1309 96086 3914
11 0 20086 20086 2409 22495 4831 27326 2172 45826 5793 51619 18710 70329 27346 97837 206 98043 527 98570 548 99909 91
16 0 3298 3298 71 3369 7 18448 668 19116 51 19167 27 23069 2710 25779 1 25780 2 59671 6452 66123 1 66124 1 93677 2021 95698 3450 99148 361 99509 491
10 0 1724 1724 3222 4946 2064 9452 26334 35786 3258 39044 26174 66086 12400 78486 1525 80011 11309 91320 8680
7 0 3695 3695 3 3698 1 30149 10328 40477 41828 82305 35 82340 17660
12 0 114 114 141 255 1125 1589 34880 36469 4273 40742 189 58072 12551 70623 10352 80975 6635 91128 425 91553 889 92442 7558
9 0 44 44 29712 29756 34158 67073 5941 73014 1 73015 1 99337 245 99582 236 99818 182
7 0 24448 24448 32 24480 73 58124 7506 65630 11837 77467 4537 82004 17996
8 0 7868 7868 9169 17037 622 17659 3903 23865 16031 39896 11400 51296 11647 62943 37057
7 0 9235 9235 46534 55769 4831 75374 12321 87695 7829 95524 3466 99708 292
9 0 1665 1665 19567 21232 2358 58029 2712 60741 12545 73286 312 91798 2410 94208 1116 95324 4676
13 0 861 861 2443 3304 2457 5761 38 12683 213 12896 3250 16146 543 16689 3524 20926 287 21475 1937 23443 52581 76024 697 76721 23279
10 0 557 557 522 1079 6 1746 163 1909 720 2629 98 2727 256 4285 55584 59869 23593 83462 16538
8 0 47 47 2110 2818 19682 22500 35545 58045 6839 72996 13101 86097 8833 94930 5070
16 0 5423 5423 1 5424 1 24062 5712 29774 8528 38302 65 53360 10092 63452 2357 65809 4262 88551 620 89171 5616 94787 1853 98080 403 98483 225 98708 1276 99984 16
6 0 3334 3334 1 3335 1 49783 25599 75382 20946 96328 3672
6 0 21948 21948 13844 35792 10724 77056 18849 95905 2278 98183 1817
9 0 1308 1308 1 1309 1 21513 23901 45414 8945 54359 29540 96778 1759 98537 76 98613 1387
4 0 72 407 3564 3971 74 4045 95955
7 0 6014 6014 12881 18895 3401 35612 28815 64427 6427 70854 4823 75677 24323
11 0 10461 10461 1 10462 1 76599 1536 78135 43 78178 96 81227 687 81914 1 81915 1 98926 322 99248 752
12 0 2330 2330 3 2333 1 6646 48 6694 1701 8395 1804 10373 2800 13173 58685 71858 20818 99137 130 99267 524 99791 209
13 0 4877 4877 2454 7331 2046 9377 232 9833 4892 14725 4781 19506 62577 92173 407 92580 1 92581 1 98562 239 98801 960 99761 239
14 0 17041 17041 203 17244 2 45277 18535 63812 9244 73056 6286 79342 160 87089 1438 88527 1888 90415 738 91153 1158 92331 1561 93892 2400 96292 3708
6 0 13631 13631 3774 17405 8370 89943 5992 95935 1012 96947 3053
12 0 850 850 5 855 2 8428 197 8625 2 8627 1 16615 15231 31846 1719 33565 78 96366 2469 98835 696 99531 469
7 0 5230 5230 1041 6271 1123 19423 32665 52088 8451 60539 18723 79262 20738
3 0 83713 83713 11101 94814 5186
7 0 28596 28596 383 28979 462 44393 33473 77866 15761 93627 4356 97983 2017
9 0 19393 19393 3198 22591 279 27143 17817 44960 1 44961 1 95785 594 96379 1060 97439 2561
13 0 15 15 2 17 1 15343 27 15370 1 15371 1 22767 6193 28960 3847 32807 568 33845 42257 76102 3979 80081 13910 93991 6009
13 0 7 16 2752 2768 2117 4885 1765 6650 8700 15352 2714 18066 113 18179 10265 28444 1755 35860 11013 46873 19070 65943 14209 80152 19848
14 0 13475 13475 4629 18104 28486 48760 1225 49985 454 50439 7373 57812 5782 69337 1541 70878 16889 87767 5415 95976 710 96686 1420 98106 1132 99238 762
13 0 3567 3567 1383 4950 3277 8611 13252 21863 2336 24199 535 42030 6374 48404 7766 56170 26882 88744 1982 90726 476 91202 1807 93009 6991
3 0 3836 3836 63347 67183 32817
7 0 45989 45989 22092 68081 580 72500 3516 76016 9186 85202 10553 95755 4245
9 0 43037 43037 6558 49595 2645 82220 750 82970 1074 84044 10215 94775 2287 97062 525 97587 2413
12 0 11979 11979 596 12575 3870 21688 11534 33222 170 33392 2947 42237 292 42529 2988 45517 6032 52000 13695 65695 22979 88674 11326
9 0 1252 1252 887 2139 12850 15173 42963 58136 4638 62774 33010 96475 2492 98967 904 99871 129
9 0 929 929 2258 3187 9418 12704 39331 52035 2626 54661 30100 95123 1954 97077 1293 98370 1630
10 0 3384 3384 5302 8686 11530 20216 11674 36370 12592 48962 1 48963 1 78428 8121 86549 1412 87961 12039
12 0 2546 2546 606 3152 4701 11673 2513 14186 56 14242 160 21618 3113 24731 96 24827 361 26404 32492 58896 10456 69352 30648
16 0 658 658 5364 6022 8009 14174 3267 17441 1 17442 1 23411 397 23808 377 24185 179 24728 51340 76068 2961 79029 14982 94959 428 95387 2785 98172 864 99036 964
13 0 28722 28722 10230 38952 42 38994 1549 61814 550 62364 2 62366 1 69363 9959 79322 5082 84404 8933 93883 308 94191 1792 95983 4017
13 0 3837 3837 2953 6790 4560 15223 22712 37935 2799 40734 9225 58007 8415 66422 1063 67485 10706 80360 7424 87784 5608 93392 6046 99768 232
13 0 591 591 1 592 1 24094 5418 29512 3631 33143 3842 43068 21956 65024 3714 68738 1782 70520 3663 97418 991 98409 577 98986 1014
7 0 10776 10776 2 10778 1 35801 38232 74033 4541 78574 13434 92008 7992
6 0 6285 6285 1834 8119 1360 9576 4178 13754 27370 41124 58876
7 0 41658 41658 7599 49257 744 50001 11168 77738 18979 96717 1653 98370 1630
11 0 7860 7860 26154 34014 13100 56609 6158 62767 16371 79138 2391 81529 173 91733 2616 94349 2845 97194 73 99441 559
14 0 6466 6466 13753 20219 15961 47777 4691 52468 1976 54444 7360 61804 8773 83971 310 84281 4680 88961 4853 97258 49 97307 449 97756 923 98679 1321
15 0 9646 9646 212 9858 1761 15271 11580 26851 887 27738 3578 36038 13037 49075 6796 55871 1396 65410 583 65993 4703 70696 15902 97144 678 97822 345 98167 1833
9 0 1384 1384 13732 15116 2510 28850 21631 50481 32924 83405 1774 85573 4828 90401 3293 93694 6306
10 0 4950 4950 34641 39591 4854 44445 38437 82902 596 83498 672 84170 565 84862 524 85386 6567 91953 8047
9 0 3926 3926 16678 20604 991 69713 3862 73575 3777 77352 4618 82654 10062 92716 6647 99363 637
14 0 5138 5138 6915 12053 2606 16896 218 17114 3 17117 94 17899 156 18055 827 18882 1003 20631 675 21521 18375 39896 20925 60821 3165 63986 36014
12 0 1079 1079 622 1701 2030 4452 4850 9302 2 9304 1 38302 29018 67320 311 67631 3 92505 4827 97332 1476 98808 1192
18 0 851 851 479 1330 6 5995 2525 8520 82 8602 48 9150 16596 25746 4225 29971 9038 42121 6427 48548 2368 50916 2070 60392 199 60591 144 64656 2372 67028 13166 80194 429 80623 19377
7 0 55 55 90 145 34 1049 17690 18739 61240 79979 14656 98522 1478
10 0 40491 40491 17668 58159 10188 72477 338 72815 11615 84430 4553 92927 2230 95157 3520 98677 850 99801 199
9 0 15589 15589 1 15590 1 59759 7933 67692 1375 69067 4176 93055 4802 97857 1357 99214 786
10 0 2160 2160 1707 3867 2 14207 8807 23014 8813 31827 28634 65791 14368 80159 9522 89681 8912 98593 1407
12 0 3534 3534 1615 5149 19080 36533 5338 41871 2397 44268 12506 56774 13585 83148 5104 88252 1018 89270 7738 97371 1973 99344 656
14 0 9430 9430 3750 13180 1974 19041 23378 42419 8241 50660 16880 70149 7119 77268 3006 80274 6766 91265 555 91939 180 92119 2607 94726 453 95179 4821
7 0 22845 22845 1191 24036 15970 40006 8235 62454 22870 85324 5020 90344 9656
8 0 20683 20683 20743 41426 50578 97900 1152 99052 121 99173 611 99830 111 99941 59
8 0 24942 24942 7 24949 31 52553 30876 83429 1429 84858 2298 87156 11447 99591 409
12 0 11637 11637 9688 21325 12584 36309 3449 39758 10915 50673 7018 69128 4602 73730 1 73731 3 95690 811 96501 2640 99141 859
6 0 8018 8018 21593 29611 4347 38325 7816 46141 45607 91748 8252
