1000 2 999
68
235
0 1 91
1 2 23
2 3 15
3 4 31
4 5 41
5 6 92
6 7 12
7 8 63
8 9 99
9 10 30
10 11 18
11 12 99
12 13 57
13 14 28
14 15 80
15 16 39
16 17 12
17 18 37
18 19 37
19 20 5
20 21 23
21 22 16
22 23 84
23 24 27
24 25 26
25 26 70
26 27 90
27 28 84
28 29 37
29 30 10
30 31 38
31 32 29
32 33 46
33 34 27
34 35 71
35 36 98
36 37 18
37 38 61
38 39 19
39 40 76
40 41 68
41 42 73
42 43 50
43 44 66
44 45 11
45 46 66
46 47 11
47 48 52
48 49 86
49 50 7
50 51 60
51 52 32
52 53 8
53 54 16
54 55 54
55 56 99
56 57 17
57 58 72
58 59 66
59 60 86
60 61 99
61 62 50
62 63 16
63 64 35
64 65 44
65 66 59
66 67 66
67 68 68
68 69 74
69 70 27
70 71 9
71 72 92
72 73 93
73 74 9
74 75 74
75 76 88
76 77 42
77 78 13
78 79 51
79 80 49
80 81 79
81 82 10
82 83 8
83 84 27
84 85 87
85 86 50
86 87 65
87 88 32
88 89 90
89 90 33
90 91 27
91 92 91
92 93 16
93 94 87
94 95 48
95 96 86
96 97 13
97 98 85
98 99 33
99 100 58
100 101 15
101 102 66
102 103 77
103 104 23
104 105 11
105 106 49
106 107 71
107 108 51
108 109 35
109 110 97
110 111 76
111 112 18
112 113 51
113 114 5
114 115 10
115 116 58
116 117 83
117 118 84
118 119 40
119 120 46
120 121 99
121 122 38
122 123 27
123 124 15
124 125 29
125 126 96
126 127 74
127 128 85
128 129 80
129 130 66
130 131 35
131 132 14
132 133 89
133 134 46
134 135 49
135 136 27
136 137 81
137 138 64
138 139 58
139 140 14
140 141 21
141 142 90
142 143 37
143 144 56
144 145 24
145 146 39
146 147 30
147 148 91
148 149 46
149 150 69
150 151 39
151 152 75
152 153 18
153 154 39
154 155 87
155 156 47
156 157 99
157 158 45
158 159 39
159 160 24
160 161 25
161 162 46
162 163 37
163 164 66
164 165 60
165 166 30
166 167 10
167 168 79
168 169 17
169 170 5
170 171 92
171 172 19
172 173 10
173 174 63
174 175 99
175 176 77
176 177 32
177 178 22
178 179 35
179 180 33
180 181 30
181 182 18
182 183 97
183 184 97
184 185 93
185 186 90
186 187 52
187 188 49
188 189 40
189 190 40
190 191 34
191 192 81
192 193 73
193 194 83
194 195 70
195 196 28
196 197 70
197 198 26
198 199 42
199 200 20
200 201 54
201 202 30
202 203 18
203 204 84
204 205 49
205 206 37
206 207 41
207 208 77
208 209 62
209 210 21
210 211 93
211 212 69
212 213 88
213 214 33
214 215 33
215 216 52
216 217 68
217 218 55
218 219 12
219 220 36
220 221 70
221 222 88
222 223 91
223 224 97
224 225 64
225 226 26
226 227 40
227 228 61
228 229 36
229 230 79
230 231 27
231 232 53
232 233 75
233 234 72
234 235 18
235 236 49
236 237 68
237 238 85
238 239 14
239 240 75
240 241 37
241 242 94
242 243 26
243 244 96
244 245 47
245 246 68
246 247 88
247 248 37
248 249 93
249 250 59
250 251 96
251 252 97
252 253 80
253 254 12
254 255 94
255 256 89
256 257 15
257 258 29
258 259 96
259 260 65
260 261 9
261 262 15
262 263 88
263 264 42
264 265 32
265 266 9
266 267 78
267 268 72
268 269 47
269 270 100
270 271 54
271 272 43
272 273 74
273 274 100
274 275 5
275 276 57
276 277 27
277 278 13
278 279 19
279 280 90
280 281 58
281 282 6
282 283 77
283 284 52
284 285 57
285 286 73
286 287 100
287 288 97
288 289 94
289 290 59
290 291 40
291 292 64
292 293 42
293 294 97
294 295 47
295 296 15
296 297 56
297 298 40
298 299 8
299 300 36
300 301 67
301 302 65
302 303 11
303 304 17
304 305 75
305 306 72
306 307 83
307 308 5
308 309 35
309 310 48
310 311 93
311 312 58
312 313 79
313 314 38
314 315 36
315 316 62
316 317 17
317 318 28
318 319 58
319 320 71
320 321 31
321 322 22
322 323 36
323 324 80
324 325 38
325 326 13
326 327 22
327 328 76
328 329 94
329 330 100
330 331 23
331 332 10
332 333 42
333 334 59
334 335 43
335 336 71
336 337 66
337 338 89
338 339 24
339 340 43
340 341 42
341 342 35
342 343 67
343 344 39
344 345 82
345 346 85
346 347 28
347 348 68
348 349 50
349 350 100
350 351 15
351 352 80
352 353 33
353 354 80
354 355 30
355 356 32
356 357 24
357 358 10
358 359 10
359 360 45
360 361 62
361 362 8
362 363 61
363 364 25
364 365 69
365 366 13
366 367 8
367 368 14
368 369 12
369 370 51
370 371 92
371 372 76
372 373 45
373 374 95
374 375 11
375 376 31
376 377 77
377 378 89
378 379 9
379 380 32
380 381 31
381 382 60
382 383 52
383 384 57
384 385 70
385 386 78
386 387 47
387 388 55
388 389 97
389 390 87
390 391 52
391 392 49
392 393 87
393 394 63
394 395 89
395 396 34
396 397 58
397 398 32
398 399 8
399 400 61
400 401 93
401 402 63
402 403 54
403 404 8
404 405 72
405 406 35
406 407 23
407 408 20
408 409 49
409 410 44
410 411 95
411 412 20
412 413 64
413 414 85
414 415 77
415 416 61
416 417 56
417 418 96
418 419 67
419 420 36
420 421 62
421 422 19
422 423 80
423 424 38
424 425 90
425 426 20
426 427 57
427 428 83
428 429 30
429 430 11
430 431 43
431 432 80
432 433 55
433 434 70
434 435 9
435 436 62
436 437 96
437 438 16
438 439 99
439 440 61
440 441 25
441 442 91
442 443 68
443 444 6
444 445 24
445 446 36
446 447 22
447 448 40
448 449 52
449 450 100
450 451 9
451 452 51
452 453 52
453 454 48
454 455 6
455 456 8
456 457 73
457 458 24
458 459 87
459 460 77
460 461 91
461 462 60
462 463 84
463 464 68
464 465 32
465 466 20
466 467 34
467 468 52
468 469 23
469 470 74
470 471 46
471 472 69
472 473 75
473 474 98
474 475 20
475 476 55
476 477 36
477 478 5
478 479 16
479 480 56
480 481 35
481 482 6
482 483 96
483 484 78
484 485 97
485 486 58
486 487 80
487 488 72
488 489 79
489 490 63
490 491 93
491 492 68
492 493 30
493 494 40
494 495 28
495 496 70
496 497 70
497 498 35
498 499 99
499 500 24
500 501 18
501 502 41
502 503 22
503 504 40
504 505 43
505 506 23
506 507 99
507 508 41
508 509 21
509 510 89
510 511 80
511 512 23
512 513 75
513 514 84
514 515 90
515 516 47
516 517 20
517 518 83
518 519 54
519 520 56
520 521 57
521 522 46
522 523 63
523 524 22
524 525 8
525 526 82
526 527 47
527 528 70
528 529 77
529 530 61
530 531 33
531 532 82
532 533 15
533 534 18
534 535 35
535 536 98
536 537 12
537 538 17
538 539 94
539 540 65
540 541 18
541 542 68
542 543 39
543 544 58
544 545 21
545 546 54
546 547 34
547 548 59
548 549 56
549 550 70
550 551 13
551 552 54
552 553 87
553 554 69
554 555 36
555 556 98
556 557 80
557 558 14
558 559 21
559 560 52
560 561 64
561 562 22
562 563 95
563 564 7
564 565 52
565 566 40
566 567 27
567 568 8
568 569 83
569 570 68
570 571 87
571 572 83
572 573 20
573 574 73
574 575 69
575 576 19
576 577 34
577 578 93
578 579 77
579 580 31
580 581 15
581 582 82
582 583 37
583 584 16
584 585 13
585 586 90
586 587 24
587 588 82
588 589 84
589 590 74
590 591 15
591 592 27
592 593 68
593 594 78
594 595 96
595 596 28
596 597 68
597 598 48
598 599 41
599 600 36
600 601 7
601 602 10
602 603 58
603 604 18
604 605 45
605 606 8
606 607 53
607 608 13
608 609 34
609 610 9
610 611 33
611 612 61
612 613 40
613 614 21
614 615 54
615 616 16
616 617 33
617 618 87
618 619 6
619 620 21
620 621 83
621 622 18
622 623 61
623 624 92
624 625 81
625 626 56
626 627 14
627 628 33
628 629 76
629 630 77
630 631 18
631 632 11
632 633 91
633 634 79
634 635 10
635 636 88
636 637 100
637 638 24
638 639 19
639 640 97
640 641 90
641 642 47
642 643 74
643 644 99
644 645 36
645 646 66
646 647 79
647 648 48
648 649 27
649 650 14
650 651 6
651 652 37
652 653 67
653 654 76
654 655 54
655 656 15
656 657 87
657 658 88
658 659 77
659 660 28
660 661 26
661 662 47
662 663 90
663 664 56
664 665 99
665 666 88
666 667 76
667 668 59
668 669 18
669 670 49
670 671 46
671 672 32
672 673 15
673 674 12
674 675 72
675 676 18
676 677 30
677 678 86
678 679 7
679 680 87
680 681 40
681 682 15
682 683 23
683 684 65
684 685 26
685 686 92
686 687 22
687 688 73
688 689 11
689 690 75
690 691 69
691 692 44
692 693 75
693 694 22
694 695 50
695 696 11
696 697 71
697 698 28
698 699 26
699 700 30
700 701 46
701 702 34
702 703 19
703 704 39
704 705 7
705 706 34
706 707 25
707 708 96
708 709 83
709 710 59
710 711 61
711 712 35
712 713 94
713 714 57
714 715 52
715 716 85
716 717 34
717 718 27
718 719 94
719 720 97
720 721 56
721 722 85
722 723 35
723 724 34
724 725 41
725 726 83
726 727 92
727 728 25
728 729 42
729 730 98
730 731 47
731 732 41
732 733 74
733 734 44
734 735 9
735 736 28
736 737 73
737 738 90
738 739 91
739 740 48
740 741 88
741 742 56
742 743 5
743 744 48
744 745 86
745 746 51
746 747 31
747 748 30
748 749 52
749 750 23
750 751 87
751 752 21
752 753 81
753 754 50
754 755 36
755 756 15
756 757 42
757 758 43
758 759 67
759 760 57
760 761 80
761 762 7
762 763 38
763 764 28
764 765 69
765 766 21
766 767 41
767 768 40
768 769 5
769 770 26
770 771 44
771 772 10
772 773 71
773 774 89
774 775 88
775 776 84
776 777 7
777 778 54
778 779 42
779 780 36
780 781 62
781 782 24
782 783 50
783 784 83
784 785 66
785 786 6
786 787 38
787 788 97
788 789 55
789 790 85
790 791 25
791 792 54
792 793 22
793 794 21
794 795 63
795 796 67
796 797 7
797 798 98
798 799 99
799 800 26
800 801 65
801 802 98
802 803 48
803 804 78
804 805 29
805 806 14
806 807 93
807 808 81
808 809 32
809 810 32
810 811 31
811 812 86
812 813 37
813 814 82
814 815 78
815 816 51
816 817 32
817 818 32
818 819 13
819 820 71
820 821 88
821 822 54
822 823 74
823 824 79
824 825 10
825 826 18
826 827 46
827 828 12
828 829 30
829 830 90
830 831 54
831 832 10
832 833 21
833 834 82
834 835 17
835 836 77
836 837 40
837 838 31
838 839 93
839 840 15
840 841 27
841 842 49
842 843 53
843 844 20
844 845 22
845 846 10
846 847 73
847 848 24
848 849 31
849 850 34
850 851 90
851 852 79
852 853 96
853 854 11
854 855 48
855 856 44
856 857 82
857 858 56
858 859 99
859 860 47
860 861 40
861 862 77
862 863 9
863 864 6
864 865 42
865 866 97
866 867 26
867 868 22
868 869 16
869 870 43
870 871 89
871 872 65
872 873 51
873 874 31
874 875 6
875 876 5
876 877 5
877 878 50
878 879 7
879 880 50
880 881 26
881 882 51
882 883 48
883 884 5
884 885 44
885 886 76
886 887 13
887 888 45
888 889 76
889 890 11
890 891 57
891 892 42
892 893 46
893 894 37
894 895 64
895 896 53
896 897 89
897 898 92
898 899 75
899 900 5
900 901 47
901 902 34
902 903 62
903 904 30
904 905 30
905 906 86
906 907 37
907 908 95
908 909 82
909 910 58
910 911 80
911 912 69
912 913 94
913 914 7
914 915 75
915 916 89
916 917 27
917 918 65
918 919 98
919 920 37
920 921 73
921 922 26
922 923 39
923 924 21
924 925 55
925 926 19
926 927 18
927 928 48
928 929 91
929 930 10
930 931 53
931 932 77
932 933 68
933 934 44
934 935 45
935 936 90
936 937 39
937 938 44
938 939 25
939 940 29
940 941 7
941 942 39
942 943 90
943 944 25
944 945 82
945 946 44
946 947 25
947 948 33
948 949 41
949 950 49
950 951 15
951 952 83
952 953 96
953 954 32
954 955 42
955 956 51
956 957 83
957 958 59
958 959 67
959 960 98
960 961 36
961 962 63
962 963 43
963 964 70
964 965 14
965 966 75
966 967 45
967 968 44
968 969 80
969 970 88
970 971 45
971 972 8
972 973 75
973 974 6
974 975 90
975 976 26
976 977 85
977 978 12
978 979 32
979 980 83
980 981 75
981 982 92
982 983 44
983 984 59
984 985 74
985 986 21
986 987 22
987 988 53
988 989 21
989 990 12
990 991 48
991 992 94
992 993 38
993 994 6
994 995 58
995 996 76
996 997 82
997 998 30
998 999 96
