2000 20 1999
513
146
213
1536
1221
127
34
835
161
505
1137
1405
1365
3
38
24
1019
1729
486
919
0 1 60
1 2 32
2 3 98
3 4 60
4 5 25
5 6 6
6 7 38
7 8 22
8 9 38
9 10 76
10 11 36
11 12 29
12 13 83
13 14 76
14 15 33
15 16 53
16 17 43
17 18 61
18 19 60
19 20 91
20 21 66
21 22 37
22 23 7
23 24 5
24 25 99
25 26 73
26 27 23
27 28 8
28 29 8
29 30 5
30 31 38
31 32 69
32 33 5
33 34 22
34 35 72
35 36 75
36 37 17
37 38 28
38 39 92
39 40 14
40 41 35
41 42 62
42 43 92
43 44 68
44 45 27
45 46 90
46 47 43
47 48 98
48 49 30
49 50 66
50 51 100
51 52 51
52 53 86
53 54 63
54 55 16
55 56 28
56 57 51
57 58 85
58 59 46
59 60 79
60 61 100
61 62 66
62 63 71
63 64 82
64 65 16
65 66 77
66 67 78
67 68 60
68 69 66
69 70 30
70 71 18
71 72 43
72 73 83
73 74 52
74 75 25
75 76 50
76 77 56
77 78 81
78 79 68
79 80 81
80 81 77
81 82 85
82 83 32
83 84 42
84 85 53
85 86 24
86 87 79
87 88 16
88 89 92
89 90 86
90 91 66
91 92 94
92 93 10
93 94 49
94 95 9
95 96 11
96 97 68
97 98 10
98 99 64
99 100 83
100 101 60
101 102 41
102 103 78
103 104 74
104 105 64
105 106 39
106 107 91
107 108 40
108 109 75
109 110 74
110 111 99
111 112 39
112 113 43
113 114 76
114 115 33
115 116 15
116 117 85
117 118 17
118 119 14
119 120 10
120 121 11
121 122 42
122 123 64
123 124 82
124 125 85
125 126 69
126 127 15
127 128 34
128 129 95
129 130 90
130 131 69
131 132 90
132 133 40
133 134 57
134 135 95
135 136 46
136 137 47
137 138 19
138 139 55
139 140 44
140 141 25
141 142 37
142 143 91
143 144 55
144 145 46
145 146 35
146 147 72
147 148 74
148 149 55
149 150 69
150 151 19
151 152 65
152 153 10
153 154 30
154 155 18
155 156 60
156 157 90
157 158 8
158 159 57
159 160 16
160 161 39
161 162 49
162 163 98
163 164 76
164 165 57
165 166 83
166 167 85
167 168 59
168 169 16
169 170 98
170 171 98
171 172 92
172 173 90
173 174 68
174 175 66
175 176 69
176 177 47
177 178 78
178 179 77
179 180 82
180 181 84
181 182 43
182 183 44
183 184 41
184 185 33
185 186 76
186 187 93
187 188 11
188 189 60
189 190 98
190 191 56
191 192 56
192 193 83
193 194 56
194 195 84
195 196 10
196 197 47
197 198 49
198 199 34
199 200 36
200 201 17
201 202 23
202 203 78
203 204 40
204 205 57
205 206 17
206 207 71
207 208 77
208 209 60
209 210 40
210 211 19
211 212 68
212 213 43
213 214 20
214 215 99
215 216 51
216 217 12
217 218 89
218 219 40
219 220 42
220 221 56
221 222 20
222 223 19
223 224 77
224 225 56
225 226 85
226 227 50
227 228 34
228 229 77
229 230 31
230 231 24
231 232 38
232 233 77
233 234 70
234 235 74
235 236 59
236 237 12
237 238 80
238 239 22
239 240 10
240 241 33
241 242 89
242 243 75
243 244 70
244 245 72
245 246 6
246 247 70
247 248 23
248 249 68
249 250 60
250 251 25
251 252 64
252 253 9
253 254 8
254 255 5
255 256 35
256 257 21
257 258 49
258 259 65
259 260 56
260 261 45
261 262 99
262 263 91
263 264 78
264 265 81
265 266 11
266 267 18
267 268 88
268 269 23
269 270 24
270 271 54
271 272 97
272 273 31
273 274 80
274 275 90
275 276 73
276 277 45
277 278 51
278 279 81
279 280 46
280 281 18
281 282 18
282 283 7
283 284 97
284 285 35
285 286 17
286 287 95
287 288 6
288 289 26
289 290 71
290 291 93
291 292 65
292 293 44
293 294 33
294 295 22
295 296 76
296 297 12
297 298 78
298 299 12
299 300 86
300 301 9
301 302 78
302 303 48
303 304 94
304 305 71
305 306 7
306 307 92
307 308 43
308 309 85
309 310 14
310 311 50
311 312 84
312 313 21
313 314 96
314 315 87
315 316 52
316 317 43
317 318 74
318 319 84
319 320 97
320 321 63
321 322 47
322 323 81
323 324 89
324 325 56
325 326 96
326 327 86
327 328 45
328 329 38
329 330 81
330 331 24
331 332 15
332 333 52
333 334 97
334 335 7
335 336 23
336 337 79
337 338 44
338 339 65
339 340 80
340 341 14
341 342 70
342 343 79
343 344 8
344 345 66
345 346 65
346 347 21
347 348 33
348 349 46
349 350 60
350 351 70
351 352 46
352 353 59
353 354 26
354 355 54
355 356 90
356 357 84
357 358 27
358 359 76
359 360 88
360 361 71
361 362 100
362 363 88
363 364 28
364 365 48
365 366 50
366 367 49
367 368 82
368 369 54
369 370 7
370 371 24
371 372 85
372 373 58
373 374 79
374 375 60
375 376 22
376 377 37
377 378 78
378 379 13
379 380 22
380 381 95
381 382 95
382 383 61
383 384 99
384 385 83
385 386 64
386 387 67
387 388 20
388 389 15
389 390 12
390 391 41
391 392 14
392 393 21
393 394 7
394 395 80
395 396 14
396 397 73
397 398 33
398 399 74
399 400 89
400 401 82
401 402 66
402 403 32
403 404 25
404 405 11
405 406 74
406 407 14
407 408 63
408 409 37
409 410 95
410 411 34
411 412 10
412 413 73
413 414 32
414 415 91
415 416 44
416 417 58
417 418 11
418 419 80
419 420 16
420 421 38
421 422 56
422 423 15
423 424 40
424 425 78
425 426 65
426 427 76
427 428 76
428 429 52
429 430 49
430 431 100
431 432 66
432 433 46
433 434 23
434 435 40
435 436 88
436 437 11
437 438 50
438 439 100
439 440 61
440 441 13
441 442 70
442 443 61
443 444 39
444 445 61
445 446 88
446 447 41
447 448 37
448 449 57
449 450 65
450 451 11
451 452 85
452 453 37
453 454 39
454 455 84
455 456 27
456 457 29
457 458 76
458 459 15
459 460 63
460 461 52
461 462 86
462 463 12
463 464 98
464 465 12
465 466 78
466 467 45
467 468 59
468 469 29
469 470 37
470 471 65
471 472 9
472 473 22
473 474 68
474 475 69
475 476 56
476 477 86
477 478 69
478 479 45
479 480 43
480 481 60
481 482 61
482 483 48
483 484 12
484 485 42
485 486 95
486 487 14
487 488 71
488 489 57
489 490 63
490 491 31
491 492 21
492 493 27
493 494 86
494 495 39
495 496 6
496 497 49
497 498 22
498 499 98
499 500 48
500 501 29
501 502 17
502 503 53
503 504 7
504 505 12
505 506 39
506 507 12
507 508 45
508 509 26
509 510 38
510 511 8
511 512 20
512 513 85
513 514 67
514 515 37
515 516 53
516 517 75
517 518 97
518 519 19
519 520 5
520 521 46
521 522 50
522 523 67
523 524 16
524 525 22
525 526 64
526 527 64
527 528 59
528 529 60
529 530 7
530 531 80
531 532 25
532 533 66
533 534 12
534 535 90
535 536 58
536 537 87
537 538 25
538 539 86
539 540 42
540 541 70
541 542 26
542 543 18
543 544 13
544 545 57
545 546 17
546 547 90
547 548 66
548 549 19
549 550 60
550 551 56
551 552 81
552 553 6
553 554 35
554 555 18
555 556 80
556 557 27
557 558 38
558 559 11
559 560 26
560 561 74
561 562 70
562 563 93
563 564 83
564 565 36
565 566 95
566 567 13
567 568 26
568 569 7
569 570 12
570 571 43
571 572 34
572 573 48
573 574 35
574 575 92
575 576 14
576 577 44
577 578 11
578 579 61
579 580 46
580 581 94
581 582 84
582 583 30
583 584 66
584 585 26
585 586 81
586 587 19
587 588 24
588 589 54
589 590 35
590 591 77
591 592 54
592 593 24
593 594 87
594 595 90
595 596 32
596 597 66
597 598 41
598 599 86
599 600 91
600 601 42
601 602 39
602 603 85
603 604 37
604 605 80
605 606 45
606 607 53
607 608 17
608 609 41
609 610 70
610 611 33
611 612 24
612 613 73
613 614 40
614 615 17
615 616 99
616 617 58
617 618 40
618 619 25
619 620 53
620 621 8
621 622 86
622 623 36
623 624 45
624 625 17
625 626 42
626 627 55
627 628 66
628 629 13
629 630 27
630 631 96
631 632 62
632 633 76
633 634 97
634 635 43
635 636 61
636 637 47
637 638 25
638 639 23
639 640 78
640 641 44
641 642 84
642 643 88
643 644 87
644 645 75
645 646 13
646 647 100
647 648 31
648 649 44
649 650 82
650 651 7
651 652 68
652 653 62
653 654 80
654 655 11
655 656 25
656 657 30
657 658 51
658 659 74
659 660 48
660 661 27
661 662 63
662 663 62
663 664 53
664 665 49
665 666 20
666 667 93
667 668 95
668 669 29
669 670 25
670 671 19
671 672 25
672 673 35
673 674 92
674 675 18
675 676 76
676 677 56
677 678 91
678 679 100
679 680 79
680 681 69
681 682 41
682 683 59
683 684 49
684 685 51
685 686 17
686 687 7
687 688 29
688 689 72
689 690 92
690 691 80
691 692 44
692 693 77
693 694 51
694 695 18
695 696 32
696 697 85
697 698 27
698 699 90
699 700 14
700 701 10
701 702 77
702 703 95
703 704 54
704 705 77
705 706 79
706 707 69
707 708 79
708 709 58
709 710 66
710 711 5
711 712 48
712 713 40
713 714 15
714 715 17
715 716 27
716 717 54
717 718 97
718 719 18
719 720 50
720 721 38
721 722 70
722 723 82
723 724 27
724 725 55
725 726 28
726 727 8
727 728 55
728 729 18
729 730 62
730 731 11
731 732 67
732 733 5
733 734 42
734 735 11
735 736 62
736 737 25
737 738 88
738 739 58
739 740 100
740 741 24
741 742 84
742 743 44
743 744 18
744 745 92
745 746 89
746 747 73
747 748 42
748 749 26
749 750 37
750 751 60
751 752 34
752 753 14
753 754 25
754 755 59
755 756 18
756 757 27
757 758 87
758 759 28
759 760 5
760 761 42
761 762 72
762 763 5
763 764 6
764 765 48
765 766 77
766 767 82
767 768 92
768 769 5
769 770 53
770 771 68
771 772 75
772 773 40
773 774 42
774 775 78
775 776 86
776 777 69
777 778 50
778 779 42
779 780 50
780 781 42
781 782 67
782 783 13
783 784 11
784 785 6
785 786 9
786 787 12
787 788 8
788 789 96
789 790 30
790 791 80
791 792 90
792 793 84
793 794 64
794 795 99
795 796 10
796 797 25
797 798 7
798 799 37
799 800 98
800 801 97
801 802 18
802 803 61
803 804 32
804 805 53
805 806 83
806 807 66
807 808 92
808 809 74
809 810 5
810 811 88
811 812 61
812 813 61
813 814 9
814 815 25
815 816 69
816 817 79
817 818 10
818 819 96
819 820 24
820 821 51
821 822 88
822 823 100
823 824 81
824 825 93
825 826 79
826 827 83
827 828 53
828 829 67
829 830 37
830 831 70
831 832 98
832 833 28
833 834 69
834 835 66
835 836 48
836 837 16
837 838 47
838 839 75
839 840 39
840 841 29
841 842 75
842 843 53
843 844 72
844 845 9
845 846 81
846 847 36
847 848 36
848 849 47
849 850 47
850 851 42
851 852 87
852 853 9
853 854 26
854 855 6
855 856 24
856 857 34
857 858 64
858 859 29
859 860 46
860 861 42
861 862 7
862 863 15
863 864 79
864 865 67
865 866 53
866 867 85
867 868 51
868 869 59
869 870 29
870 871 45
871 872 71
872 873 65
873 874 91
874 875 71
875 876 56
876 877 70
877 878 22
878 879 45
879 880 88
880 881 8
881 882 96
882 883 21
883 884 27
884 885 52
885 886 55
886 887 59
887 888 51
888 889 97
889 890 92
890 891 22
891 892 33
892 893 60
893 894 94
894 895 8
895 896 79
896 897 47
897 898 30
898 899 79
899 900 89
900 901 64
901 902 58
902 903 26
903 904 49
904 905 83
905 906 53
906 907 6
907 908 17
908 909 92
909 910 48
910 911 69
911 912 99
912 913 40
913 914 65
914 915 44
915 916 99
916 917 53
917 918 97
918 919 71
919 920 72
920 921 54
921 922 27
922 923 61
923 924 6
924 925 68
925 926 97
926 927 15
927 928 43
928 929 5
929 930 70
930 931 36
931 932 39
932 933 87
933 934 13
934 935 29
935 936 85
936 937 88
937 938 9
938 939 25
939 940 75
940 941 9
941 942 53
942 943 57
943 944 30
944 945 86
945 946 76
946 947 95
947 948 5
948 949 33
949 950 8
950 951 28
951 952 84
952 953 34
953 954 64
954 955 99
955 956 87
956 957 91
957 958 19
958 959 44
959 960 45
960 961 99
961 962 60
962 963 46
963 964 62
964 965 11
965 966 71
966 967 16
967 968 42
968 969 40
969 970 74
970 971 53
971 972 59
972 973 77
973 974 19
974 975 77
975 976 60
976 977 44
977 978 55
978 979 47
979 980 60
980 981 79
981 982 99
982 983 68
983 984 96
984 985 26
985 986 75
986 987 9
987 988 22
988 989 24
989 990 12
990 991 36
991 992 34
992 993 14
993 994 79
994 995 35
995 996 75
996 997 96
997 998 19
998 999 76
999 1000 62
1000 1001 75
1001 1002 25
1002 1003 88
1003 1004 7
1004 1005 49
1005 1006 72
1006 1007 30
1007 1008 85
1008 1009 52
1009 1010 59
1010 1011 14
1011 1012 89
1012 1013 10
1013 1014 28
1014 1015 90
1015 1016 8
1016 1017 31
1017 1018 87
1018 1019 64
1019 1020 84
1020 1021 80
1021 1022 27
1022 1023 24
1023 1024 93
1024 1025 25
1025 1026 13
1026 1027 77
1027 1028 10
1028 1029 81
1029 1030 17
1030 1031 89
1031 1032 53
1032 1033 59
1033 1034 51
1034 1035 31
1035 1036 50
1036 1037 72
1037 1038 52
1038 1039 40
1039 1040 8
1040 1041 78
1041 1042 82
1042 1043 52
1043 1044 37
1044 1045 35
1045 1046 16
1046 1047 51
1047 1048 32
1048 1049 81
1049 1050 49
1050 1051 22
1051 1052 24
1052 1053 7
1053 1054 21
1054 1055 71
1055 1056 54
1056 1057 37
1057 1058 64
1058 1059 86
1059 1060 61
1060 1061 71
1061 1062 81
1062 1063 54
1063 1064 36
1064 1065 13
1065 1066 50
1066 1067 78
1067 1068 78
1068 1069 65
1069 1070 16
1070 1071 74
1071 1072 98
1072 1073 30
1073 1074 77
1074 1075 27
1075 1076 73
1076 1077 92
1077 1078 5
1078 1079 80
1079 1080 32
1080 1081 100
1081 1082 48
1082 1083 82
1083 1084 62
1084 1085 31
1085 1086 32
1086 1087 98
1087 1088 67
1088 1089 96
1089 1090 100
1090 1091 47
1091 1092 97
1092 1093 79
1093 1094 25
1094 1095 85
1095 1096 19
1096 1097 93
1097 1098 6
1098 1099 20
1099 1100 23
1100 1101 34
1101 1102 26
1102 1103 43
1103 1104 54
1104 1105 18
1105 1106 92
1106 1107 7
1107 1108 98
1108 1109 51
1109 1110 13
1110 1111 51
1111 1112 72
1112 1113 76
1113 1114 97
1114 1115 16
1115 1116 59
1116 1117 36
1117 1118 70
1118 1119 18
1119 1120 74
1120 1121 57
1121 1122 95
1122 1123 39
1123 1124 7
1124 1125 68
1125 1126 46
1126 1127 72
1127 1128 13
1128 1129 69
1129 1130 94
1130 1131 98
1131 1132 26
1132 1133 98
1133 1134 56
1134 1135 97
1135 1136 53
1136 1137 39
1137 1138 77
1138 1139 100
1139 1140 23
1140 1141 60
1141 1142 53
1142 1143 70
1143 1144 55
1144 1145 68
1145 1146 25
1146 1147 74
1147 1148 39
1148 1149 15
1149 1150 96
1150 1151 77
1151 1152 34
1152 1153 14
1153 1154 35
1154 1155 95
1155 1156 12
1156 1157 67
1157 1158 83
1158 1159 21
1159 1160 20
1160 1161 67
1161 1162 30
1162 1163 31
1163 1164 67
1164 1165 21
1165 1166 99
1166 1167 93
1167 1168 59
1168 1169 7
1169 1170 89
1170 1171 7
1171 1172 10
1172 1173 44
1173 1174 60
1174 1175 84
1175 1176 30
1176 1177 57
1177 1178 47
1178 1179 38
1179 1180 65
1180 1181 57
1181 1182 23
1182 1183 12
1183 1184 45
1184 1185 21
1185 1186 5
1186 1187 56
1187 1188 84
1188 1189 62
1189 1190 19
1190 1191 30
1191 1192 5
1192 1193 90
1193 1194 49
1194 1195 79
1195 1196 93
1196 1197 16
1197 1198 43
1198 1199 29
1199 1200 45
1200 1201 92
1201 1202 81
1202 1203 54
1203 1204 50
1204 1205 40
1205 1206 41
1206 1207 88
1207 1208 37
1208 1209 21
1209 1210 86
1210 1211 63
1211 1212 55
1212 1213 45
1213 1214 60
1214 1215 88
1215 1216 22
1216 1217 88
1217 1218 75
1218 1219 6
1219 1220 76
1220 1221 93
1221 1222 19
1222 1223 74
1223 1224 83
1224 1225 6
1225 1226 21
1226 1227 29
1227 1228 11
1228 1229 23
1229 1230 64
1230 1231 56
1231 1232 36
1232 1233 81
1233 1234 33
1234 1235 65
1235 1236 28
1236 1237 84
1237 1238 88
1238 1239 58
1239 1240 47
1240 1241 34
1241 1242 23
1242 1243 83
1243 1244 94
1244 1245 24
1245 1246 55
1246 1247 87
1247 1248 74
1248 1249 98
1249 1250 78
1250 1251 20
1251 1252 49
1252 1253 59
1253 1254 46
1254 1255 17
1255 1256 98
1256 1257 72
1257 1258 88
1258 1259 15
1259 1260 56
1260 1261 55
1261 1262 43
1262 1263 98
1263 1264 96
1264 1265 88
1265 1266 83
1266 1267 7
1267 1268 55
1268 1269 46
1269 1270 72
1270 1271 82
1271 1272 28
1272 1273 50
1273 1274 89
1274 1275 20
1275 1276 81
1276 1277 42
1277 1278 15
1278 1279 26
1279 1280 80
1280 1281 67
1281 1282 19
1282 1283 33
1283 1284 66
1284 1285 68
1285 1286 58
1286 1287 86
1287 1288 21
1288 1289 17
1289 1290 31
1290 1291 77
1291 1292 66
1292 1293 7
1293 1294 18
1294 1295 41
1295 1296 78
1296 1297 35
1297 1298 44
1298 1299 5
1299 1300 56
1300 1301 43
1301 1302 68
1302 1303 64
1303 1304 29
1304 1305 52
1305 1306 13
1306 1307 7
1307 1308 24
1308 1309 50
1309 1310 83
1310 1311 53
1311 1312 29
1312 1313 81
1313 1314 5
1314 1315 17
1315 1316 62
1316 1317 56
1317 1318 81
1318 1319 12
1319 1320 77
1320 1321 91
1321 1322 49
1322 1323 81
1323 1324 78
1324 1325 43
1325 1326 69
1326 1327 23
1327 1328 56
1328 1329 64
1329 1330 94
1330 1331 6
1331 1332 94
1332 1333 62
1333 1334 61
1334 1335 83
1335 1336 52
1336 1337 47
1337 1338 86
1338 1339 98
1339 1340 51
1340 1341 60
1341 1342 65
1342 1343 40
1343 1344 22
1344 1345 48
1345 1346 37
1346 1347 93
1347 1348 97
1348 1349 19
1349 1350 43
1350 1351 66
1351 1352 20
1352 1353 22
1353 1354 67
1354 1355 71
1355 1356 79
1356 1357 39
1357 1358 23
1358 1359 30
1359 1360 20
1360 1361 33
1361 1362 90
1362 1363 70
1363 1364 63
1364 1365 93
1365 1366 8
1366 1367 52
1367 1368 52
1368 1369 6
1369 1370 86
1370 1371 49
1371 1372 91
1372 1373 36
1373 1374 28
1374 1375 35
1375 1376 9
1376 1377 76
1377 1378 22
1378 1379 13
1379 1380 81
1380 1381 68
1381 1382 55
1382 1383 77
1383 1384 59
1384 1385 18
1385 1386 15
1386 1387 10
1387 1388 80
1388 1389 76
1389 1390 86
1390 1391 54
1391 1392 87
1392 1393 5
1393 1394 89
1394 1395 74
1395 1396 65
1396 1397 8
1397 1398 33
1398 1399 29
1399 1400 70
1400 1401 77
1401 1402 40
1402 1403 15
1403 1404 100
1404 1405 58
1405 1406 51
1406 1407 75
1407 1408 47
1408 1409 47
1409 1410 75
1410 1411 28
1411 1412 94
1412 1413 34
1413 1414 84
1414 1415 77
1415 1416 60
1416 1417 27
1417 1418 86
1418 1419 52
1419 1420 79
1420 1421 61
1421 1422 22
1422 1423 51
1423 1424 67
1424 1425 11
1425 1426 72
1426 1427 50
1427 1428 92
1428 1429 25
1429 1430 93
1430 1431 14
1431 1432 74
1432 1433 64
1433 1434 8
1434 1435 88
1435 1436 77
1436 1437 59
1437 1438 74
1438 1439 54
1439 1440 73
1440 1441 40
1441 1442 17
1442 1443 36
1443 1444 19
1444 1445 35
1445 1446 16
1446 1447 35
1447 1448 81
1448 1449 79
1449 1450 50
1450 1451 89
1451 1452 5
1452 1453 69
1453 1454 96
1454 1455 34
1455 1456 64
1456 1457 57
1457 1458 47
1458 1459 23
1459 1460 50
1460 1461 25
1461 1462 44
1462 1463 72
1463 1464 83
1464 1465 9
1465 1466 62
1466 1467 94
1467 1468 65
1468 1469 67
1469 1470 66
1470 1471 44
1471 1472 100
1472 1473 90
1473 1474 34
1474 1475 91
1475 1476 99
1476 1477 13
1477 1478 40
1478 1479 43
1479 1480 32
1480 1481 25
1481 1482 29
1482 1483 27
1483 1484 63
1484 1485 76
1485 1486 94
1486 1487 87
1487 1488 45
1488 1489 49
1489 1490 24
1490 1491 36
1491 1492 35
1492 1493 43
1493 1494 39
1494 1495 16
1495 1496 90
1496 1497 97
1497 1498 43
1498 1499 56
1499 1500 77
1500 1501 90
1501 1502 66
1502 1503 74
1503 1504 61
1504 1505 34
1505 1506 29
1506 1507 99
1507 1508 40
1508 1509 16
1509 1510 69
1510 1511 66
1511 1512 7
1512 1513 51
1513 1514 41
1514 1515 32
1515 1516 90
1516 1517 59
1517 1518 62
1518 1519 36
1519 1520 41
1520 1521 5
1521 1522 95
1522 1523 48
1523 1524 26
1524 1525 8
1525 1526 25
1526 1527 66
1527 1528 70
1528 1529 46
1529 1530 55
1530 1531 72
1531 1532 74
1532 1533 22
1533 1534 100
1534 1535 20
1535 1536 91
1536 1537 91
1537 1538 14
1538 1539 98
1539 1540 98
1540 1541 36
1541 1542 28
1542 1543 83
1543 1544 18
1544 1545 40
1545 1546 99
1546 1547 81
1547 1548 24
1548 1549 99
1549 1550 25
1550 1551 77
1551 1552 43
1552 1553 17
1553 1554 79
1554 1555 69
1555 1556 16
1556 1557 21
1557 1558 8
1558 1559 42
1559 1560 10
1560 1561 50
1561 1562 33
1562 1563 78
1563 1564 98
1564 1565 45
1565 1566 91
1566 1567 93
1567 1568 28
1568 1569 51
1569 1570 73
1570 1571 88
1571 1572 9
1572 1573 18
1573 1574 11
1574 1575 43
1575 1576 36
1576 1577 67
1577 1578 26
1578 1579 51
1579 1580 94
1580 1581 5
1581 1582 52
1582 1583 58
1583 1584 99
1584 1585 17
1585 1586 63
1586 1587 71
1587 1588 94
1588 1589 67
1589 1590 70
1590 1591 72
1591 1592 38
1592 1593 22
1593 1594 14
1594 1595 93
1595 1596 89
1596 1597 16
1597 1598 66
1598 1599 13
1599 1600 56
1600 1601 41
1601 1602 92
1602 1603 89
1603 1604 85
1604 1605 72
1605 1606 96
1606 1607 53
1607 1608 74
1608 1609 94
1609 1610 58
1610 1611 74
1611 1612 39
1612 1613 35
1613 1614 36
1614 1615 64
1615 1616 78
1616 1617 21
1617 1618 35
1618 1619 81
1619 1620 28
1620 1621 88
1621 1622 67
1622 1623 24
1623 1624 87
1624 1625 20
1625 1626 7
1626 1627 64
1627 1628 54
1628 1629 88
1629 1630 54
1630 1631 30
1631 1632 23
1632 1633 9
1633 1634 57
1634 1635 19
1635 1636 34
1636 1637 84
1637 1638 6
1638 1639 54
1639 1640 27
1640 1641 97
1641 1642 5
1642 1643 97
1643 1644 19
1644 1645 76
1645 1646 58
1646 1647 65
1647 1648 15
1648 1649 11
1649 1650 53
1650 1651 87
1651 1652 20
1652 1653 53
1653 1654 52
1654 1655 23
1655 1656 49
1656 1657 93
1657 1658 83
1658 1659 54
1659 1660 61
1660 1661 87
1661 1662 76
1662 1663 89
1663 1664 10
1664 1665 45
1665 1666 93
1666 1667 61
1667 1668 6
1668 1669 71
1669 1670 74
1670 1671 58
1671 1672 8
1672 1673 95
1673 1674 72
1674 1675 17
1675 1676 75
1676 1677 34
1677 1678 70
1678 1679 19
1679 1680 86
1680 1681 25
1681 1682 57
1682 1683 45
1683 1684 30
1684 1685 19
1685 1686 72
1686 1687 92
1687 1688 80
1688 1689 65
1689 1690 82
1690 1691 43
1691 1692 92
1692 1693 69
1693 1694 85
1694 1695 94
1695 1696 49
1696 1697 82
1697 1698 69
1698 1699 28
1699 1700 23
1700 1701 42
1701 1702 28
1702 1703 91
1703 1704 67
1704 1705 82
1705 1706 21
1706 1707 78
1707 1708 88
1708 1709 55
1709 1710 10
1710 1711 54
1711 1712 14
1712 1713 82
1713 1714 10
1714 1715 22
1715 1716 30
1716 1717 44
1717 1718 64
1718 1719 59
1719 1720 36
1720 1721 14
1721 1722 61
1722 1723 96
1723 1724 95
1724 1725 8
1725 1726 93
1726 1727 46
1727 1728 15
1728 1729 6
1729 1730 66
1730 1731 9
1731 1732 23
1732 1733 87
1733 1734 92
1734 1735 77
1735 1736 20
1736 1737 65
1737 1738 26
1738 1739 65
1739 1740 64
1740 1741 6
1741 1742 39
1742 1743 12
1743 1744 67
1744 1745 75
1745 1746 15
1746 1747 32
1747 1748 29
1748 1749 5
1749 1750 87
1750 1751 11
1751 1752 100
1752 1753 83
1753 1754 35
1754 1755 30
1755 1756 17
1756 1757 33
1757 1758 82
1758 1759 55
1759 1760 53
1760 1761 39
1761 1762 100
1762 1763 20
1763 1764 93
1764 1765 34
1765 1766 48
1766 1767 61
1767 1768 88
1768 1769 55
1769 1770 65
1770 1771 76
1771 1772 52
1772 1773 7
1773 1774 62
1774 1775 45
1775 1776 73
1776 1777 11
1777 1778 48
1778 1779 98
1779 1780 74
1780 1781 18
1781 1782 12
1782 1783 56
1783 1784 75
1784 1785 19
1785 1786 45
1786 1787 6
1787 1788 8
1788 1789 27
1789 1790 79
1790 1791 73
1791 1792 63
1792 1793 35
1793 1794 57
1794 1795 59
1795 1796 21
1796 1797 27
1797 1798 33
1798 1799 100
1799 1800 87
1800 1801 36
1801 1802 77
1802 1803 60
1803 1804 100
1804 1805 100
1805 1806 54
1806 1807 23
1807 1808 55
1808 1809 85
1809 1810 35
1810 1811 51
1811 1812 34
1812 1813 95
1813 1814 23
1814 1815 31
1815 1816 53
1816 1817 16
1817 1818 6
1818 1819 82
1819 1820 83
1820 1821 43
1821 1822 79
1822 1823 44
1823 1824 15
1824 1825 13
1825 1826 13
1826 1827 69
1827 1828 63
1828 1829 91
1829 1830 44
1830 1831 99
1831 1832 85
1832 1833 80
1833 1834 89
1834 1835 13
1835 1836 68
1836 1837 87
1837 1838 26
1838 1839 21
1839 1840 96
1840 1841 9
1841 1842 61
1842 1843 5
1843 1844 83
1844 1845 31
1845 1846 43
1846 1847 73
1847 1848 17
1848 1849 13
1849 1850 78
1850 1851 21
1851 1852 47
1852 1853 40
1853 1854 28
1854 1855 44
1855 1856 62
1856 1857 99
1857 1858 20
1858 1859 33
1859 1860 86
1860 1861 81
1861 1862 16
1862 1863 60
1863 1864 94
1864 1865 53
1865 1866 26
1866 1867 60
1867 1868 86
1868 1869 23
1869 1870 88
1870 1871 65
1871 1872 45
1872 1873 26
1873 1874 18
1874 1875 13
1875 1876 23
1876 1877 83
1877 1878 58
1878 1879 91
1879 1880 40
1880 1881 9
1881 1882 39
1882 1883 78
1883 1884 38
1884 1885 43
1885 1886 91
1886 1887 94
1887 1888 75
1888 1889 74
1889 1890 13
1890 1891 31
1891 1892 6
1892 1893 83
1893 1894 35
1894 1895 46
1895 1896 63
1896 1897 91
1897 1898 89
1898 1899 16
1899 1900 35
1900 1901 33
1901 1902 92
1902 1903 59
1903 1904 13
1904 1905 29
1905 1906 26
1906 1907 58
1907 1908 7
1908 1909 39
1909 1910 63
1910 1911 86
1911 1912 25
1912 1913 38
1913 1914 76
1914 1915 75
1915 1916 40
1916 1917 66
1917 1918 47
1918 1919 98
1919 1920 5
1920 1921 89
1921 1922 31
1922 1923 97
1923 1924 66
1924 1925 22
1925 1926 70
1926 1927 16
1927 1928 36
1928 1929 50
1929 1930 17
1930 1931 24
1931 1932 53
1932 1933 89
1933 1934 24
1934 1935 54
1935 1936 93
1936 1937 51
1937 1938 55
1938 1939 70
1939 1940 23
1940 1941 42
1941 1942 40
1942 1943 5
1943 1944 83
1944 1945 59
1945 1946 9
1946 1947 67
1947 1948 84
1948 1949 92
1949 1950 81
1950 1951 23
1951 1952 94
1952 1953 8
1953 1954 77
1954 1955 61
1955 1956 78
1956 1957 84
1957 1958 66
1958 1959 22
1959 1960 45
1960 1961 31
1961 1962 69
1962 1963 79
1963 1964 44
1964 1965 78
1965 1966 6
1966 1967 54
1967 1968 36
1968 1969 11
1969 1970 74
1970 1971 22
1971 1972 37
1972 1973 21
1973 1974 26
1974 1975 19
1975 1976 86
1976 1977 96
1977 1978 25
1978 1979 9
1979 1980 91
1980 1981 37
1981 1982 96
1982 1983 93
1983 1984 59
1984 1985 32
1985 1986 60
1986 1987 41
1987 1988 91
1988 1989 61
1989 1990 38
1990 1991 72
1991 1992 54
1992 1993 61
1993 1994 67
1994 1995 45
1995 1996 32
1996 1997 57
1997 1998 70
1998 1999 100
