4000 40 3999
177
1168
1730
2020
1263
861
118
3544
328
1353
1348
3633
1450
67
3803
2338
1306
2910
3821
1368
3851
1291
3546
1486
2070
356
1350
3411
1763
1138
3799
612
1492
1995
3098
2390
3095
1782
1992
1480
0 1 87
1 2 14
2 3 39
3 4 54
4 5 39
5 6 71
6 7 63
7 8 5
8 9 73
9 10 63
10 11 35
11 12 26
12 13 91
13 14 68
14 15 67
15 16 96
16 17 53
17 18 73
18 19 8
19 20 88
20 21 51
21 22 47
22 23 92
23 24 41
24 25 67
25 26 62
26 27 24
27 28 65
28 29 85
29 30 100
30 31 41
31 32 63
32 33 78
33 34 70
34 35 68
35 36 69
36 37 17
37 38 81
38 39 5
39 40 40
40 41 52
41 42 43
42 43 44
43 44 29
44 45 35
45 46 15
46 47 83
47 48 77
48 49 99
49 50 24
50 51 36
51 52 76
52 53 26
53 54 72
54 55 28
55 56 75
56 57 80
57 58 70
58 59 75
59 60 34
60 61 30
61 62 45
62 63 87
63 64 22
64 65 62
65 66 23
66 67 80
67 68 82
68 69 67
69 70 56
70 71 18
71 72 25
72 73 12
73 74 50
74 75 100
75 76 56
76 77 79
77 78 70
78 79 78
79 80 89
80 81 14
81 82 17
82 83 77
83 84 72
84 85 36
85 86 18
86 87 11
87 88 72
88 89 36
89 90 48
90 91 76
91 92 57
92 93 17
93 94 18
94 95 66
95 96 25
96 97 45
97 98 92
98 99 48
99 100 95
100 101 48
101 102 74
102 103 32
103 104 93
104 105 62
105 106 20
106 107 19
107 108 40
108 109 17
109 110 8
110 111 88
111 112 69
112 113 6
113 114 8
114 115 23
115 116 87
116 117 99
117 118 82
118 119 69
119 120 45
120 121 92
121 122 41
122 123 61
123 124 50
124 125 42
125 126 31
126 127 24
127 128 23
128 129 29
129 130 15
130 131 72
131 132 64
132 133 59
133 134 67
134 135 76
135 136 19
136 137 45
137 138 52
138 139 94
139 140 52
140 141 54
141 142 76
142 143 57
143 144 7
144 145 36
145 146 19
146 147 49
147 148 91
148 149 93
149 150 63
150 151 81
151 152 89
152 153 41
153 154 39
154 155 79
155 156 21
156 157 34
157 158 36
158 159 24
159 160 27
160 161 30
161 162 60
162 163 63
163 164 6
164 165 11
165 166 47
166 167 76
167 168 75
168 169 67
169 170 76
170 171 99
171 172 27
172 173 33
173 174 87
174 175 28
175 176 21
176 177 88
177 178 16
178 179 25
179 180 66
180 181 41
181 182 85
182 183 66
183 184 17
184 185 7
185 186 89
186 187 19
187 188 15
188 189 13
189 190 18
190 191 48
191 192 60
192 193 90
193 194 12
194 195 27
195 196 50
196 197 86
197 198 36
198 199 25
199 200 35
200 201 69
201 202 58
202 203 19
203 204 51
204 205 85
205 206 7
206 207 61
207 208 71
208 209 28
209 210 53
210 211 14
211 212 39
212 213 24
213 214 34
214 215 74
215 216 24
216 217 49
217 218 61
218 219 85
219 220 58
220 221 20
221 222 55
222 223 39
223 224 52
224 225 63
225 226 18
226 227 88
227 228 40
228 229 87
229 230 14
230 231 69
231 232 33
232 233 8
233 234 92
234 235 88
235 236 54
236 237 53
237 238 100
238 239 15
239 240 58
240 241 65
241 242 82
242 243 37
243 244 36
244 245 84
245 246 12
246 247 96
247 248 6
248 249 50
249 250 48
250 251 64
251 252 25
252 253 24
253 254 9
254 255 9
255 256 94
256 257 53
257 258 8
258 259 89
259 260 71
260 261 35
261 262 85
262 263 34
263 264 55
264 265 38
265 266 14
266 267 59
267 268 16
268 269 52
269 270 55
270 271 14
271 272 55
272 273 84
273 274 6
274 275 87
275 276 22
276 277 50
277 278 55
278 279 16
279 280 79
280 281 26
281 282 88
282 283 35
283 284 92
284 285 30
285 286 10
286 287 37
287 288 26
288 289 21
289 290 80
290 291 10
291 292 63
292 293 30
293 294 99
294 295 91
295 296 77
296 297 94
297 298 59
298 299 97
299 300 10
300 301 70
301 302 26
302 303 28
303 304 90
304 305 26
305 306 33
306 307 20
307 308 93
308 309 74
309 310 30
310 311 46
311 312 31
312 313 69
313 314 92
314 315 73
315 316 53
316 317 38
317 318 27
318 319 66
319 320 86
320 321 54
321 322 14
322 323 30
323 324 67
324 325 41
325 326 47
326 327 59
327 328 55
328 329 67
329 330 25
330 331 83
331 332 21
332 333 33
333 334 37
334 335 68
335 336 66
336 337 30
337 338 70
338 339 42
339 340 40
340 341 21
341 342 60
342 343 77
343 344 92
344 345 73
345 346 24
346 347 78
347 348 46
348 349 10
349 350 91
350 351 71
351 352 51
352 353 83
353 354 19
354 355 16
355 356 12
356 357 88
357 358 44
358 359 19
359 360 41
360 361 56
361 362 26
362 363 85
363 364 31
364 365 18
365 366 85
366 367 21
367 368 37
368 369 33
369 370 76
370 371 85
371 372 90
372 373 65
373 374 51
374 375 96
375 376 13
376 377 54
377 378 73
378 379 61
379 380 20
380 381 37
381 382 98
382 383 71
383 384 74
384 385 61
385 386 46
386 387 80
387 388 72
388 389 47
389 390 63
390 391 51
391 392 81
392 393 41
393 394 73
394 395 32
395 396 59
396 397 93
397 398 47
398 399 34
399 400 62
400 401 69
401 402 71
402 403 7
403 404 83
404 405 83
405 406 64
406 407 23
407 408 44
408 409 88
409 410 13
410 411 48
411 412 62
412 413 41
413 414 13
414 415 40
415 416 48
416 417 58
417 418 58
418 419 15
419 420 73
420 421 55
421 422 42
422 423 70
423 424 81
424 425 91
425 426 61
426 427 82
427 428 26
428 429 89
429 430 12
430 431 31
431 432 58
432 433 51
433 434 61
434 435 19
435 436 48
436 437 51
437 438 82
438 439 43
439 440 21
440 441 91
441 442 96
442 443 80
443 444 16
444 445 41
445 446 41
446 447 94
447 448 76
448 449 26
449 450 92
450 451 10
451 452 18
452 453 86
453 454 86
454 455 33
455 456 51
456 457 32
457 458 24
458 459 52
459 460 7
460 461 54
461 462 65
462 463 88
463 464 98
464 465 73
465 466 37
466 467 21
467 468 15
468 469 50
469 470 34
470 471 33
471 472 51
472 473 78
473 474 33
474 475 92
475 476 25
476 477 85
477 478 42
478 479 77
479 480 49
480 481 12
481 482 50
482 483 30
483 484 5
484 485 18
485 486 78
486 487 5
487 488 88
488 489 57
489 490 47
490 491 26
491 492 67
492 493 71
493 494 70
494 495 86
495 496 45
496 497 22
497 498 51
498 499 7
499 500 73
500 501 10
501 502 24
502 503 70
503 504 12
504 505 64
505 506 73
506 507 96
507 508 57
508 509 92
509 510 98
510 511 13
511 512 42
512 513 36
513 514 88
514 515 38
515 516 95
516 517 29
517 518 59
518 519 83
519 520 96
520 521 76
521 522 36
522 523 48
523 524 9
524 525 42
525 526 28
526 527 22
527 528 6
528 529 32
529 530 72
530 531 40
531 532 75
532 533 84
533 534 65
534 535 53
535 536 39
536 537 5
537 538 43
538 539 28
539 540 30
540 541 9
541 542 49
542 543 93
543 544 56
544 545 51
545 546 78
546 547 37
547 548 74
548 549 81
549 550 84
550 551 43
551 552 93
552 553 15
553 554 49
554 555 66
555 556 69
556 557 97
557 558 20
558 559 10
559 560 72
560 561 35
561 562 48
562 563 80
563 564 99
564 565 80
565 566 82
566 567 49
567 568 72
568 569 42
569 570 41
570 571 82
571 572 61
572 573 67
573 574 46
574 575 79
575 576 59
576 577 43
577 578 93
578 579 30
579 580 55
580 581 69
581 582 46
582 583 96
583 584 14
584 585 23
585 586 84
586 587 52
587 588 33
588 589 99
589 590 19
590 591 22
591 592 98
592 593 89
593 594 88
594 595 72
595 596 72
596 597 51
597 598 45
598 599 21
599 600 23
600 601 78
601 602 11
602 603 69
603 604 82
604 605 32
605 606 60
606 607 6
607 608 14
608 609 46
609 610 36
610 611 27
611 612 21
612 613 59
613 614 72
614 615 69
615 616 72
616 617 99
617 618 9
618 619 55
619 620 52
620 621 41
621 622 30
622 623 82
623 624 43
624 625 20
625 626 59
626 627 7
627 628 58
628 629 33
629 630 52
630 631 23
631 632 17
632 633 8
633 634 72
634 635 35
635 636 51
636 637 11
637 638 59
638 639 9
639 640 98
640 641 62
641 642 50
642 643 9
643 644 46
644 645 46
645 646 42
646 647 80
647 648 28
648 649 25
649 650 24
650 651 76
651 652 97
652 653 60
653 654 100
654 655 86
655 656 16
656 657 90
657 658 76
658 659 13
659 660 99
660 661 45
661 662 44
662 663 27
663 664 47
664 665 24
665 666 31
666 667 90
667 668 36
668 669 87
669 670 7
670 671 76
671 672 100
672 673 71
673 674 50
674 675 36
675 676 92
676 677 99
677 678 39
678 679 48
679 680 92
680 681 93
681 682 69
682 683 64
683 684 90
684 685 88
685 686 93
686 687 14
687 688 9
688 689 13
689 690 11
690 691 64
691 692 55
692 693 9
693 694 42
694 695 87
695 696 36
696 697 100
697 698 80
698 699 68
699 700 69
700 701 56
701 702 94
702 703 13
703 704 15
704 705 70
705 706 42
706 707 56
707 708 60
708 709 21
709 710 94
710 711 21
711 712 95
712 713 27
713 714 49
714 715 13
715 716 72
716 717 55
717 718 86
718 719 30
719 720 43
720 721 49
721 722 6
722 723 23
723 724 89
724 725 10
725 726 70
726 727 57
727 728 18
728 729 12
729 730 8
730 731 36
731 732 74
732 733 18
733 734 24
734 735 63
735 736 59
736 737 21
737 738 15
738 739 78
739 740 49
740 741 72
741 742 38
742 743 14
743 744 10
744 745 22
745 746 28
746 747 27
747 748 50
748 749 27
749 750 85
750 751 79
751 752 69
752 753 64
753 754 33
754 755 16
755 756 19
756 757 66
757 758 68
758 759 39
759 760 49
760 761 92
761 762 45
762 763 88
763 764 48
764 765 61
765 766 75
766 767 5
767 768 49
768 769 19
769 770 48
770 771 17
771 772 59
772 773 82
773 774 29
774 775 87
775 776 7
776 777 16
777 778 6
778 779 67
779 780 6
780 781 13
781 782 94
782 783 16
783 784 57
784 785 14
785 786 60
786 787 15
787 788 41
788 789 98
789 790 25
790 791 11
791 792 57
792 793 58
793 794 48
794 795 96
795 796 66
796 797 91
797 798 57
798 799 68
799 800 70
800 801 100
801 802 37
802 803 12
803 804 5
804 805 78
805 806 29
806 807 92
807 808 24
808 809 46
809 810 99
810 811 21
811 812 34
812 813 8
813 814 41
814 815 30
815 816 51
816 817 28
817 818 64
818 819 25
819 820 75
820 821 100
821 822 35
822 823 50
823 824 12
824 825 84
825 826 25
826 827 29
827 828 95
828 829 29
829 830 41
830 831 75
831 832 86
832 833 14
833 834 27
834 835 57
835 836 72
836 837 65
837 838 46
838 839 30
839 840 19
840 841 82
841 842 96
842 843 39
843 844 41
844 845 28
845 846 65
846 847 26
847 848 55
848 849 23
849 850 29
850 851 98
851 852 84
852 853 68
853 854 96
854 855 81
855 856 25
856 857 41
857 858 62
858 859 77
859 860 55
860 861 72
861 862 84
862 863 71
863 864 100
864 865 88
865 866 10
866 867 8
867 868 28
868 869 33
869 870 31
870 871 31
871 872 48
872 873 16
873 874 34
874 875 76
875 876 96
876 877 71
877 878 30
878 879 76
879 880 29
880 881 69
881 882 42
882 883 8
883 884 29
884 885 100
885 886 5
886 887 22
887 888 32
888 889 24
889 890 52
890 891 37
891 892 86
892 893 57
893 894 22
894 895 24
895 896 41
896 897 24
897 898 22
898 899 69
899 900 7
900 901 62
901 902 31
902 903 35
903 904 44
904 905 50
905 906 17
906 907 14
907 908 31
908 909 16
909 910 47
910 911 48
911 912 53
912 913 47
913 914 33
914 915 12
915 916 65
916 917 87
917 918 51
918 919 77
919 920 97
920 921 63
921 922 60
922 923 43
923 924 90
924 925 65
925 926 40
926 927 86
927 928 97
928 929 61
929 930 100
930 931 7
931 932 63
932 933 33
933 934 76
934 935 80
935 936 31
936 937 98
937 938 83
938 939 72
939 940 78
940 941 17
941 942 20
942 943 7
943 944 92
944 945 63
945 946 60
946 947 27
947 948 41
948 949 81
949 950 27
950 951 38
951 952 29
952 953 85
953 954 100
954 955 18
955 956 56
956 957 58
957 958 91
958 959 23
959 960 85
960 961 68
961 962 57
962 963 76
963 964 80
964 965 31
965 966 40
966 967 94
967 968 74
968 969 42
969 970 52
970 971 86
971 972 44
972 973 22
973 974 83
974 975 63
975 976 71
976 977 73
977 978 15
978 979 23
979 980 43
980 981 37
981 982 38
982 983 52
983 984 75
984 985 94
985 986 18
986 987 30
987 988 75
988 989 31
989 990 88
990 991 98
991 992 27
992 993 9
993 994 8
994 995 70
995 996 54
996 997 18
997 998 28
998 999 94
999 1000 75
1000 1001 74
1001 1002 71
1002 1003 66
1003 1004 55
1004 1005 41
1005 1006 99
1006 1007 87
1007 1008 5
1008 1009 88
1009 1010 72
1010 1011 14
1011 1012 52
1012 1013 77
1013 1014 67
1014 1015 53
1015 1016 47
1016 1017 84
1017 1018 77
1018 1019 47
1019 1020 57
1020 1021 58
1021 1022 12
1022 1023 31
1023 1024 68
1024 1025 40
1025 1026 28
1026 1027 23
1027 1028 78
1028 1029 49
1029 1030 44
1030 1031 34
1031 1032 16
1032 1033 45
1033 1034 8
1034 1035 70
1035 1036 26
1036 1037 8
1037 1038 13
1038 1039 48
1039 1040 86
1040 1041 35
1041 1042 96
1042 1043 90
1043 1044 98
1044 1045 95
1045 1046 83
1046 1047 47
1047 1048 80
1048 1049 39
1049 1050 41
1050 1051 23
1051 1052 55
1052 1053 55
1053 1054 15
1054 1055 96
1055 1056 53
1056 1057 63
1057 1058 63
1058 1059 84
1059 1060 60
1060 1061 62
1061 1062 27
1062 1063 9
1063 1064 46
1064 1065 78
1065 1066 44
1066 1067 25
1067 1068 85
1068 1069 88
1069 1070 53
1070 1071 97
1071 1072 87
1072 1073 63
1073 1074 96
1074 1075 20
1075 1076 71
1076 1077 90
1077 1078 27
1078 1079 66
1079 1080 75
1080 1081 74
1081 1082 16
1082 1083 42
1083 1084 53
1084 1085 33
1085 1086 96
1086 1087 86
1087 1088 65
1088 1089 63
1089 1090 95
1090 1091 17
1091 1092 25
1092 1093 21
1093 1094 90
1094 1095 74
1095 1096 6
1096 1097 8
1097 1098 63
1098 1099 49
1099 1100 48
1100 1101 59
1101 1102 25
1102 1103 96
1103 1104 6
1104 1105 19
1105 1106 11
1106 1107 74
1107 1108 77
1108 1109 44
1109 1110 12
1110 1111 60
1111 1112 49
1112 1113 84
1113 1114 59
1114 1115 66
1115 1116 19
1116 1117 47
1117 1118 80
1118 1119 60
1119 1120 69
1120 1121 63
1121 1122 72
1122 1123 90
1123 1124 6
1124 1125 65
1125 1126 56
1126 1127 63
1127 1128 80
1128 1129 9
1129 1130 78
1130 1131 88
1131 1132 55
1132 1133 21
1133 1134 81
1134 1135 31
1135 1136 93
1136 1137 78
1137 1138 24
1138 1139 56
1139 1140 76
1140 1141 46
1141 1142 59
1142 1143 15
1143 1144 91
1144 1145 78
1145 1146 71
1146 1147 90
1147 1148 100
1148 1149 84
1149 1150 82
1150 1151 59
1151 1152 8
1152 1153 82
1153 1154 90
1154 1155 8
1155 1156 37
1156 1157 57
1157 1158 43
1158 1159 32
1159 1160 88
1160 1161 86
1161 1162 43
1162 1163 75
1163 1164 41
1164 1165 48
1165 1166 9
1166 1167 91
1167 1168 60
1168 1169 100
1169 1170 13
1170 1171 60
1171 1172 51
1172 1173 58
1173 1174 21
1174 1175 41
1175 1176 63
1176 1177 37
1177 1178 91
1178 1179 73
1179 1180 29
1180 1181 61
1181 1182 87
1182 1183 31
1183 1184 57
1184 1185 85
1185 1186 82
1186 1187 97
1187 1188 8
1188 1189 28
1189 1190 64
1190 1191 70
1191 1192 58
1192 1193 97
1193 1194 53
1194 1195 24
1195 1196 79
1196 1197 72
1197 1198 21
1198 1199 31
1199 1200 88
1200 1201 30
1201 1202 43
1202 1203 95
1203 1204 100
1204 1205 69
1205 1206 61
1206 1207 62
1207 1208 80
1208 1209 40
1209 1210 95
1210 1211 42
1211 1212 84
1212 1213 85
1213 1214 61
1214 1215 85
1215 1216 91
1216 1217 65
1217 1218 58
1218 1219 70
1219 1220 42
1220 1221 10
1221 1222 72
1222 1223 40
1223 1224 29
1224 1225 34
1225 1226 49
1226 1227 94
1227 1228 14
1228 1229 40
1229 1230 80
1230 1231 23
1231 1232 17
1232 1233 53
1233 1234 75
1234 1235 16
1235 1236 63
1236 1237 33
1237 1238 18
1238 1239 85
1239 1240 44
1240 1241 54
1241 1242 90
1242 1243 22
1243 1244 37
1244 1245 59
1245 1246 90
1246 1247 53
1247 1248 40
1248 1249 50
1249 1250 71
1250 1251 37
1251 1252 58
1252 1253 96
1253 1254 59
1254 1255 65
1255 1256 91
1256 1257 98
1257 1258 26
1258 1259 44
1259 1260 93
1260 1261 97
1261 1262 84
1262 1263 88
1263 1264 76
1264 1265 9
1265 1266 78
1266 1267 95
1267 1268 9
1268 1269 61
1269 1270 11
1270 1271 82
1271 1272 45
1272 1273 64
1273 1274 90
1274 1275 96
1275 1276 32
1276 1277 49
1277 1278 79
1278 1279 20
1279 1280 74
1280 1281 62
1281 1282 19
1282 1283 52
1283 1284 57
1284 1285 5
1285 1286 32
1286 1287 47
1287 1288 87
1288 1289 92
1289 1290 7
1290 1291 28
1291 1292 74
1292 1293 88
1293 1294 97
1294 1295 45
1295 1296 14
1296 1297 47
1297 1298 52
1298 1299 42
1299 1300 33
1300 1301 97
1301 1302 29
1302 1303 85
1303 1304 49
1304 1305 91
1305 1306 48
1306 1307 95
1307 1308 93
1308 1309 26
1309 1310 25
1310 1311 25
1311 1312 87
1312 1313 98
1313 1314 96
1314 1315 54
1315 1316 38
1316 1317 67
1317 1318 29
1318 1319 22
1319 1320 48
1320 1321 20
1321 1322 95
1322 1323 60
1323 1324 66
1324 1325 64
1325 1326 66
1326 1327 43
1327 1328 69
1328 1329 50
1329 1330 91
1330 1331 93
1331 1332 48
1332 1333 78
1333 1334 51
1334 1335 19
1335 1336 55
1336 1337 11
1337 1338 98
1338 1339 73
1339 1340 32
1340 1341 31
1341 1342 11
1342 1343 72
1343 1344 89
1344 1345 87
1345 1346 65
1346 1347 20
1347 1348 24
1348 1349 17
1349 1350 79
1350 1351 13
1351 1352 93
1352 1353 23
1353 1354 97
1354 1355 28
1355 1356 81
1356 1357 28
1357 1358 61
1358 1359 91
1359 1360 37
1360 1361 45
1361 1362 43
1362 1363 13
1363 1364 100
1364 1365 43
1365 1366 12
1366 1367 25
1367 1368 59
1368 1369 15
1369 1370 16
1370 1371 21
1371 1372 71
1372 1373 26
1373 1374 51
1374 1375 60
1375 1376 6
1376 1377 83
1377 1378 88
1378 1379 40
1379 1380 22
1380 1381 41
1381 1382 96
1382 1383 22
1383 1384 54
1384 1385 39
1385 1386 86
1386 1387 56
1387 1388 35
1388 1389 79
1389 1390 14
1390 1391 42
1391 1392 35
1392 1393 83
1393 1394 67
1394 1395 76
1395 1396 80
1396 1397 61
1397 1398 38
1398 1399 34
1399 1400 94
1400 1401 85
1401 1402 8
1402 1403 41
1403 1404 32
1404 1405 84
1405 1406 58
1406 1407 33
1407 1408 41
1408 1409 8
1409 1410 18
1410 1411 71
1411 1412 83
1412 1413 86
1413 1414 6
1414 1415 70
1415 1416 59
1416 1417 25
1417 1418 48
1418 1419 35
1419 1420 69
1420 1421 53
1421 1422 69
1422 1423 9
1423 1424 89
1424 1425 98
1425 1426 46
1426 1427 23
1427 1428 48
1428 1429 66
1429 1430 64
1430 1431 77
1431 1432 15
1432 1433 73
1433 1434 37
1434 1435 37
1435 1436 50
1436 1437 85
1437 1438 76
1438 1439 31
1439 1440 22
1440 1441 87
1441 1442 75
1442 1443 52
1443 1444 52
1444 1445 6
1445 1446 96
1446 1447 37
1447 1448 13
1448 1449 47
1449 1450 71
1450 1451 92
1451 1452 71
1452 1453 84
1453 1454 71
1454 1455 51
1455 1456 87
1456 1457 77
1457 1458 98
1458 1459 33
1459 1460 56
1460 1461 64
1461 1462 27
1462 1463 10
1463 1464 36
1464 1465 18
1465 1466 38
1466 1467 48
1467 1468 60
1468 1469 85
1469 1470 78
1470 1471 79
1471 1472 54
1472 1473 53
1473 1474 46
1474 1475 58
1475 1476 15
1476 1477 85
1477 1478 11
1478 1479 39
1479 1480 86
1480 1481 88
1481 1482 17
1482 1483 78
1483 1484 39
1484 1485 31
1485 1486 80
1486 1487 47
1487 1488 61
1488 1489 22
1489 1490 78
1490 1491 38
1491 1492 44
1492 1493 39
1493 1494 89
1494 1495 57
1495 1496 29
1496 1497 43
1497 1498 45
1498 1499 71
1499 1500 58
1500 1501 50
1501 1502 49
1502 1503 58
1503 1504 99
1504 1505 94
1505 1506 17
1506 1507 73
1507 1508 94
1508 1509 40
1509 1510 37
1510 1511 77
1511 1512 56
1512 1513 69
1513 1514 53
1514 1515 7
1515 1516 76
1516 1517 7
1517 1518 56
1518 1519 86
1519 1520 45
1520 1521 17
1521 1522 18
1522 1523 25
1523 1524 31
1524 1525 57
1525 1526 5
1526 1527 56
1527 1528 35
1528 1529 82
1529 1530 14
1530 1531 31
1531 1532 11
1532 1533 15
1533 1534 82
1534 1535 6
1535 1536 31
1536 1537 99
1537 1538 22
1538 1539 100
1539 1540 81
1540 1541 64
1541 1542 93
1542 1543 47
1543 1544 27
1544 1545 95
1545 1546 5
1546 1547 95
1547 1548 59
1548 1549 92
1549 1550 32
1550 1551 63
1551 1552 66
1552 1553 67
1553 1554 17
1554 1555 53
1555 1556 55
1556 1557 43
1557 1558 52
1558 1559 37
1559 1560 20
1560 1561 82
1561 1562 33
1562 1563 90
1563 1564 46
1564 1565 14
1565 1566 75
1566 1567 77
1567 1568 29
1568 1569 80
1569 1570 22
1570 1571 35
1571 1572 43
1572 1573 32
1573 1574 69
1574 1575 89
1575 1576 38
1576 1577 13
1577 1578 59
1578 1579 37
1579 1580 83
1580 1581 16
1581 1582 10
1582 1583 32
1583 1584 95
1584 1585 22
1585 1586 85
1586 1587 30
1587 1588 22
1588 1589 90
1589 1590 49
1590 1591 100
1591 1592 35
1592 1593 82
1593 1594 48
1594 1595 6
1595 1596 81
1596 1597 15
1597 1598 66
1598 1599 51
1599 1600 100
1600 1601 69
1601 1602 25
1602 1603 67
1603 1604 42
1604 1605 53
1605 1606 8
1606 1607 78
1607 1608 6
1608 1609 42
1609 1610 43
1610 1611 87
1611 1612 55
1612 1613 32
1613 1614 49
1614 1615 37
1615 1616 33
1616 1617 39
1617 1618 78
1618 1619 11
1619 1620 80
1620 1621 37
1621 1622 86
1622 1623 60
1623 1624 24
1624 1625 86
1625 1626 31
1626 1627 71
1627 1628 53
1628 1629 30
1629 1630 53
1630 1631 16
1631 1632 59
1632 1633 73
1633 1634 86
1634 1635 15
1635 1636 31
1636 1637 20
1637 1638 25
1638 1639 73
1639 1640 28
1640 1641 14
1641 1642 12
1642 1643 6
1643 1644 10
1644 1645 55
1645 1646 96
1646 1647 29
1647 1648 71
1648 1649 34
1649 1650 8
1650 1651 70
1651 1652 70
1652 1653 60
1653 1654 84
1654 1655 21
1655 1656 42
1656 1657 98
1657 1658 64
1658 1659 97
1659 1660 81
1660 1661 65
1661 1662 50
1662 1663 57
1663 1664 58
1664 1665 26
1665 1666 90
1666 1667 46
1667 1668 50
1668 1669 35
1669 1670 64
1670 1671 74
1671 1672 58
1672 1673 19
1673 1674 40
1674 1675 26
1675 1676 9
1676 1677 39
1677 1678 45
1678 1679 45
1679 1680 43
1680 1681 71
1681 1682 24
1682 1683 6
1683 1684 86
1684 1685 89
1685 1686 12
1686 1687 69
1687 1688 22
1688 1689 40
1689 1690 52
1690 1691 63
1691 1692 46
1692 1693 31
1693 1694 97
1694 1695 62
1695 1696 68
1696 1697 47
1697 1698 8
1698 1699 35
1699 1700 8
1700 1701 95
1701 1702 22
1702 1703 97
1703 1704 82
1704 1705 7
1705 1706 6
1706 1707 5
1707 1708 39
1708 1709 64
1709 1710 32
1710 1711 49
1711 1712 46
1712 1713 53
1713 1714 83
1714 1715 5
1715 1716 17
1716 1717 69
1717 1718 60
1718 1719 79
1719 1720 23
1720 1721 95
1721 1722 58
1722 1723 45
1723 1724 37
1724 1725 75
1725 1726 24
1726 1727 71
1727 1728 33
1728 1729 49
1729 1730 63
1730 1731 82
1731 1732 93
1732 1733 83
1733 1734 32
1734 1735 100
1735 1736 12
1736 1737 45
1737 1738 23
1738 1739 17
1739 1740 9
1740 1741 41
1741 1742 35
1742 1743 31
1743 1744 75
1744 1745 53
1745 1746 83
1746 1747 51
1747 1748 6
1748 1749 72
1749 1750 24
1750 1751 47
1751 1752 83
1752 1753 53
1753 1754 30
1754 1755 56
1755 1756 25
1756 1757 100
1757 1758 33
1758 1759 33
1759 1760 60
1760 1761 61
1761 1762 72
1762 1763 84
1763 1764 81
1764 1765 67
1765 1766 80
1766 1767 48
1767 1768 24
1768 1769 83
1769 1770 66
1770 1771 36
1771 1772 31
1772 1773 32
1773 1774 96
1774 1775 10
1775 1776 75
1776 1777 83
1777 1778 84
1778 1779 97
1779 1780 28
1780 1781 78
1781 1782 19
1782 1783 41
1783 1784 68
1784 1785 73
1785 1786 91
1786 1787 45
1787 1788 81
1788 1789 36
1789 1790 91
1790 1791 88
1791 1792 94
1792 1793 48
1793 1794 74
1794 1795 94
1795 1796 33
1796 1797 33
1797 1798 63
1798 1799 36
1799 1800 28
1800 1801 78
1801 1802 47
1802 1803 19
1803 1804 28
1804 1805 59
1805 1806 13
1806 1807 64
1807 1808 97
1808 1809 79
1809 1810 25
1810 1811 99
1811 1812 93
1812 1813 22
1813 1814 36
1814 1815 14
1815 1816 38
1816 1817 20
1817 1818 15
1818 1819 77
1819 1820 86
1820 1821 36
1821 1822 78
1822 1823 51
1823 1824 35
1824 1825 7
1825 1826 46
1826 1827 77
1827 1828 8
1828 1829 87
1829 1830 22
1830 1831 35
1831 1832 61
1832 1833 7
1833 1834 58
1834 1835 27
1835 1836 98
1836 1837 73
1837 1838 47
1838 1839 44
1839 1840 9
1840 1841 99
1841 1842 68
1842 1843 14
1843 1844 76
1844 1845 32
1845 1846 24
1846 1847 76
1847 1848 72
1848 1849 86
1849 1850 52
1850 1851 30
1851 1852 12
1852 1853 38
1853 1854 51
1854 1855 39
1855 1856 70
1856 1857 28
1857 1858 46
1858 1859 65
1859 1860 30
1860 1861 58
1861 1862 47
1862 1863 83
1863 1864 17
1864 1865 7
1865 1866 62
1866 1867 66
1867 1868 82
1868 1869 93
1869 1870 59
1870 1871 58
1871 1872 20
1872 1873 87
1873 1874 92
1874 1875 25
1875 1876 43
1876 1877 47
1877 1878 88
1878 1879 50
1879 1880 54
1880 1881 9
1881 1882 47
1882 1883 39
1883 1884 37
1884 1885 62
1885 1886 16
1886 1887 33
1887 1888 45
1888 1889 27
1889 1890 30
1890 1891 69
1891 1892 95
1892 1893 100
1893 1894 63
1894 1895 56
1895 1896 24
1896 1897 96
1897 1898 45
1898 1899 78
1899 1900 68
1900 1901 100
1901 1902 27
1902 1903 28
1903 1904 33
1904 1905 12
1905 1906 15
1906 1907 24
1907 1908 81
1908 1909 18
1909 1910 64
1910 1911 43
1911 1912 79
1912 1913 58
1913 1914 72
1914 1915 12
1915 1916 45
1916 1917 8
1917 1918 36
1918 1919 48
1919 1920 50
1920 1921 43
1921 1922 6
1922 1923 7
1923 1924 94
1924 1925 39
1925 1926 55
1926 1927 54
1927 1928 77
1928 1929 85
1929 1930 69
1930 1931 52
1931 1932 26
1932 1933 95
1933 1934 61
1934 1935 13
1935 1936 44
1936 1937 52
1937 1938 12
1938 1939 65
1939 1940 98
1940 1941 51
1941 1942 14
1942 1943 74
1943 1944 23
1944 1945 85
1945 1946 27
1946 1947 69
1947 1948 44
1948 1949 50
1949 1950 71
1950 1951 66
1951 1952 99
1952 1953 58
1953 1954 91
1954 1955 69
1955 1956 37
1956 1957 59
1957 1958 23
1958 1959 41
1959 1960 37
1960 1961 28
1961 1962 70
1962 1963 53
1963 1964 29
1964 1965 37
1965 1966 35
1966 1967 71
1967 1968 89
1968 1969 7
1969 1970 16
1970 1971 15
1971 1972 99
1972 1973 7
1973 1974 6
1974 1975 8
1975 1976 6
1976 1977 51
1977 1978 34
1978 1979 84
1979 1980 36
1980 1981 84
1981 1982 50
1982 1983 73
1983 1984 54
1984 1985 80
1985 1986 65
1986 1987 20
1987 1988 71
1988 1989 36
1989 1990 30
1990 1991 51
1991 1992 29
1992 1993 29
1993 1994 41
1994 1995 25
1995 1996 27
1996 1997 35
1997 1998 49
1998 1999 71
1999 2000 48
2000 2001 81
2001 2002 76
2002 2003 39
2003 2004 13
2004 2005 68
2005 2006 38
2006 2007 63
2007 2008 86
2008 2009 98
2009 2010 17
2010 2011 60
2011 2012 83
2012 2013 67
2013 2014 55
2014 2015 75
2015 2016 19
2016 2017 22
2017 2018 91
2018 2019 21
2019 2020 31
2020 2021 72
2021 2022 41
2022 2023 45
2023 2024 45
2024 2025 32
2025 2026 69
2026 2027 64
2027 2028 53
2028 2029 93
2029 2030 85
2030 2031 14
2031 2032 40
2032 2033 65
2033 2034 36
2034 2035 69
2035 2036 25
2036 2037 46
2037 2038 84
2038 2039 74
2039 2040 74
2040 2041 10
2041 2042 24
2042 2043 72
2043 2044 65
2044 2045 19
2045 2046 98
2046 2047 8
2047 2048 19
2048 2049 66
2049 2050 32
2050 2051 24
2051 2052 22
2052 2053 10
2053 2054 86
2054 2055 8
2055 2056 46
2056 2057 44
2057 2058 43
2058 2059 33
2059 2060 82
2060 2061 93
2061 2062 16
2062 2063 86
2063 2064 12
2064 2065 98
2065 2066 39
2066 2067 9
2067 2068 12
2068 2069 50
2069 2070 84
2070 2071 67
2071 2072 82
2072 2073 42
2073 2074 21
2074 2075 83
2075 2076 90
2076 2077 90
2077 2078 83
2078 2079 35
2079 2080 75
2080 2081 16
2081 2082 13
2082 2083 57
2083 2084 92
2084 2085 78
2085 2086 50
2086 2087 22
2087 2088 63
2088 2089 80
2089 2090 93
2090 2091 11
2091 2092 98
2092 2093 93
2093 2094 25
2094 2095 80
2095 2096 93
2096 2097 65
2097 2098 81
2098 2099 80
2099 2100 75
2100 2101 77
2101 2102 89
2102 2103 93
2103 2104 57
2104 2105 30
2105 2106 51
2106 2107 30
2107 2108 73
2108 2109 83
2109 2110 48
2110 2111 65
2111 2112 98
2112 2113 98
2113 2114 10
2114 2115 25
2115 2116 63
2116 2117 12
2117 2118 17
2118 2119 50
2119 2120 66
2120 2121 14
2121 2122 51
2122 2123 22
2123 2124 67
2124 2125 30
2125 2126 88
2126 2127 91
2127 2128 21
2128 2129 85
2129 2130 67
2130 2131 20
2131 2132 86
2132 2133 96
2133 2134 36
2134 2135 57
2135 2136 79
2136 2137 80
2137 2138 97
2138 2139 53
2139 2140 8
2140 2141 80
2141 2142 98
2142 2143 98
2143 2144 49
2144 2145 100
2145 2146 94
2146 2147 68
2147 2148 16
2148 2149 43
2149 2150 82
2150 2151 80
2151 2152 29
2152 2153 69
2153 2154 53
2154 2155 18
2155 2156 35
2156 2157 93
2157 2158 56
2158 2159 68
2159 2160 20
2160 2161 11
2161 2162 36
2162 2163 87
2163 2164 30
2164 2165 86
2165 2166 77
2166 2167 36
2167 2168 46
2168 2169 85
2169 2170 58
2170 2171 79
2171 2172 57
2172 2173 79
2173 2174 58
2174 2175 32
2175 2176 13
2176 2177 7
2177 2178 5
2178 2179 91
2179 2180 34
2180 2181 97
2181 2182 49
2182 2183 54
2183 2184 28
2184 2185 54
2185 2186 60
2186 2187 98
2187 2188 90
2188 2189 73
2189 2190 43
2190 2191 34
2191 2192 10
2192 2193 49
2193 2194 86
2194 2195 38
2195 2196 87
2196 2197 53
2197 2198 9
2198 2199 69
2199 2200 30
2200 2201 85
2201 2202 45
2202 2203 74
2203 2204 83
2204 2205 36
2205 2206 34
2206 2207 38
2207 2208 68
2208 2209 70
2209 2210 12
2210 2211 32
2211 2212 94
2212 2213 70
2213 2214 38
2214 2215 54
2215 2216 80
2216 2217 61
2217 2218 17
2218 2219 25
2219 2220 35
2220 2221 90
2221 2222 19
2222 2223 50
2223 2224 55
2224 2225 90
2225 2226 75
2226 2227 68
2227 2228 21
2228 2229 48
2229 2230 53
2230 2231 83
2231 2232 25
2232 2233 21
2233 2234 19
2234 2235 73
2235 2236 55
2236 2237 36
2237 2238 39
2238 2239 53
2239 2240 55
2240 2241 95
2241 2242 92
2242 2243 93
2243 2244 58
2244 2245 59
2245 2246 7
2246 2247 92
2247 2248 54
2248 2249 76
2249 2250 56
2250 2251 91
2251 2252 62
2252 2253 5
2253 2254 66
2254 2255 65
2255 2256 7
2256 2257 11
2257 2258 49
2258 2259 19
2259 2260 29
2260 2261 63
2261 2262 43
2262 2263 42
2263 2264 75
2264 2265 51
2265 2266 33
2266 2267 13
2267 2268 70
2268 2269 62
2269 2270 71
2270 2271 14
2271 2272 83
2272 2273 65
2273 2274 65
2274 2275 84
2275 2276 90
2276 2277 71
2277 2278 24
2278 2279 85
2279 2280 56
2280 2281 40
2281 2282 73
2282 2283 27
2283 2284 79
2284 2285 77
2285 2286 83
2286 2287 7
2287 2288 43
2288 2289 95
2289 2290 73
2290 2291 28
2291 2292 30
2292 2293 25
2293 2294 95
2294 2295 53
2295 2296 38
2296 2297 43
2297 2298 75
2298 2299 56
2299 2300 12
2300 2301 44
2301 2302 81
2302 2303 66
2303 2304 8
2304 2305 23
2305 2306 74
2306 2307 32
2307 2308 92
2308 2309 24
2309 2310 82
2310 2311 82
2311 2312 9
2312 2313 7
2313 2314 61
2314 2315 8
2315 2316 72
2316 2317 55
2317 2318 82
2318 2319 16
2319 2320 35
2320 2321 37
2321 2322 39
2322 2323 70
2323 2324 90
2324 2325 12
2325 2326 15
2326 2327 92
2327 2328 29
2328 2329 88
2329 2330 22
2330 2331 97
2331 2332 24
2332 2333 67
2333 2334 56
2334 2335 71
2335 2336 7
2336 2337 96
2337 2338 46
2338 2339 37
2339 2340 43
2340 2341 83
2341 2342 23
2342 2343 54
2343 2344 81
2344 2345 96
2345 2346 25
2346 2347 93
2347 2348 81
2348 2349 22
2349 2350 31
2350 2351 33
2351 2352 23
2352 2353 37
2353 2354 88
2354 2355 32
2355 2356 48
2356 2357 71
2357 2358 60
2358 2359 85
2359 2360 37
2360 2361 42
2361 2362 8
2362 2363 38
2363 2364 63
2364 2365 7
2365 2366 28
2366 2367 80
2367 2368 98
2368 2369 96
2369 2370 26
2370 2371 79
2371 2372 70
2372 2373 92
2373 2374 97
2374 2375 8
2375 2376 35
2376 2377 94
2377 2378 64
2378 2379 38
2379 2380 36
2380 2381 53
2381 2382 84
2382 2383 92
2383 2384 25
2384 2385 15
2385 2386 97
2386 2387 59
2387 2388 44
2388 2389 19
2389 2390 74
2390 2391 54
2391 2392 88
2392 2393 24
2393 2394 17
2394 2395 56
2395 2396 91
2396 2397 84
2397 2398 14
2398 2399 54
2399 2400 78
2400 2401 94
2401 2402 17
2402 2403 16
2403 2404 60
2404 2405 30
2405 2406 21
2406 2407 44
2407 2408 47
2408 2409 48
2409 2410 83
2410 2411 47
2411 2412 19
2412 2413 49
2413 2414 70
2414 2415 41
2415 2416 5
2416 2417 79
2417 2418 44
2418 2419 43
2419 2420 11
2420 2421 98
2421 2422 40
2422 2423 22
2423 2424 56
2424 2425 44
2425 2426 79
2426 2427 50
2427 2428 59
2428 2429 87
2429 2430 24
2430 2431 82
2431 2432 68
2432 2433 52
2433 2434 33
2434 2435 62
2435 2436 70
2436 2437 61
2437 2438 79
2438 2439 12
2439 2440 12
2440 2441 84
2441 2442 100
2442 2443 12
2443 2444 59
2444 2445 61
2445 2446 21
2446 2447 45
2447 2448 56
2448 2449 14
2449 2450 89
2450 2451 73
2451 2452 96
2452 2453 28
2453 2454 90
2454 2455 29
2455 2456 77
2456 2457 13
2457 2458 92
2458 2459 47
2459 2460 92
2460 2461 32
2461 2462 77
2462 2463 56
2463 2464 44
2464 2465 99
2465 2466 88
2466 2467 19
2467 2468 6
2468 2469 33
2469 2470 29
2470 2471 56
2471 2472 79
2472 2473 40
2473 2474 27
2474 2475 72
2475 2476 64
2476 2477 67
2477 2478 23
2478 2479 100
2479 2480 28
2480 2481 95
2481 2482 17
2482 2483 8
2483 2484 27
2484 2485 39
2485 2486 54
2486 2487 73
2487 2488 21
2488 2489 28
2489 2490 69
2490 2491 24
2491 2492 50
2492 2493 40
2493 2494 84
2494 2495 6
2495 2496 71
2496 2497 53
2497 2498 10
2498 2499 81
2499 2500 51
2500 2501 68
2501 2502 42
2502 2503 99
2503 2504 65
2504 2505 52
2505 2506 84
2506 2507 66
2507 2508 7
2508 2509 60
2509 2510 10
2510 2511 97
2511 2512 31
2512 2513 42
2513 2514 86
2514 2515 5
2515 2516 66
2516 2517 65
2517 2518 100
2518 2519 55
2519 2520 67
2520 2521 22
2521 2522 62
2522 2523 7
2523 2524 9
2524 2525 69
2525 2526 16
2526 2527 59
2527 2528 56
2528 2529 65
2529 2530 55
2530 2531 31
2531 2532 24
2532 2533 5
2533 2534 6
2534 2535 22
2535 2536 7
2536 2537 73
2537 2538 50
2538 2539 19
2539 2540 68
2540 2541 33
2541 2542 17
2542 2543 91
2543 2544 90
2544 2545 61
2545 2546 61
2546 2547 71
2547 2548 13
2548 2549 33
2549 2550 77
2550 2551 37
2551 2552 57
2552 2553 5
2553 2554 5
2554 2555 17
2555 2556 36
2556 2557 11
2557 2558 32
2558 2559 51
2559 2560 71
2560 2561 59
2561 2562 84
2562 2563 71
2563 2564 69
2564 2565 60
2565 2566 32
2566 2567 70
2567 2568 72
2568 2569 20
2569 2570 22
2570 2571 33
2571 2572 79
2572 2573 82
2573 2574 37
2574 2575 76
2575 2576 99
2576 2577 68
2577 2578 96
2578 2579 63
2579 2580 27
2580 2581 40
2581 2582 47
2582 2583 21
2583 2584 90
2584 2585 87
2585 2586 75
2586 2587 78
2587 2588 93
2588 2589 64
2589 2590 88
2590 2591 64
2591 2592 98
2592 2593 68
2593 2594 77
2594 2595 42
2595 2596 89
2596 2597 32
2597 2598 83
2598 2599 70
2599 2600 44
2600 2601 58
2601 2602 89
2602 2603 83
2603 2604 62
2604 2605 72
2605 2606 7
2606 2607 99
2607 2608 62
2608 2609 41
2609 2610 21
2610 2611 77
2611 2612 54
2612 2613 89
2613 2614 8
2614 2615 54
2615 2616 13
2616 2617 93
2617 2618 16
2618 2619 17
2619 2620 73
2620 2621 100
2621 2622 44
2622 2623 77
2623 2624 88
2624 2625 61
2625 2626 91
2626 2627 38
2627 2628 99
2628 2629 85
2629 2630 87
2630 2631 17
2631 2632 20
2632 2633 32
2633 2634 21
2634 2635 30
2635 2636 78
2636 2637 35
2637 2638 85
2638 2639 29
2639 2640 81
2640 2641 11
2641 2642 54
2642 2643 58
2643 2644 61
2644 2645 78
2645 2646 83
2646 2647 57
2647 2648 30
2648 2649 18
2649 2650 12
2650 2651 36
2651 2652 37
2652 2653 47
2653 2654 86
2654 2655 52
2655 2656 35
2656 2657 39
2657 2658 34
2658 2659 35
2659 2660 92
2660 2661 45
2661 2662 93
2662 2663 71
2663 2664 54
2664 2665 35
2665 2666 10
2666 2667 62
2667 2668 58
2668 2669 45
2669 2670 96
2670 2671 26
2671 2672 41
2672 2673 45
2673 2674 31
2674 2675 69
2675 2676 15
2676 2677 39
2677 2678 92
2678 2679 48
2679 2680 51
2680 2681 57
2681 2682 30
2682 2683 19
2683 2684 27
2684 2685 43
2685 2686 37
2686 2687 31
2687 2688 24
2688 2689 15
2689 2690 21
2690 2691 55
2691 2692 55
2692 2693 75
2693 2694 41
2694 2695 42
2695 2696 24
2696 2697 33
2697 2698 56
2698 2699 97
2699 2700 31
2700 2701 95
2701 2702 99
2702 2703 41
2703 2704 87
2704 2705 84
2705 2706 27
2706 2707 48
2707 2708 65
2708 2709 26
2709 2710 60
2710 2711 96
2711 2712 35
2712 2713 48
2713 2714 69
2714 2715 19
2715 2716 73
2716 2717 24
2717 2718 73
2718 2719 65
2719 2720 87
2720 2721 56
2721 2722 92
2722 2723 61
2723 2724 29
2724 2725 86
2725 2726 61
2726 2727 39
2727 2728 68
2728 2729 99
2729 2730 41
2730 2731 58
2731 2732 33
2732 2733 90
2733 2734 39
2734 2735 78
2735 2736 10
2736 2737 25
2737 2738 6
2738 2739 39
2739 2740 13
2740 2741 66
2741 2742 37
2742 2743 8
2743 2744 56
2744 2745 97
2745 2746 13
2746 2747 20
2747 2748 18
2748 2749 9
2749 2750 41
2750 2751 16
2751 2752 98
2752 2753 30
2753 2754 31
2754 2755 48
2755 2756 29
2756 2757 99
2757 2758 32
2758 2759 56
2759 2760 77
2760 2761 55
2761 2762 48
2762 2763 61
2763 2764 10
2764 2765 14
2765 2766 23
2766 2767 36
2767 2768 83
2768 2769 95
2769 2770 32
2770 2771 93
2771 2772 94
2772 2773 35
2773 2774 84
2774 2775 20
2775 2776 91
2776 2777 21
2777 2778 82
2778 2779 83
2779 2780 80
2780 2781 96
2781 2782 80
2782 2783 74
2783 2784 63
2784 2785 98
2785 2786 54
2786 2787 77
2787 2788 68
2788 2789 25
2789 2790 44
2790 2791 59
2791 2792 82
2792 2793 33
2793 2794 51
2794 2795 38
2795 2796 55
2796 2797 33
2797 2798 28
2798 2799 61
2799 2800 95
2800 2801 63
2801 2802 74
2802 2803 37
2803 2804 78
2804 2805 42
2805 2806 83
2806 2807 18
2807 2808 54
2808 2809 11
2809 2810 100
2810 2811 63
2811 2812 34
2812 2813 6
2813 2814 55
2814 2815 54
2815 2816 46
2816 2817 95
2817 2818 58
2818 2819 85
2819 2820 89
2820 2821 89
2821 2822 29
2822 2823 36
2823 2824 65
2824 2825 66
2825 2826 96
2826 2827 89
2827 2828 17
2828 2829 38
2829 2830 55
2830 2831 93
2831 2832 64
2832 2833 23
2833 2834 39
2834 2835 33
2835 2836 48
2836 2837 75
2837 2838 96
2838 2839 75
2839 2840 96
2840 2841 42
2841 2842 74
2842 2843 33
2843 2844 56
2844 2845 61
2845 2846 90
2846 2847 85
2847 2848 40
2848 2849 16
2849 2850 87
2850 2851 84
2851 2852 37
2852 2853 7
2853 2854 13
2854 2855 13
2855 2856 68
2856 2857 34
2857 2858 18
2858 2859 73
2859 2860 47
2860 2861 43
2861 2862 75
2862 2863 25
2863 2864 53
2864 2865 86
2865 2866 66
2866 2867 93
2867 2868 59
2868 2869 60
2869 2870 23
2870 2871 11
2871 2872 70
2872 2873 14
2873 2874 82
2874 2875 57
2875 2876 7
2876 2877 69
2877 2878 82
2878 2879 36
2879 2880 11
2880 2881 16
2881 2882 95
2882 2883 11
2883 2884 7
2884 2885 74
2885 2886 93
2886 2887 95
2887 2888 50
2888 2889 53
2889 2890 9
2890 2891 53
2891 2892 28
2892 2893 49
2893 2894 43
2894 2895 35
2895 2896 79
2896 2897 96
2897 2898 74
2898 2899 59
2899 2900 29
2900 2901 11
2901 2902 28
2902 2903 51
2903 2904 67
2904 2905 33
2905 2906 85
2906 2907 74
2907 2908 13
2908 2909 68
2909 2910 23
2910 2911 95
2911 2912 92
2912 2913 64
2913 2914 41
2914 2915 17
2915 2916 58
2916 2917 30
2917 2918 15
2918 2919 6
2919 2920 31
2920 2921 31
2921 2922 35
2922 2923 8
2923 2924 74
2924 2925 59
2925 2926 15
2926 2927 43
2927 2928 92
2928 2929 24
2929 2930 80
2930 2931 27
2931 2932 100
2932 2933 73
2933 2934 34
2934 2935 13
2935 2936 56
2936 2937 93
2937 2938 93
2938 2939 29
2939 2940 67
2940 2941 61
2941 2942 71
2942 2943 90
2943 2944 33
2944 2945 19
2945 2946 17
2946 2947 74
2947 2948 61
2948 2949 89
2949 2950 45
2950 2951 68
2951 2952 87
2952 2953 28
2953 2954 58
2954 2955 18
2955 2956 89
2956 2957 63
2957 2958 56
2958 2959 69
2959 2960 62
2960 2961 55
2961 2962 33
2962 2963 33
2963 2964 21
2964 2965 51
2965 2966 28
2966 2967 74
2967 2968 78
2968 2969 51
2969 2970 89
2970 2971 43
2971 2972 70
2972 2973 43
2973 2974 56
2974 2975 86
2975 2976 63
2976 2977 61
2977 2978 34
2978 2979 22
2979 2980 28
2980 2981 27
2981 2982 11
2982 2983 68
2983 2984 56
2984 2985 16
2985 2986 6
2986 2987 11
2987 2988 95
2988 2989 16
2989 2990 22
2990 2991 62
2991 2992 32
2992 2993 57
2993 2994 67
2994 2995 40
2995 2996 50
2996 2997 65
2997 2998 18
2998 2999 48
2999 3000 5
3000 3001 50
3001 3002 36
3002 3003 79
3003 3004 84
3004 3005 58
3005 3006 93
3006 3007 12
3007 3008 76
3008 3009 32
3009 3010 43
3010 3011 53
3011 3012 23
3012 3013 83
3013 3014 96
3014 3015 30
3015 3016 96
3016 3017 38
3017 3018 98
3018 3019 26
3019 3020 66
3020 3021 65
3021 3022 79
3022 3023 66
3023 3024 78
3024 3025 17
3025 3026 56
3026 3027 96
3027 3028 18
3028 3029 58
3029 3030 42
3030 3031 54
3031 3032 22
3032 3033 76
3033 3034 5
3034 3035 7
3035 3036 95
3036 3037 87
3037 3038 91
3038 3039 47
3039 3040 70
3040 3041 78
3041 3042 31
3042 3043 67
3043 3044 91
3044 3045 25
3045 3046 43
3046 3047 87
3047 3048 15
3048 3049 86
3049 3050 51
3050 3051 80
3051 3052 74
3052 3053 29
3053 3054 72
3054 3055 80
3055 3056 27
3056 3057 55
3057 3058 14
3058 3059 12
3059 3060 86
3060 3061 6
3061 3062 15
3062 3063 46
3063 3064 16
3064 3065 92
3065 3066 15
3066 3067 21
3067 3068 6
3068 3069 45
3069 3070 32
3070 3071 7
3071 3072 17
3072 3073 33
3073 3074 92
3074 3075 6
3075 3076 85
3076 3077 96
3077 3078 30
3078 3079 73
3079 3080 46
3080 3081 74
3081 3082 88
3082 3083 30
3083 3084 14
3084 3085 15
3085 3086 24
3086 3087 41
3087 3088 12
3088 3089 63
3089 3090 52
3090 3091 69
3091 3092 46
3092 3093 99
3093 3094 84
3094 3095 71
3095 3096 11
3096 3097 9
3097 3098 93
3098 3099 82
3099 3100 62
3100 3101 63
3101 3102 62
3102 3103 78
3103 3104 48
3104 3105 49
3105 3106 68
3106 3107 38
3107 3108 95
3108 3109 46
3109 3110 54
3110 3111 21
3111 3112 26
3112 3113 80
3113 3114 5
3114 3115 76
3115 3116 68
3116 3117 16
3117 3118 91
3118 3119 5
3119 3120 55
3120 3121 84
3121 3122 5
3122 3123 70
3123 3124 38
3124 3125 46
3125 3126 48
3126 3127 35
3127 3128 85
3128 3129 18
3129 3130 22
3130 3131 23
3131 3132 82
3132 3133 78
3133 3134 78
3134 3135 30
3135 3136 70
3136 3137 24
3137 3138 69
3138 3139 60
3139 3140 91
3140 3141 8
3141 3142 5
3142 3143 23
3143 3144 7
3144 3145 14
3145 3146 5
3146 3147 70
3147 3148 82
3148 3149 57
3149 3150 52
3150 3151 77
3151 3152 83
3152 3153 44
3153 3154 67
3154 3155 87
3155 3156 33
3156 3157 97
3157 3158 29
3158 3159 23
3159 3160 32
3160 3161 59
3161 3162 45
3162 3163 55
3163 3164 29
3164 3165 67
3165 3166 18
3166 3167 49
3167 3168 13
3168 3169 7
3169 3170 100
3170 3171 88
3171 3172 49
3172 3173 91
3173 3174 74
3174 3175 55
3175 3176 49
3176 3177 41
3177 3178 88
3178 3179 59
3179 3180 69
3180 3181 89
3181 3182 37
3182 3183 54
3183 3184 99
3184 3185 57
3185 3186 78
3186 3187 80
3187 3188 15
3188 3189 59
3189 3190 86
3190 3191 59
3191 3192 53
3192 3193 96
3193 3194 53
3194 3195 99
3195 3196 100
3196 3197 17
3197 3198 52
3198 3199 20
3199 3200 5
3200 3201 17
3201 3202 66
3202 3203 7
3203 3204 8
3204 3205 60
3205 3206 61
3206 3207 31
3207 3208 69
3208 3209 50
3209 3210 60
3210 3211 42
3211 3212 57
3212 3213 31
3213 3214 46
3214 3215 13
3215 3216 6
3216 3217 76
3217 3218 38
3218 3219 76
3219 3220 74
3220 3221 19
3221 3222 89
3222 3223 53
3223 3224 71
3224 3225 19
3225 3226 91
3226 3227 38
3227 3228 52
3228 3229 47
3229 3230 83
3230 3231 50
3231 3232 81
3232 3233 13
3233 3234 73
3234 3235 9
3235 3236 25
3236 3237 33
3237 3238 63
3238 3239 6
3239 3240 58
3240 3241 82
3241 3242 36
3242 3243 64
3243 3244 100
3244 3245 78
3245 3246 87
3246 3247 72
3247 3248 13
3248 3249 87
3249 3250 27
3250 3251 44
3251 3252 58
3252 3253 73
3253 3254 65
3254 3255 71
3255 3256 92
3256 3257 47
3257 3258 30
3258 3259 6
3259 3260 31
3260 3261 100
3261 3262 46
3262 3263 63
3263 3264 29
3264 3265 91
3265 3266 92
3266 3267 60
3267 3268 32
3268 3269 66
3269 3270 38
3270 3271 37
3271 3272 18
3272 3273 19
3273 3274 36
3274 3275 84
3275 3276 11
3276 3277 67
3277 3278 92
3278 3279 100
3279 3280 13
3280 3281 45
3281 3282 5
3282 3283 50
3283 3284 43
3284 3285 13
3285 3286 25
3286 3287 76
3287 3288 7
3288 3289 15
3289 3290 92
3290 3291 52
3291 3292 14
3292 3293 97
3293 3294 48
3294 3295 87
3295 3296 76
3296 3297 53
3297 3298 71
3298 3299 66
3299 3300 16
3300 3301 98
3301 3302 10
3302 3303 16
3303 3304 66
3304 3305 16
3305 3306 82
3306 3307 7
3307 3308 49
3308 3309 19
3309 3310 83
3310 3311 64
3311 3312 43
3312 3313 27
3313 3314 96
3314 3315 97
3315 3316 82
3316 3317 70
3317 3318 50
3318 3319 49
3319 3320 92
3320 3321 61
3321 3322 29
3322 3323 52
3323 3324 6
3324 3325 47
3325 3326 53
3326 3327 39
3327 3328 47
3328 3329 72
3329 3330 86
3330 3331 70
3331 3332 78
3332 3333 42
3333 3334 90
3334 3335 57
3335 3336 41
3336 3337 86
3337 3338 88
3338 3339 64
3339 3340 24
3340 3341 55
3341 3342 82
3342 3343 75
3343 3344 15
3344 3345 40
3345 3346 100
3346 3347 51
3347 3348 23
3348 3349 88
3349 3350 77
3350 3351 71
3351 3352 98
3352 3353 59
3353 3354 37
3354 3355 26
3355 3356 46
3356 3357 31
3357 3358 56
3358 3359 24
3359 3360 84
3360 3361 56
3361 3362 89
3362 3363 59
3363 3364 94
3364 3365 97
3365 3366 45
3366 3367 9
3367 3368 8
3368 3369 89
3369 3370 20
3370 3371 66
3371 3372 17
3372 3373 34
3373 3374 79
3374 3375 80
3375 3376 28
3376 3377 72
3377 3378 6
3378 3379 11
3379 3380 69
3380 3381 52
3381 3382 71
3382 3383 31
3383 3384 16
3384 3385 27
3385 3386 56
3386 3387 94
3387 3388 6
3388 3389 52
3389 3390 11
3390 3391 62
3391 3392 9
3392 3393 18
3393 3394 26
3394 3395 10
3395 3396 74
3396 3397 44
3397 3398 83
3398 3399 27
3399 3400 36
3400 3401 64
3401 3402 38
3402 3403 5
3403 3404 60
3404 3405 64
3405 3406 30
3406 3407 58
3407 3408 10
3408 3409 10
3409 3410 58
3410 3411 97
3411 3412 76
3412 3413 27
3413 3414 100
3414 3415 62
3415 3416 29
3416 3417 50
3417 3418 30
3418 3419 53
3419 3420 48
3420 3421 13
3421 3422 31
3422 3423 30
3423 3424 77
3424 3425 41
3425 3426 36
3426 3427 97
3427 3428 27
3428 3429 98
3429 3430 34
3430 3431 8
3431 3432 11
3432 3433 27
3433 3434 16
3434 3435 19
3435 3436 18
3436 3437 43
3437 3438 66
3438 3439 89
3439 3440 36
3440 3441 59
3441 3442 56
3442 3443 73
3443 3444 83
3444 3445 55
3445 3446 22
3446 3447 21
3447 3448 66
3448 3449 59
3449 3450 46
3450 3451 50
3451 3452 61
3452 3453 58
3453 3454 9
3454 3455 34
3455 3456 53
3456 3457 90
3457 3458 56
3458 3459 18
3459 3460 58
3460 3461 100
3461 3462 25
3462 3463 74
3463 3464 5
3464 3465 74
3465 3466 21
3466 3467 51
3467 3468 5
3468 3469 94
3469 3470 92
3470 3471 17
3471 3472 54
3472 3473 10
3473 3474 15
3474 3475 80
3475 3476 37
3476 3477 49
3477 3478 28
3478 3479 91
3479 3480 29
3480 3481 93
3481 3482 34
3482 3483 15
3483 3484 20
3484 3485 16
3485 3486 65
3486 3487 27
3487 3488 64
3488 3489 49
3489 3490 83
3490 3491 10
3491 3492 41
3492 3493 40
3493 3494 13
3494 3495 45
3495 3496 82
3496 3497 36
3497 3498 13
3498 3499 88
3499 3500 15
3500 3501 53
3501 3502 14
3502 3503 30
3503 3504 92
3504 3505 74
3505 3506 59
3506 3507 23
3507 3508 28
3508 3509 80
3509 3510 46
3510 3511 42
3511 3512 12
3512 3513 16
3513 3514 49
3514 3515 72
3515 3516 18
3516 3517 32
3517 3518 52
3518 3519 49
3519 3520 14
3520 3521 11
3521 3522 85
3522 3523 12
3523 3524 12
3524 3525 64
3525 3526 20
3526 3527 88
3527 3528 44
3528 3529 70
3529 3530 42
3530 3531 94
3531 3532 7
3532 3533 28
3533 3534 81
3534 3535 29
3535 3536 18
3536 3537 46
3537 3538 100
3538 3539 50
3539 3540 96
3540 3541 85
3541 3542 47
3542 3543 28
3543 3544 10
3544 3545 13
3545 3546 13
3546 3547 80
3547 3548 8
3548 3549 27
3549 3550 20
3550 3551 36
3551 3552 17
3552 3553 81
3553 3554 29
3554 3555 81
3555 3556 81
3556 3557 31
3557 3558 7
3558 3559 97
3559 3560 23
3560 3561 44
3561 3562 34
3562 3563 20
3563 3564 83
3564 3565 29
3565 3566 14
3566 3567 91
3567 3568 78
3568 3569 9
3569 3570 54
3570 3571 58
3571 3572 80
3572 3573 42
3573 3574 54
3574 3575 20
3575 3576 72
3576 3577 93
3577 3578 28
3578 3579 24
3579 3580 29
3580 3581 28
3581 3582 81
3582 3583 39
3583 3584 40
3584 3585 15
3585 3586 63
3586 3587 71
3587 3588 39
3588 3589 42
3589 3590 48
3590 3591 80
3591 3592 37
3592 3593 17
3593 3594 7
3594 3595 41
3595 3596 49
3596 3597 97
3597 3598 66
3598 3599 84
3599 3600 17
3600 3601 35
3601 3602 7
3602 3603 62
3603 3604 99
3604 3605 34
3605 3606 53
3606 3607 71
3607 3608 96
3608 3609 71
3609 3610 27
3610 3611 22
3611 3612 51
3612 3613 49
3613 3614 58
3614 3615 44
3615 3616 15
3616 3617 16
3617 3618 53
3618 3619 37
3619 3620 55
3620 3621 10
3621 3622 99
3622 3623 94
3623 3624 81
3624 3625 98
3625 3626 31
3626 3627 67
3627 3628 41
3628 3629 88
3629 3630 64
3630 3631 35
3631 3632 86
3632 3633 96
3633 3634 59
3634 3635 72
3635 3636 84
3636 3637 47
3637 3638 69
3638 3639 7
3639 3640 55
3640 3641 71
3641 3642 75
3642 3643 97
3643 3644 51
3644 3645 93
3645 3646 37
3646 3647 14
3647 3648 22
3648 3649 32
3649 3650 18
3650 3651 22
3651 3652 75
3652 3653 21
3653 3654 30
3654 3655 75
3655 3656 20
3656 3657 16
3657 3658 31
3658 3659 23
3659 3660 76
3660 3661 18
3661 3662 82
3662 3663 24
3663 3664 92
3664 3665 41
3665 3666 85
3666 3667 84
3667 3668 22
3668 3669 51
3669 3670 30
3670 3671 56
3671 3672 5
3672 3673 59
3673 3674 29
3674 3675 74
3675 3676 93
3676 3677 13
3677 3678 96
3678 3679 65
3679 3680 5
3680 3681 25
3681 3682 77
3682 3683 21
3683 3684 26
3684 3685 99
3685 3686 17
3686 3687 13
3687 3688 96
3688 3689 35
3689 3690 56
3690 3691 67
3691 3692 35
3692 3693 74
3693 3694 10
3694 3695 41
3695 3696 21
3696 3697 35
3697 3698 53
3698 3699 83
3699 3700 54
3700 3701 82
3701 3702 86
3702 3703 43
3703 3704 75
3704 3705 66
3705 3706 84
3706 3707 56
3707 3708 10
3708 3709 17
3709 3710 36
3710 3711 15
3711 3712 42
3712 3713 71
3713 3714 99
3714 3715 65
3715 3716 29
3716 3717 40
3717 3718 99
3718 3719 89
3719 3720 64
3720 3721 22
3721 3722 69
3722 3723 85
3723 3724 87
3724 3725 26
3725 3726 67
3726 3727 21
3727 3728 99
3728 3729 35
3729 3730 54
3730 3731 51
3731 3732 88
3732 3733 24
3733 3734 90
3734 3735 89
3735 3736 27
3736 3737 12
3737 3738 45
3738 3739 98
3739 3740 29
3740 3741 69
3741 3742 54
3742 3743 38
3743 3744 8
3744 3745 58
3745 3746 16
3746 3747 7
3747 3748 94
3748 3749 69
3749 3750 89
3750 3751 85
3751 3752 67
3752 3753 92
3753 3754 10
3754 3755 87
3755 3756 24
3756 3757 92
3757 3758 76
3758 3759 41
3759 3760 22
3760 3761 6
3761 3762 98
3762 3763 6
3763 3764 48
3764 3765 78
3765 3766 48
3766 3767 79
3767 3768 36
3768 3769 63
3769 3770 93
3770 3771 77
3771 3772 48
3772 3773 97
3773 3774 28
3774 3775 38
3775 3776 81
3776 3777 15
3777 3778 94
3778 3779 32
3779 3780 36
3780 3781 77
3781 3782 56
3782 3783 37
3783 3784 96
3784 3785 50
3785 3786 55
3786 3787 13
3787 3788 6
3788 3789 72
3789 3790 40
3790 3791 92
3791 3792 10
3792 3793 100
3793 3794 43
3794 3795 94
3795 3796 97
3796 3797 68
3797 3798 70
3798 3799 97
3799 3800 85
3800 3801 58
3801 3802 8
3802 3803 93
3803 3804 6
3804 3805 86
3805 3806 47
3806 3807 38
3807 3808 30
3808 3809 98
3809 3810 9
3810 3811 47
3811 3812 37
3812 3813 54
3813 3814 40
3814 3815 15
3815 3816 93
3816 3817 15
3817 3818 68
3818 3819 66
3819 3820 23
3820 3821 30
3821 3822 100
3822 3823 19
3823 3824 12
3824 3825 30
3825 3826 97
3826 3827 75
3827 3828 67
3828 3829 44
3829 3830 58
3830 3831 52
3831 3832 57
3832 3833 77
3833 3834 69
3834 3835 99
3835 3836 92
3836 3837 29
3837 3838 8
3838 3839 71
3839 3840 32
3840 3841 16
3841 3842 47
3842 3843 22
3843 3844 31
3844 3845 97
3845 3846 36
3846 3847 65
3847 3848 98
3848 3849 67
3849 3850 28
3850 3851 83
3851 3852 55
3852 3853 74
3853 3854 77
3854 3855 25
3855 3856 9
3856 3857 87
3857 3858 76
3858 3859 63
3859 3860 72
3860 3861 64
3861 3862 97
3862 3863 46
3863 3864 72
3864 3865 66
3865 3866 12
3866 3867 88
3867 3868 82
3868 3869 10
3869 3870 61
3870 3871 29
3871 3872 59
3872 3873 68
3873 3874 68
3874 3875 94
3875 3876 9
3876 3877 84
3877 3878 93
3878 3879 36
3879 3880 60
3880 3881 82
3881 3882 38
3882 3883 9
3883 3884 6
3884 3885 74
3885 3886 33
3886 3887 24
3887 3888 63
3888 3889 83
3889 3890 46
3890 3891 61
3891 3892 80
3892 3893 64
3893 3894 44
3894 3895 28
3895 3896 22
3896 3897 92
3897 3898 95
3898 3899 12
3899 3900 39
3900 3901 12
3901 3902 99
3902 3903 93
3903 3904 47
3904 3905 24
3905 3906 68
3906 3907 13
3907 3908 87
3908 3909 78
3909 3910 51
3910 3911 22
3911 3912 90
3912 3913 86
3913 3914 60
3914 3915 41
3915 3916 44
3916 3917 18
3917 3918 75
3918 3919 36
3919 3920 22
3920 3921 23
3921 3922 81
3922 3923 6
3923 3924 59
3924 3925 39
3925 3926 31
3926 3927 62
3927 3928 23
3928 3929 39
3929 3930 95
3930 3931 45
3931 3932 83
3932 3933 26
3933 3934 48
3934 3935 26
3935 3936 18
3936 3937 12
3937 3938 99
3938 3939 24
3939 3940 80
3940 3941 44
3941 3942 89
3942 3943 48
3943 3944 34
3944 3945 77
3945 3946 14
3946 3947 9
3947 3948 42
3948 3949 22
3949 3950 30
3950 3951 59
3951 3952 31
3952 3953 98
3953 3954 99
3954 3955 48
3955 3956 77
3956 3957 54
3957 3958 53
3958 3959 65
3959 3960 7
3960 3961 69
3961 3962 22
3962 3963 77
3963 3964 71
3964 3965 84
3965 3966 5
3966 3967 22
3967 3968 99
3968 3969 98
3969 3970 73
3970 3971 55
3971 3972 85
3972 3973 84
3973 3974 46
3974 3975 16
3975 3976 31
3976 3977 24
3977 3978 99
3978 3979 87
3979 3980 15
3980 3981 6
3981 3982 79
3982 3983 24
3983 3984 99
3984 3985 14
3985 3986 89
3986 3987 37
3987 3988 90
3988 3989 38
3989 3990 57
3990 3991 60
3991 3992 18
3992 3993 96
3993 3994 32
3994 3995 71
3995 3996 43
3996 3997 39
3997 3998 89
3998 3999 6
