5000 100
51030 84
7840 8
83618 37
39177 73
24009 33
91484 69
67447 12
26969 31
42333 44
59420 48
94179 58
94104 29
64006 88
47605 63
76997 16
2502 54
37371 7
58599 65
75243 76
90610 12
13290 74
52319 95
28581 40
43865 85
97778 81
78633 27
62136 93
99055 56
83607 37
98373 39
34760 70
48544 72
62751 89
49428 48
25701 42
34810 30
73833 11
95968 90
75029 33
88317 32
3786 70
87840 73
6428 17
93891 56
89121 66
25112 6
18519 58
44864 12
36191 3
44993 65
75044 9
81524 89
2599 50
86673 39
18635 53
55530 67
78285 100
3664 9
63692 91
44382 76
67743 62
69867 40
40304 94
58756 58
34926 3
33877 2
47934 55
57225 28
72594 46
54387 86
92362 62
25922 97
76328 76
5388 65
42381 59
12299 5
6298 73
98673 8
1842 10
9190 47
31399 23
20148 18
63707 44
74310 42
92915 55
31148 39
74386 100
29500 10
36776 18
55540 39
51102 9
15840 28
85819 37
57956 23
97307 61
96164 53
40013 19
40216 44
57715 22
32576 100
66928 53
84607 37
99101 38
32811 29
93041 83
73316 43
47837 65
47834 2
49781 32
31082 55
36417 71
55053 5
43294 19
36356 25
6591 65
98014 36
92952 88
7169 29
60570 83
66347 90
92382 66
49923 35
73311 43
31937 83
41706 22
32587 71
55525 31
3105 76
76465 72
89663 24
51030 41
17640 71
23102 89
40806 39
42086 41
44500 33
37530 97
17072 85
98921 79
56422 53
84621 92
14433 93
30480 94
54585 60
34241 38
22229 75
82570 82
54704 77
24061 63
81843 90
32147 12
67822 59
13532 44
16818 73
75390 73
61226 8
80917 15
49365 17
71417 9
74070 38
12488 29
20959 19
82149 83
29437 53
4873 96
54148 100
20266 40
60327 12
11513 92
12932 69
27408 65
2133 85
4191 10
7949 97
34035 31
69697 60
91916 94
64186 41
4257 72
73531 10
37051 85
66554 70
13422 88
92340 34
62107 2
98515 85
28130 77
14954 47
11850 55
40053 50
1313 20
1288 69
38074 16
67593 16
52345 60
88342 75
34393 32
64603 40
22633 76
57459 73
5292 16
48290 53
86620 82
42121 6
21601 86
75050 22
39209 93
33189 100
43200 72
59683 95
53377 79
4750 64
85259 96
55798 27
50653 65
46515 10
26800 79
7799 78
45762 60
54664 34
98243 40
30941 86
91489 86
85105 3
62268 64
22385 83
51611 74
3152 17
21534 74
34677 63
82614 73
2492 11
88824 100
69212 58
507 48
17665 51
62573 92
25181 20
24229 19
89104 1
6671 91
74489 68
78486 92
7315 43
54010 57
55700 65
43721 20
49276 85
2719 64
18918 98
91973 61
12022 51
9700 9
50696 69
94417 82
80721 93
72221 19
41948 45
11619 54
39848 84
38915 33
12172 83
80131 20
63952 71
78209 22
81216 65
94810 94
8313 63
98257 87
89799 92
52162 86
70467 21
26886 45
98406 22
73478 62
66524 3
97917 46
45487 11
92330 24
5522 38
82220 24
92710 33
94005 19
93282 80
98768 53
8645 73
69865 5
46180 79
25133 55
62086 85
49058 29
99078 89
91840 24
37714 23
16765 77
47 45
30954 87
5271 78
7397 50
89218 73
8540 91
5378 43
40303 7
45163 71
99711 36
97791 1
70575 72
51011 36
46386 39
80460 44
26088 99
46854 7
24416 44
13487 53
33231 13
87126 32
79329 76
30076 43
8403 15
40121 84
41547 47
85779 38
93995 71
67799 95
65115 97
28516 37
11061 22
88983 20
78967 81
53285 30
65317 54
31857 51
76218 23
64212 97
9635 4
2380 3
50596 21
31767 100
11269 65
4832 9
68296 90
8718 70
78815 70
92213 16
44367 84
73272 96
65506 7
30091 53
52099 94
96585 24
62129 90
39002 80
77391 48
60827 8
91657 45
89846 42
63136 29
78605 12
28764 100
68748 13
76844 4
26975 29
30523 64
78259 13
98228 88
3617 98
10353 98
47777 87
33708 17
91571 49
24008 58
38091 43
2204 43
56505 45
96267 39
75703 30
60589 88
82118 69
40427 83
17161 87
32530 76
80620 51
4352 23
92607 52
24344 60
26369 35
18723 7
61767 40
70809 62
29276 29
45951 16
71092 14
70967 28
68361 91
67733 19
98519 40
76182 5
99404 11
55070 10
75107 75
34651 11
41686 81
29106 7
17991 100
29046 28
3609 9
6506 9
9662 29
54194 6
1340 73
63560 70
9318 79
73777 33
47718 5
61716 38
66526 84
60664 93
21845 45
76903 34
88882 28
20505 29
58736 52
20824 15
85956 55
55585 68
91188 48
16218 36
94616 88
3325 76
11798 64
52766 93
54677 35
19772 36
76272 85
30281 67
12140 34
2081 65
14006 23
46720 21
12824 25
54959 12
54668 37
68756 20
69027 41
81954 8
87539 12
92922 100
36015 13
849 67
90650 24
88758 68
69920 18
52494 10
31688 9
98136 74
19094 10
10200 66
95674 39
14047 68
15597 23
49773 60
49062 22
19483 43
98972 87
32552 95
63116 87
74915 41
30894 100
15379 60
80341 56
85676 23
23556 11
31506 24
38157 92
41985 20
54677 55
52750 3
60617 72
53075 81
50493 35
13297 89
42674 7
30561 77
57279 16
437 77
16875 20
67735 13
73720 30
15996 71
30597 65
14411 47
15196 66
3825 46
24220 37
83054 15
71795 74
99655 8
5902 37
89773 44
20601 41
68420 56
37719 13
17761 8
51400 34
6847 23
38300 71
39515 5
43665 54
53590 64
94963 98
97088 28
96727 30
39982 7
7888 6
89381 86
76328 4
58714 58
98327 33
30577 60
91483 2
13496 3
26246 51
68197 47
16732 55
13781 6
52617 33
14282 35
2143 49
5956 58
11927 7
28162 98
52623 24
16924 34
89902 91
2047 81
95383 2
49831 65
49702 55
69446 39
50304 69
8273 13
35767 80
20701 52
16289 63
9334 22
52667 36
48632 6
78540 16
30361 11
98808 40
36022 57
20835 15
48203 66
37957 3
73798 39
87121 40
94542 39
6521 65
75783 72
87811 69
42453 12
97651 58
12448 50
80240 92
35621 95
40557 96
36212 67
50848 45
28090 31
52077 19
78386 37
92488 100
54762 8
30545 42
87336 56
28707 66
81123 69
69994 29
74097 45
55874 25
20916 67
6620 18
24781 1
81886 15
39725 51
58793 55
65241 75
63937 88
38507 69
478 85
69339 66
50777 36
83145 91
51989 30
4646 89
47533 1
22982 25
99835 89
36409 29
91345 93
29829 29
18239 5
30892 20
29057 92
72891 39
1579 83
22614 27
65622 60
20804 33
90181 98
45968 17
60041 94
45428 80
58502 35
88788 20
76568 80
61329 78
87258 10
62222 67
31090 28
96109 20
76810 23
83197 53
22997 3
65988 27
41462 43
38098 41
14598 83
53785 89
86667 71
85578 42
33737 29
89610 36
25026 79
4766 31
73070 57
50306 15
23976 67
34838 38
18389 71
62654 87
39354 44
55785 16
65808 95
30360 32
5721 21
52742 17
15903 18
32119 81
47266 70
46737 96
31559 49
24749 51
13633 2
33547 51
40642 24
53370 58
77410 32
34382 75
42662 41
70375 93
93632 49
62096 21
82871 15
84819 59
74152 89
88108 38
7895 58
81641 19
85635 46
65706 67
51152 81
17450 68
73312 43
69893 28
56989 83
18860 96
97555 28
70450 2
23543 57
67137 35
85940 49
14483 24
8936 80
23653 54
85021 46
69964 93
87125 54
34791 22
85330 46
96133 11
62411 54
47685 33
50891 47
41136 66
91026 46
65870 82
67229 62
54784 99
18715 83
80112 92
81539 75
35299 40
91115 14
8194 15
17720 20
60246 57
25862 90
97280 6
60805 86
93322 93
79165 96
88259 88
95272 17
59456 36
39625 99
57334 60
21241 30
96389 73
811 96
68685 81
71225 72
14115 9
37431 42
52422 96
91123 11
96137 69
18231 18
61731 56
57124 40
56218 3
44714 92
34657 22
73465 69
25485 52
82553 64
83104 35
86276 98
50749 26
57769 4
17994 14
21633 98
15940 62
73336 99
51740 48
59173 89
71979 86
13292 1
54450 73
62759 84
32617 72
86104 97
12837 21
59370 53
33428 19
34831 88
63471 42
64347 75
71743 43
4595 58
61253 83
39910 92
51571 35
52202 54
56651 34
17248 69
32796 65
96770 69
70250 10
93196 41
82978 93
85700 45
64783 2
88950 4
71954 5
48672 49
47461 63
97633 49
71671 36
9236 86
9615 12
62724 39
9799 78
38743 44
85008 71
47534 83
49034 81
85855 14
16926 7
3076 96
30981 91
38730 21
45951 71
90851 78
14252 20
7480 36
48036 25
65245 99
36263 20
92432 22
6726 68
73030 6
1257 26
13884 29
54486 15
73654 6
6077 28
14614 56
62524 77
38142 16
61488 12
21124 63
96148 8
55409 15
91036 84
56281 83
60542 27
20567 36
78750 43
12724 15
94195 11
37375 7
47066 46
49204 17
38626 51
44462 44
21158 82
97862 3
7725 27
99410 87
80700 26
90426 64
7137 82
41383 11
33377 60
58210 25
70948 44
95819 22
95620 84
15224 59
59549 37
65557 21
94908 41
70942 41
89862 29
26379 41
46930 95
35767 84
53887 39
76144 77
87300 39
26016 85
48266 26
39127 27
24203 51
3288 79
61416 41
4550 53
84866 35
10402 10
90203 82
27406 17
78258 66
85193 8
27731 69
95671 31
25057 64
15239 39
74055 34
36433 79
63916 77
58840 34
69214 72
61808 4
33607 78
35958 47
76784 69
43503 80
65265 81
50084 40
98427 33
600 68
90799 95
27507 5
4369 43
33089 50
74821 82
99919 63
74706 66
20039 77
64625 69
1018 20
66484 24
59499 24
25338 84
23831 84
92296 93
68384 12
72388 35
3258 71
60706 7
78371 22
86333 32
62197 43
40436 40
79795 64
71901 44
97002 30
84436 98
6142 89
43015 80
83260 7
93395 55
51558 71
9933 98
92644 38
3037 42
95123 60
72123 71
13070 59
75633 62
42184 47
30500 50
51178 18
95491 18
38113 68
48466 2
12816 52
32845 36
82649 58
74763 89
43519 38
37453 84
69131 61
15291 10
11854 92
70014 84
39443 81
70993 29
94865 43
55012 8
47995 63
22557 38
13944 70
24646 79
22965 39
1789 34
22758 34
47469 60
34986 7
47901 44
3976 22
43270 29
47640 45
78980 21
55103 69
55367 58
78586 100
32876 20
29645 23
75088 32
59513 81
76169 84
53252 9
19292 33
11118 13
23074 54
12867 81
15612 17
89635 35
96779 48
17871 22
62418 74
48997 13
26883 49
59202 63
788 74
18237 44
56341 53
83717 91
57568 18
97542 68
92619 62
84303 61
70653 27
28949 94
48960 16
88647 14
80328 92
50172 80
48458 21
49811 56
99013 7
83295 66
76851 82
51646 30
4285 45
12281 60
28402 32
51631 9
26779 82
92450 83
52321 12
61028 64
93290 78
22351 25
17738 10
75510 83
59096 91
53479 90
22832 9
96648 19
3819 57
23281 97
7992 52
96532 53
48181 26
4156 52
9732 100
58158 83
34718 63
99416 92
81014 24
42652 13
962 7
49821 2
95374 24
21090 9
46738 65
60971 21
58721 32
48156 52
36137 67
14632 48
83932 85
52670 62
49179 89
32363 4
81558 4
89577 41
69705 76
77879 53
13953 38
7337 99
75312 71
75609 90
78118 79
75679 96
10618 79
54341 98
86060 57
30178 99
86598 1
32257 89
41604 25
33408 21
12878 64
90600 49
48906 91
15461 14
96711 65
66455 60
73338 58
19152 37
61832 33
27901 4
76703 31
57521 24
91390 7
87755 13
2794 8
4738 54
23198 54
36187 57
69593 58
94046 33
274 2
92616 1
50948 40
18509 46
90003 38
76475 99
55989 40
44738 33
61889 94
53765 40
8574 8
29688 25
2276 88
12712 56
40156 100
17862 2
56149 80
84292 60
13812 1
16573 20
19987 15
65974 79
53436 6
1852 65
45713 7
37051 27
64295 43
66347 27
68349 27
58537 30
52742 34
10388 35
41687 38
12456 80
36688 5
74317 34
32599 71
37855 70
29701 94
74973 72
74677 28
36913 87
40601 96
98694 49
48571 34
39441 77
71023 13
92973 51
24366 95
23357 30
60723 8
47039 66
2186 78
54692 49
41492 63
19689 55
53001 43
64463 11
71775 20
52308 94
17885 20
45090 45
17342 57
80388 40
92597 24
85757 85
39794 47
69316 2
63947 78
95645 95
97120 29
71787 33
45272 70
30110 67
41117 32
6737 46
86100 51
96767 53
78651 17
19161 14
19756 6
26682 96
14335 2
64039 70
21447 7
30495 54
55712 55
73375 11
17058 100
55590 46
22860 80
55190 64
66155 25
93901 91
68837 8
1266 15
66170 18
1089 14
9355 91
21081 91
93719 84
57267 54
87753 35
28676 84
32837 64
61044 88
6682 99
25043 59
91410 12
21401 40
16795 5
8366 29
80514 60
38288 68
6321 70
82213 93
75753 11
13408 24
12075 24
97536 57
90431 70
80460 20
48480 82
85451 4
85224 36
98383 10
96146 24
85915 66
28080 64
41984 10
36846 92
94126 88
30837 30
71861 46
49861 18
20225 74
54295 66
83866 96
13532 65
95 78
58657 86
76374 86
61314 54
58474 73
74855 20
7061 89
84985 96
51580 41
98507 25
85180 21
85661 24
26174 4
94037 71
16353 39
59495 4
49474 1
16967 89
80303 67
81248 19
56691 65
72719 16
74885 83
38798 75
84720 10
87076 31
62277 4
82606 70
90467 3
70465 31
31460 25
75502 83
80260 86
57938 66
18134 36
32218 29
52479 53
94015 47
97260 26
51632 3
65476 95
50181 10
85842 53
38201 91
7908 100
60669 30
52819 39
90283 14
49111 67
38244 36
87798 75
21893 38
58559 43
23067 44
86432 59
27945 1
88034 28
9886 45
80530 72
36870 29
40343 14
55761 84
95050 33
30315 58
76784 3
57437 69
4680 18
39117 37
26684 48
9431 98
64669 10
99459 76
24603 69
12332 88
78173 26
10348 98
71126 76
57035 90
22678 94
58994 43
38125 4
7955 82
94735 2
58441 7
73050 26
65307 79
89340 93
2591 31
30241 63
80433 8
30546 33
77884 16
23591 37
46104 60
55098 25
58220 89
32643 77
20638 80
56381 7
53594 53
22026 18
5676 2
67477 28
74892 27
73532 29
95709 98
37059 26
49126 21
97381 83
47765 50
54987 5
32033 79
36191 91
53382 8
61651 35
99537 42
63647 23
14411 45
22247 30
39217 18
33000 99
9006 60
47642 62
9188 21
38201 88
95050 77
42732 87
42565 59
25123 59
23026 78
10692 33
40114 76
32835 61
20792 99
33814 57
93715 99
93122 68
30365 41
9738 4
91904 31
4248 61
28961 93
75004 76
33772 12
90710 49
18545 71
33923 11
11426 67
64601 66
65960 57
95355 99
30085 19
44869 2
23679 90
46128 68
61636 77
4096 90
94839 19
35069 92
62247 24
84501 76
62605 7
61567 58
89410 31
68311 48
99816 84
23732 56
13921 27
84681 89
87999 68
96226 48
9474 24
25786 95
74039 78
87992 3
3535 51
65772 26
89222 12
34475 62
1867 63
426 81
19765 74
5587 27
85075 88
31564 14
37024 47
87521 83
88271 54
3814 91
85384 98
28042 15
33549 45
23101 81
44757 15
18222 25
87311 80
39991 39
98117 78
27311 69
41054 19
62843 11
67726 95
76119 37
26455 96
8619 72
65642 99
56177 13
72708 33
3018 29
87007 20
39569 54
98476 4
91465 93
97645 56
33259 50
87707 90
67422 22
95360 41
50981 71
98382 47
76112 94
57224 36
5021 67
57993 6
18587 42
24761 46
16434 63
10145 9
5395 35
67972 90
72657 33
54642 73
64861 80
66663 61
95383 69
61083 23
21671 6
34077 8
69222 60
3679 26
77403 96
81373 72
72437 83
93341 57
65058 49
10819 78
25829 27
51217 60
76943 43
52978 84
11576 96
85155 42
37049 39
82322 82
55170 74
83865 3
34742 11
19552 94
49327 77
95835 41
11370 84
71795 12
8811 89
77449 88
16584 13
76257 27
18875 79
35549 41
39280 81
95660 88
59608 17
1513 86
31829 44
98370 3
80652 46
78860 49
35429 46
11973 39
11161 77
43561 2
26613 4
98760 22
32378 43
99991 68
25308 11
12325 22
79449 94
13738 47
2705 10
63268 40
75013 22
62516 40
23870 46
58720 97
73133 36
88143 57
74794 30
89575 43
50172 7
20619 9
93523 90
65586 93
11822 81
96133 76
42599 3
3902 31
40358 4
5909 39
90941 65
50683 92
48856 81
20528 35
20168 6
41315 79
23471 14
19142 30
8604 42
74695 85
19300 43
88073 61
27552 86
17966 11
71067 61
44213 8
22985 84
6830 46
46867 59
88841 23
99278 7
36928 8
67152 9
4618 48
99118 32
51166 95
9277 29
72189 66
89283 14
794 64
5422 61
10161 38
22498 13
43324 20
53223 92
4003 88
37503 53
55408 28
11580 55
44752 17
59970 8
9402 24
10735 12
82317 92
35211 53
55597 30
31044 86
52110 93
99107 79
60356 43
8298 31
16330 39
7963 37
5324 82
42246 63
86772 27
7012 34
51040 28
15896 92
10458 81
81190 95
93052 85
8934 48
27542 33
58319 45
88099 12
22192 72
88579 37
59685 56
9023 17
22205 68
42052 59
86730 39
52883 45
98459 79
64185 5
7757 24
79433 97
49017 7
58351 40
34347 90
38597 14
56219 46
27318 25
50343 26
57056 76
50897 91
54240 50
81821 32
26137 62
45085 97
83698 92
17081 34
41982 4
7016 100
37663 45
50687 79
20107 98
41610 87
77342 17
17315 79
51743 64
40642 52
83969 46
78032 22
14117 11
55871 45
55073 57
46935 35
92449 33
29528 24
4626 55
8471 60
69158 11
19873 20
84606 53
68571 8
65379 39
23877 10
40882 78
51857 44
48788 73
83446 39
5657 87
15395 47
51089 74
79749 97
26202 53
66697 26
79638 53
73632 64
13479 37
40311 22
53216 70
50068 22
8623 87
80705 3
26677 85
58693 29
95070 49
5869 38
69254 16
27710 90
25802 71
46793 11
58110 46
36973 60
75604 34
40553 98
91764 17
20377 95
22496 87
66153 50
38740 2
15887 58
13830 95
40622 6
87363 49
57816 59
39039 66
35278 6
30222 41
85297 64
12614 91
95982 3
97464 51
46441 77
13464 67
14203 38
96770 41
12327 16
42085 79
19416 95
65243 96
73652 26
30529 19
48673 19
93737 22
91250 16
58528 17
65905 19
65588 27
96509 68
28106 99
89974 70
74941 58
76197 23
72579 47
17579 39
49437 83
17165 86
51420 54
95811 27
87782 37
68563 14
27185 69
15678 97
47421 89
48629 52
45070 89
30623 32
43747 28
62221 66
66570 56
17798 92
82347 59
80700 75
65238 42
45435 48
42187 12
12512 29
53560 66
17903 63
27792 28
51271 66
91291 61
70593 69
58347 67
12165 40
57403 90
81505 45
43755 83
81249 17
76760 84
34887 93
31168 67
73503 5
60479 73
18264 20
59810 94
61459 27
28864 32
10749 35
23877 92
55989 77
70089 61
77308 66
10093 48
42647 7
71084 88
76498 67
14734 67
69453 37
96454 27
80291 76
93171 56
39617 80
60128 48
12663 54
74509 98
69018 10
77513 41
17063 22
76349 88
69651 16
73640 55
42115 83
32658 78
85161 32
69418 84
48019 26
59386 83
39051 78
67923 93
43384 80
17239 78
89288 17
2474 45
78493 12
52716 13
16675 29
47376 70
47583 14
9001 71
38482 57
3394 48
18091 33
50064 91
41996 48
79879 28
28586 45
53034 4
95471 98
97101 33
65888 32
29361 77
4869 49
76409 40
74499 27
75716 78
78304 53
99052 25
64043 81
36577 48
95417 32
72977 29
41994 38
86780 94
64008 8
96582 34
8403 11
895 30
68561 63
47213 42
1888 6
14368 97
46719 5
76599 80
63331 56
96809 33
99644 79
37163 30
30638 79
72492 76
46803 72
63473 13
37435 19
67353 81
64785 1
10481 61
12547 39
70924 15
65574 39
79346 100
2794 28
7930 19
92883 89
17121 28
78599 98
63196 40
55357 3
78041 33
55989 75
80609 61
66487 32
36204 2
28428 82
73506 94
56284 27
78197 15
18908 54
98226 25
34338 84
98830 79
1902 2
61290 13
41513 84
56367 5
67135 89
46769 13
69914 14
7840 28
30585 41
52322 96
75787 32
39790 23
56616 97
23075 9
49381 42
64616 6
37608 38
33067 24
23015 41
79322 57
77912 84
37307 67
75116 76
98632 59
99666 19
55571 85
42818 26
61207 30
83119 84
68233 33
69385 32
1292 45
62988 55
13367 21
18267 48
85223 18
20904 26
14596 28
86724 52
53319 37
72633 97
56310 69
69102 45
53414 44
72432 43
26405 5
47679 57
67589 28
3827 25
12584 92
80414 2
87769 42
40411 51
83191 95
95911 67
34100 83
69364 79
68650 1
67863 19
29487 54
89282 94
25438 77
17730 25
338 92
95905 85
31830 23
27237 9
98359 97
73727 99
52034 56
26956 88
13355 15
85138 97
45321 33
46234 66
20995 44
71060 23
17173 92
35168 49
45997 42
20512 59
80046 100
89140 30
22410 57
95673 35
79783 1
12031 1
91652 40
35385 9
51872 11
59793 60
75233 87
39481 19
66931 68
61162 24
69718 45
94032 41
7754 53
28318 25
17598 89
44353 40
27360 65
84906 46
58478 48
96095 32
48456 65
52796 68
69077 11
65588 49
67190 52
81951 5
86175 79
72219 43
71003 94
10992 13
40289 52
91338 85
11974 72
86665 85
76325 35
75942 95
97458 31
68165 42
13365 27
65818 42
90376 76
19870 62
44336 29
45778 14
59499 51
66278 10
71996 89
77617 2
2196 67
2006 30
78995 14
76192 34
86026 8
37196 27
4044 44
67082 73
5558 18
32291 74
38469 59
56355 17
4200 52
26167 61
9970 5
88458 70
16093 83
27011 51
81593 22
35509 75
53749 75
28769 49
90393 8
16078 74
66881 93
67349 32
2428 72
63501 36
84515 61
75285 96
17418 45
92215 20
41641 11
31191 30
17972 80
81900 33
49962 24
28811 26
69143 16
91882 25
42617 70
95397 82
76870 62
46262 29
34184 67
10982 93
39480 19
21718 52
45095 100
77262 82
80283 38
49131 9
99769 24
47165 87
72706 12
41116 15
96771 32
63433 94
30040 15
37321 3
44539 64
90754 89
27790 20
4435 61
93604 20
52601 22
15845 61
69224 67
64528 85
50388 35
4810 57
48084 90
10388 25
60232 76
34517 63
15865 91
53562 59
17943 52
86623 33
90732 80
99463 35
27144 77
74844 30
31350 53
34760 65
51808 69
46212 73
7728 90
79038 7
54011 9
4397 67
29788 80
63379 21
99956 52
44760 73
8391 13
96681 49
20654 3
55461 47
20369 84
46045 62
54182 1
23433 77
70481 93
57346 72
36021 83
21351 53
8574 9
62634 99
43802 56
53427 56
44329 2
28848 32
48426 50
25207 1
14588 27
94564 4
79247 59
28977 37
1518 87
6620 66
64734 53
46113 45
3917 100
13695 50
71619 44
15850 70
49548 20
64704 58
68113 59
58821 100
82046 40
41643 48
79510 90
11675 95
95851 39
40393 65
88331 61
25097 81
45089 82
57032 31
61240 18
22645 78
92970 28
94008 64
29923 52
73691 67
36314 37
59560 19
99982 81
52928 5
49963 43
14354 25
3541 61
84005 78
30112 49
49298 63
4342 50
78169 15
42907 41
19486 65
38190 49
98456 80
18333 4
13138 44
11496 97
27419 66
97685 16
95960 10
67773 67
16224 25
36939 73
46618 20
6011 44
86323 90
20180 48
33536 92
83875 83
41445 62
38153 79
75242 31
90219 73
98813 18
90624 40
74795 90
20774 24
5166 67
44786 66
50429 13
71306 1
78719 55
5109 19
44786 6
90548 85
27114 38
5704 28
69908 42
6098 87
26261 64
8576 22
15423 66
123 22
16333 69
53277 52
75894 47
83890 77
57215 20
45920 62
62539 15
52689 2
86907 63
76937 14
32242 52
70426 66
83710 22
449 36
31272 95
35012 6
17014 38
71982 96
37071 1
3197 34
56515 3
21978 32
82594 9
38771 88
39400 44
81766 74
78703 6
40834 32
40377 12
90289 98
7274 65
94087 10
43701 25
81485 85
33753 97
71962 72
86695 61
54138 76
436 97
75893 90
70545 85
12527 7
53260 92
98400 76
92526 72
69879 41
13284 17
53646 73
85346 99
89772 43
74644 60
91208 62
53671 26
38765 6
65066 72
31244 73
50598 64
61818 77
99081 50
13626 49
50971 90
9370 2
16 95
26535 59
47621 91
67235 29
94684 1
23365 48
92415 17
80059 76
66337 98
44985 2
73318 79
83522 25
98786 46
78372 91
31522 45
58685 37
28560 29
39898 89
53030 100
1218 79
25782 34
20626 16
81821 85
18679 12
82793 7
443 28
49583 2
35243 43
45121 67
47714 10
29784 99
78076 92
54193 100
10543 28
13847 26
56963 93
150 92
72605 8
68324 75
27110 87
99440 62
8812 32
53812 25
1071 61
45029 27
19202 4
42191 24
18760 20
60364 90
7413 87
63385 44
78766 50
42384 12
56276 90
63453 30
96402 46
48230 88
9701 42
14982 30
31548 5
12938 13
2625 17
59549 2
71905 87
67246 78
92433 78
55000 19
80617 62
3862 97
96417 82
96682 92
61990 95
94472 84
36499 36
26063 56
73313 23
34423 88
75877 84
67843 74
97427 69
74845 83
91346 38
41721 58
44209 9
41108 83
66879 57
24989 2
32231 96
3423 29
33731 27
7427 60
64520 21
99659 79
92206 13
96049 64
59013 71
16403 60
29208 76
31919 21
35702 9
15325 41
48267 61
60801 32
31874 95
79364 51
58539 49
2293 9
41493 22
33060 47
36390 37
23777 88
49968 51
1833 52
60577 4
77167 70
14928 23
96085 39
36066 75
20308 18
65423 44
7650 84
85899 54
48058 62
98780 7
34971 83
62895 62
92545 41
63241 52
61744 25
16722 4
1012 85
67752 71
41662 96
28877 20
90632 4
65048 57
83547 54
64444 94
56830 17
96733 19
96320 7
48453 83
74429 7
28616 27
18031 92
84235 86
10265 30
76805 24
46875 40
83418 18
66207 1
75685 27
51730 86
51194 66
21278 27
31640 100
90570 11
27256 43
83069 28
73989 8
77898 61
82569 35
22605 80
46599 88
79181 75
39057 18
21126 9
86399 92
34173 28
84368 68
96505 78
4187 68
83628 84
56766 49
60876 1
75536 79
18622 75
44706 82
82395 45
70125 78
48922 76
3914 90
76467 48
14858 1
62421 18
72623 55
30275 8
5871 43
93155 83
57413 73
33339 48
69989 66
4594 22
27845 1
34473 14
28143 99
40594 49
86240 63
76858 45
78801 45
2441 17
48014 26
46777 11
88142 36
60575 21
66002 30
32487 76
63992 12
93360 22
47828 91
57530 81
3705 14
44709 76
19917 73
1887 68
81419 65
34980 44
31127 39
18210 9
14753 85
24086 97
82509 90
98791 60
27925 23
97706 28
95897 9
20833 92
3443 61
9186 43
71455 65
12999 40
63315 24
82635 99
20025 69
9303 17
94004 24
41747 1
64056 28
25091 77
35389 15
92794 51
29537 45
50260 51
3475 48
53758 14
55789 66
40066 24
13350 45
14509 34
73576 59
19751 96
80507 86
65362 78
91537 83
16801 89
63585 19
36444 48
48384 19
36766 95
24361 80
53914 30
52252 99
24021 94
98938 83
49240 47
58 17
63736 78
15346 27
44448 34
40309 45
85337 84
53430 47
42178 4
28145 86
54421 65
56581 11
54027 95
31282 100
9862 51
89744 31
84554 46
11457 45
94789 8
79281 16
26887 51
81991 77
66842 78
988 91
10141 48
97545 20
2122 41
31384 93
20362 97
9062 80
19265 25
27225 68
4906 20
41169 83
94572 55
45073 9
8809 16
4411 73
85255 56
70269 63
8278 36
51961 93
69055 7
69358 55
28788 68
22686 27
91763 71
2166 28
74454 86
52968 22
26529 57
18680 31
73976 12
26322 23
31205 82
603 64
81570 56
67472 61
69147 57
52709 29
10287 38
96891 75
35744 69
94802 59
19364 47
34845 55
20297 87
20114 10
13646 81
30865 79
35385 68
53830 7
68001 71
16366 22
53735 98
55175 77
1865 86
34376 68
12053 13
25557 85
81170 96
14652 40
15171 91
95309 97
560 88
33842 45
67281 31
72790 82
87047 35
6757 71
46578 15
65464 49
75540 2
15781 76
44175 69
40823 2
55027 81
62919 74
39730 53
4804 60
6453 9
30829 83
565 54
32653 8
7456 30
92190 20
98479 16
75433 27
84150 55
70327 8
56787 18
53448 66
20182 22
362 25
20017 13
85298 48
90133 24
48759 64
71237 92
99145 80
49468 34
89703 51
27235 94
85267 57
3240 74
39276 60
83858 86
57295 75
75007 28
79598 24
12261 2
93762 70
48911 93
33857 26
84157 45
72629 93
73662 4
94933 62
65923 75
89425 49
5476 85
2986 61
93049 65
60193 54
29303 29
5447 64
57001 59
20667 72
79162 43
40210 71
11324 28
43258 96
55153 72
39384 73
73248 97
36252 9
18199 89
13417 62
74534 99
74474 74
52584 40
41764 97
27011 70
71366 28
77671 17
18602 8
67004 8
82276 73
49073 60
32505 9
79883 98
22465 17
17019 70
38729 55
64350 75
99894 20
5070 3
28341 83
25095 24
74977 43
73800 67
41769 72
38701 93
92939 8
53437 62
70903 59
24812 56
51880 40
22551 12
64468 67
43791 43
37214 97
62061 26
43752 74
14823 23
72018 96
92532 57
20225 60
50479 66
69077 74
67927 38
15865 31
92404 71
7988 19
76880 18
88751 6
24763 82
95151 58
91477 58
76872 23
68016 96
76446 11
38052 53
52505 12
78293 46
49793 41
7029 96
78282 51
21290 75
82706 74
66973 70
59382 18
98629 17
86383 46
34001 88
76443 71
74462 80
19931 33
93530 79
87413 29
99172 56
80571 33
68813 80
16219 82
14259 68
34757 72
69222 62
30777 90
88156 56
50222 30
9469 53
94220 36
58498 45
19145 6
56850 88
77618 65
18150 47
89574 11
42553 56
74411 49
7829 11
70965 4
77238 86
95350 91
70710 86
77374 75
65662 17
86142 69
85516 78
39247 44
75721 8
51498 26
78414 62
11211 42
38031 16
5185 23
51153 4
7561 43
95329 31
35397 34
70098 8
67834 98
6887 15
74768 82
74010 60
98191 98
7114 28
80177 21
52146 28
10620 8
54413 63
93604 71
98248 72
24613 84
7155 34
19046 97
79841 11
31921 56
41993 75
8200 27
96949 87
98875 22
46282 33
62194 11
66015 3
89465 22
97864 15
55458 58
32091 70
51079 9
42453 17
43810 65
28049 35
54356 29
72003 18
8771 96
3921 96
97079 91
90158 88
91168 41
19145 65
50958 66
90390 25
66201 88
37460 59
12204 28
48413 75
67970 71
89069 90
84735 93
16984 60
51570 86
16422 94
82307 78
64930 54
27082 81
16448 19
14548 4
41172 19
31822 54
17670 72
41803 98
61998 68
81418 84
44067 18
59522 50
64875 47
24693 60
92328 2
23159 20
21594 74
22684 68
2452 41
78612 72
1138 90
23868 63
91349 11
94037 9
80895 12
28545 88
39021 12
94570 100
73168 83
61708 21
22221 19
28912 55
41509 8
59012 68
30086 94
59203 56
81494 84
32149 14
92781 92
68873 68
55953 4
5378 39
130 71
32382 42
48073 41
88869 96
22839 57
70338 2
19103 31
37724 48
80997 31
63771 73
40127 66
67857 70
1495 42
71414 42
97693 64
54862 36
15541 27
65589 24
41819 41
84499 48
6665 55
43410 42
90698 78
91972 59
98168 13
31489 99
26369 9
74600 46
72095 10
79894 42
61880 46
85622 78
74550 97
2621 60
66553 24
50479 87
90931 40
24611 4
23694 94
79172 99
8543 15
99979 40
57787 97
49507 10
27518 85
73973 40
18677 46
23717 5
40554 48
5618 70
17379 70
65463 22
15989 36
80637 78
38298 58
30694 29
10658 6
63040 44
55420 3
31080 5
39637 76
73883 34
35705 54
82127 50
55729 65
6697 84
33464 7
40172 91
78166 45
10924 85
22196 83
76245 95
19285 13
4977 71
24993 84
59626 61
40261 62
9191 34
9731 60
51515 26
33917 76
31470 22
76549 8
55431 82
92756 57
82088 25
96684 9
81659 92
98381 6
85991 1
82805 80
48549 37
23312 26
84097 5
52496 93
77908 28
78122 50
54373 65
56930 15
82727 97
32403 42
62074 97
71629 10
21150 84
35948 46
10608 85
86715 95
11690 56
71161 23
74610 81
70107 90
41312 42
65910 91
60368 48
8088 75
35948 21
46037 4
62574 52
68128 49
88527 58
27480 19
39219 76
94331 61
18777 80
91978 56
50242 90
56141 17
67225 18
74201 20
4884 47
5674 86
81320 19
11107 56
31398 59
26393 32
88285 59
22734 58
84266 24
69275 23
93012 97
18165 39
86895 74
8797 84
43351 58
89358 2
44227 97
66740 92
91028 66
27395 8
49445 50
15733 93
78592 43
25464 30
24784 75
19173 15
67515 34
65120 87
19778 98
55584 17
57391 93
42833 53
56058 24
57831 13
29650 43
9965 98
75637 52
1963 7
33612 90
79442 75
51761 38
50989 83
86789 52
58340 83
19772 54
97802 71
18013 6
68768 21
28670 91
92068 85
37278 59
67010 40
2715 40
22422 83
48186 93
5534 42
72169 62
93093 57
33975 91
9116 48
92885 28
95546 31
18051 39
44796 74
42244 82
31872 66
21925 72
80551 98
70992 42
69597 3
35472 61
25841 100
59826 30
26364 5
85834 94
81936 25
96248 49
89935 29
57643 98
38096 80
78639 20
57754 53
91494 7
27916 25
51190 12
23058 8
72418 36
32273 68
12623 65
16214 39
57019 28
6433 26
75456 93
57500 67
31742 77
41104 7
93695 67
19845 58
19635 7
33999 23
53509 98
32976 12
82022 57
56522 3
83558 12
58659 51
5584 91
6694 4
43780 91
32372 97
81274 63
62462 65
57026 87
64711 68
53163 1
60172 29
2435 73
78302 76
5836 98
58740 81
25499 25
49637 11
93533 86
64349 21
14813 43
21855 90
4452 69
77379 51
99286 28
40775 36
7245 90
20369 37
74341 73
6015 27
71469 97
13044 24
177 51
26318 52
83682 46
50884 36
40348 45
10890 31
15760 89
40901 18
53574 88
4519 70
29591 33
59431 6
89356 67
92136 69
67164 57
743 14
65659 59
37433 92
81769 13
44905 58
44381 67
44876 94
53759 39
66592 42
84557 42
16538 39
41662 91
36382 77
13264 89
77112 81
49515 86
89419 33
18506 13
16121 44
90541 88
91101 46
85408 69
90723 44
18255 32
37179 50
60987 11
13521 86
35105 8
10045 37
53749 78
50459 18
95503 57
66158 65
72365 65
69345 11
7258 61
26143 53
23094 69
78417 70
50231 97
35058 63
27853 68
8359 73
80423 89
82834 46
87818 47
11686 29
39761 16
19238 21
11028 45
12960 6
74428 98
96848 91
37200 64
81074 31
57123 98
86876 36
25780 18
30786 41
45035 18
62929 63
14046 89
2882 95
85794 92
42641 83
30236 2
15029 34
39639 99
372 95
97715 17
50289 36
53511 77
67570 83
23110 10
79793 47
65798 90
52229 12
56675 28
47284 24
58212 85
10399 71
80533 70
58311 51
68035 11
65280 67
103 9
30019 31
94330 76
75663 50
98510 39
43661 89
56455 66
91192 80
49198 54
40105 39
68281 84
94523 42
63825 96
82482 21
2484 83
92794 71
52384 63
14732 51
93336 59
8880 19
19391 98
27385 87
86405 47
2799 52
31056 78
69523 21
86159 47
4860 85
55971 15
2957 90
14958 52
44137 60
32224 43
16276 94
51337 39
90160 65
82430 51
38866 92
70124 84
72658 31
34499 81
52393 2
96633 82
83459 58
92808 92
95519 24
76621 95
93042 6
35042 50
50665 57
808 55
42573 95
85306 42
80371 44
54564 13
26892 51
23426 39
86857 40
77864 4
22982 9
92384 92
71791 23
26043 15
30001 75
29342 39
9156 62
22778 30
37331 94
53772 100
13357 42
91213 73
81374 78
15864 2
2051 44
14794 54
59984 48
72600 72
52313 54
61150 9
31359 33
62969 91
31964 18
62094 72
83587 2
41508 55
13149 40
10412 72
8668 81
41377 6
42255 25
58797 57
54505 76
73331 44
19409 79
91628 5
16901 41
50792 43
57558 68
12523 7
13424 39
69642 46
81163 24
37939 4
38758 90
29986 18
16688 6
23696 39
74504 80
48105 10
422 60
23915 63
16022 94
71092 92
41189 24
85559 27
90158 36
70213 86
51407 4
92382 1
74164 70
73832 66
96544 96
97477 22
74051 99
78668 98
14728 16
98870 22
62309 95
29063 6
89184 67
5570 52
52004 67
32949 90
81553 24
68093 83
84895 45
16077 35
50724 56
14441 74
97690 59
87345 70
78412 48
24640 30
96580 58
31980 41
82695 58
60127 9
38328 41
19847 100
46908 39
5096 79
43305 24
20942 91
31632 70
89048 94
7302 27
23984 95
654 45
10825 55
40549 9
60170 69
26037 9
40399 46
35994 67
71300 44
81427 96
80555 14
2851 69
4073 50
17856 90
36705 75
93795 16
66599 3
65457 16
10157 53
56595 5
5884 33
56606 44
28063 26
89912 22
91844 72
64286 5
61644 99
2309 46
5209 9
90152 83
71311 82
90458 64
59309 30
6217 94
3983 76
35855 27
79477 63
86866 9
67343 26
23700 22
3991 6
64357 76
39465 81
9330 12
87056 65
41652 100
42387 42
98122 8
1930 36
16174 94
25668 19
67972 57
29721 54
15297 28
49242 54
6010 100
93181 26
77301 91
32265 80
34012 40
22487 71
55180 11
53675 77
49438 64
26676 22
36148 89
76138 23
37904 91
60488 98
67609 65
34175 97
55752 74
8192 66
50693 91
32810 28
2784 78
67514 43
74367 52
31263 64
41535 5
33461 30
90849 16
29015 42
57316 30
10733 96
32284 81
18565 59
95588 45
71122 37
82429 44
4766 70
87153 1
37181 16
41914 30
87901 54
52018 2
62624 47
757 75
84442 7
44745 18
46654 64
73575 94
27872 71
45016 72
70168 75
52324 84
28544 58
27893 29
33994 45
98430 77
61133 6
94072 78
96793 49
72920 91
70350 26
17605 36
71695 38
80771 71
92829 92
72213 58
20035 75
19358 28
58547 12
10289 11
37513 90
55682 35
29536 24
12590 38
64379 16
31288 9
52001 4
1493 69
13558 85
6287 95
88514 69
9009 95
93444 44
1680 67
66551 54
1323 32
8745 79
3221 61
47925 44
24243 25
37394 35
3798 99
146 97
78976 2
56921 53
95980 61
36299 95
12268 74
41207 36
27857 72
50653 67
10255 6
86249 69
53533 100
19418 36
1283 28
20714 64
93323 76
32691 5
19061 49
38825 26
19248 40
42088 26
24972 41
93174 48
83281 47
93362 8
98870 71
11569 26
24557 38
5167 40
47733 26
58624 61
38283 95
2156 78
18558 40
50812 100
3399 14
25679 47
71444 46
15156 47
69440 11
88878 47
878 63
28782 27
72161 47
27724 10
59607 32
80322 28
47263 6
59829 76
86607 87
65684 25
74252 57
66198 27
76774 22
72358 37
43133 69
69978 71
4887 3
62798 50
72994 84
83926 53
60193 69
10191 77
73139 64
71397 23
51521 47
85110 48
29556 69
35924 41
72275 11
21505 39
40706 82
42627 39
25832 15
48213 48
61764 48
81385 31
11074 3
47496 27
10050 9
74507 80
51912 42
14088 70
73745 7
61628 53
88251 70
38424 13
97275 26
109 64
4075 49
4510 50
44936 21
98296 61
66617 26
5660 52
29291 6
25974 72
52345 58
75037 12
7048 8
19276 59
40733 63
74112 93
51303 63
80930 63
46206 3
61574 54
36780 26
50898 99
29670 43
67263 71
51194 60
10614 62
20869 50
49111 57
73994 25
7660 94
34785 81
73361 92
66044 3
91098 81
90082 52
43920 43
16662 21
41130 81
86705 11
35757 31
51695 14
91875 11
2767 33
77403 95
33184 57
63886 24
93073 44
47745 15
33414 31
6261 45
60523 50
66991 3
50601 83
86338 15
73467 97
15087 22
78523 21
94258 65
36944 84
69314 14
33367 60
69804 97
66916 70
99122 49
3555 9
59250 53
33036 92
42356 45
60551 68
60973 51
21797 5
79783 47
59417 50
55778 97
20733 21
72750 29
32427 27
4856 12
70636 17
2450 62
70057 53
57121 34
64737 11
72407 11
93349 65
89585 22
86083 57
83963 39
35394 62
18096 88
30192 55
49184 31
50912 12
53712 4
14438 91
27146 3
91662 18
76272 90
87015 88
15703 86
85176 44
96075 39
93418 40
80969 7
58556 9
50810 49
87328 82
17024 2
12407 73
86961 73
86409 15
61276 64
29342 56
86988 14
77994 99
69625 42
42367 51
36064 27
94965 69
36745 38
4081 96
61450 33
54496 99
63158 2
28560 88
83397 87
28208 47
26812 95
49045 53
27148 40
44334 27
11490 18
59896 1
41631 26
57898 61
7925 34
21006 65
71161 75
56783 39
92444 67
47154 49
91332 22
76349 5
19320 14
47084 18
64441 55
75743 50
49546 16
56348 33
60281 24
84833 40
79476 93
76672 15
26809 55
61199 43
78592 44
43265 26
31177 8
13106 97
80440 70
15039 58
65478 19
93194 12
67536 39
88426 66
2358 64
68749 82
6397 49
27248 97
48755 9
12684 71
3826 12
70641 74
12464 10
39064 27
57254 87
92337 95
44706 86
51494 50
61340 62
85315 42
88451 72
14780 99
37075 42
48516 67
39323 5
65564 33
85225 9
91426 69
3054 21
70848 43
56114 10
84527 89
69556 18
33123 78
63047 40
68658 48
41347 17
39798 97
7621 17
95227 3
21825 26
64672 39
14079 94
13868 10
31398 47
29574 47
66037 31
99579 61
31646 8
80864 12
75905 21
75637 32
77319 5
30463 55
59489 1
1518 89
25748 51
49980 66
32625 91
13099 31
74535 50
35739 93
614 46
66726 33
92851 63
47587 5
10128 90
97723 90
92119 81
82716 39
31530 69
97294 85
14947 7
67181 5
96620 54
4615 27
96617 59
7803 5
34112 79
51234 33
49950 30
24777 62
24906 8
26655 18
88720 45
63785 77
58521 37
96192 39
20050 35
53878 74
22168 55
76222 80
63088 18
33131 9
98838 95
29378 19
42297 44
78978 32
32483 42
2843 8
77014 97
6843 78
4520 47
12334 97
26713 75
76156 27
17768 95
88980 92
97162 92
72759 77
74127 55
83191 51
22773 51
6545 8
66476 49
78902 77
21357 11
90726 79
96250 10
35846 96
25761 19
90554 67
21734 86
23998 100
70467 16
18037 32
64260 44
15682 89
39544 12
36586 100
5219 55
73041 67
20182 87
10467 48
12431 77
97739 27
344 38
58614 94
41129 36
93126 47
12139 92
91945 25
28465 81
61527 1
67708 27
61330 57
75694 12
79688 37
26041 49
94704 43
96094 46
35135 90
75777 75
83303 8
87304 43
78921 1
46522 20
88133 15
27585 45
94146 82
76675 58
72984 46
5601 44
74612 97
5041 97
36861 20
94260 15
22579 58
7884 78
66013 44
36244 23
94981 17
22633 33
75714 19
23080 10
57661 54
44982 78
14216 4
53983 43
74628 74
3338 26
50967 31
26183 36
79624 61
30504 49
41311 13
47801 92
44635 89
46231 84
33702 62
45776 73
61365 86
58911 29
14420 15
60905 84
40995 26
19139 42
6638 21
92894 57
2128 29
17655 90
66122 10
75155 2
61129 15
61258 96
34015 100
19576 77
59264 66
46470 6
43411 90
28025 43
50157 42
35998 30
17224 78
72340 9
37660 61
10495 68
95540 27
78559 61
62606 28
24490 25
95938 9
62446 79
644 90
56377 12
8365 31
1020 12
6467 37
14118 44
59961 25
95610 11
57047 28
16099 38
4532 75
87022 1
67477 56
71407 31
4753 39
34802 68
13746 40
78609 52
77186 82
46936 52
97698 26
22731 79
9615 15
55715 27
47181 99
94719 43
29033 38
86693 89
32143 6
85214 45
22100 95
19839 87
91185 75
80568 99
96734 46
48393 34
84112 85
28314 86
59878 73
2033 43
34517 62
59349 99
9085 89
45877 58
17686 52
13173 91
83129 83
98115 37
53789 57
56573 96
12134 23
26447 69
89280 86
78762 54
92875 50
65535 66
61252 12
68528 34
48374 11
6691 97
12825 47
45937 63
12460 20
35719 41
47850 29
31090 30
87911 94
72873 74
47253 56
44194 42
90574 49
90568 4
43970 26
2814 42
56449 12
79011 37
88113 89
56145 29
66961 55
90178 18
52851 61
61567 1
98388 25
34134 39
2985 14
98863 7
60205 11
24810 48
18109 52
55613 44
30936 41
65231 32
76258 82
99236 45
93987 35
54629 46
93937 86
33915 87
75455 44
48214 65
12246 87
11556 35
89196 38
58863 48
31167 86
43653 52
39192 17
63094 55
32886 26
17116 14
19045 23
7432 86
74564 55
81008 70
66712 42
87618 33
89179 90
67342 97
12502 63
73061 57
74985 94
3978 94
71308 52
73809 64
52235 1
27721 58
81364 29
14047 100
92377 54
56018 80
35142 49
70329 95
86074 66
92178 81
34148 54
58850 73
93718 75
12186 4
52090 75
90616 71
87696 78
17291 33
92386 64
99158 6
15497 92
35113 39
92234 85
69704 97
86742 26
36288 94
70601 55
10928 94
74635 59
76992 13
39393 12
95799 100
6553 59
65375 45
65852 87
99136 43
21279 100
743 77
39917 13
94383 39
44050 1
77841 71
38540 14
86952 16
23778 7
46937 20
48785 93
80761 73
74425 93
33322 52
5806 78
68592 9
43534 32
20368 97
97166 42
8129 73
59581 28
99990 15
63094 15
28784 63
75437 13
58443 44
378 89
88981 100
63281 84
50863 87
30277 65
20966 80
40356 27
2447 81
48710 49
12569 3
27129 77
20004 52
34567 23
88587 55
14008 45
77757 76
17899 26
47179 33
88868 66
70352 45
90596 80
25557 38
26233 91
8250 30
36834 38
39663 10
83326 80
89398 64
39914 80
39123 87
53456 17
10040 71
36866 38
49244 61
54220 13
43353 73
49378 53
61830 52
56200 27
1381 32
73289 2
1554 40
34529 64
73626 92
12178 8
51331 72
81398 43
90283 40
26082 17
2272 50
11184 35
64669 76
23636 57
81526 80
87994 67
38418 85
88668 96
53090 19
21192 61
30532 90
52940 46
84383 15
50855 10
89433 41
95448 41
33646 83
49081 87
97839 55
63269 56
48475 17
70068 19
24768 20
82877 12
79238 53
97688 30
48581 48
19502 47
26895 35
10823 25
99389 45
26971 1
3374 46
88251 21
62817 98
49104 99
60615 3
90582 4
38910 87
61140 100
63276 69
85346 83
3435 3
7944 42
54064 60
13664 87
96736 26
23189 81
33176 22
47083 35
90845 48
29541 20
18294 96
29574 24
31962 57
47775 45
28724 16
99111 23
61462 52
11667 19
80959 18
74279 21
38377 99
15592 74
13169 37
17714 47
76356 75
19895 63
66347 73
32390 5
33266 62
82157 85
37096 4
98600 47
57707 83
21337 71
73591 79
58594 77
68761 75
49648 95
88895 80
34694 15
18976 15
45178 83
19065 43
87017 68
52247 52
42494 19
57891 31
98989 30
34988 56
91513 11
12674 48
48809 46
54 51
15327 13
84423 19
9160 15
54434 100
84712 47
67998 65
6905 38
85797 1
33218 39
8673 40
65969 44
98596 47
46913 41
37902 18
30018 53
49659 38
20192 11
82843 12
33925 78
90516 37
65821 42
19391 81
62198 42
30199 87
93498 89
32449 60
13644 87
68555 52
60496 26
45140 85
28933 89
40245 62
21839 99
14492 86
65912 80
95821 31
95138 18
45745 53
32673 28
71890 49
19178 82
82184 81
29094 37
31195 67
6936 58
31988 35
79998 81
60992 73
41488 35
60713 73
50368 76
33048 36
22930 86
74555 20
5895 10
28796 44
59062 92
74999 91
51819 48
85275 39
92249 72
26840 12
87398 100
86624 43
24703 55
86826 73
62670 52
54666 1
52039 72
34652 43
57920 36
31540 91
86497 42
60356 87
67963 95
43645 6
1452 74
93910 41
24043 35
11590 85
38596 1
49304 16
33702 54
1497 77
29525 2
35233 58
80451 18
39528 58
25252 66
60733 3
99919 98
82817 82
48925 36
7101 30
29466 56
95030 64
25495 17
6986 13
67579 56
89233 86
92354 81
96475 64
75658 36
72320 44
41145 46
40033 49
58725 87
61175 31
21124 18
89064 75
59989 97
94999 43
39665 59
9280 40
85740 48
44860 60
4301 97
95617 69
35830 28
87105 71
54463 33
78638 77
866 45
21007 28
10255 31
66084 53
36823 68
29497 12
34103 86
26460 30
60143 2
26282 85
16726 43
80329 6
43523 46
54410 42
59726 31
30973 21
31824 79
82603 45
48218 92
5650 56
27193 80
38384 5
21095 97
859 45
89547 85
29388 30
52933 44
95805 33
36821 3
17020 61
98367 85
76417 87
63479 85
20616 88
79326 63
59105 74
77392 2
98407 12
94227 50
67789 28
59114 50
18954 31
22815 2
39019 24
82473 6
73932 51
84567 83
66695 82
77231 42
19142 99
99170 59
97423 44
18887 59
91628 41
32265 33
2244 51
38557 2
40933 65
74255 74
90448 46
13555 66
68613 13
90236 80
36906 49
84141 97
96875 2
64128 95
98393 100
36433 53
48660 94
63385 89
8388 36
5822 74
88316 46
37649 52
41946 48
3260 76
8613 2
62653 39
42718 12
2299 69
34910 50
77313 42
81799 19
19284 31
1865 3
83731 37
89456 43
60603 57
42672 46
57021 35
39936 9
7230 42
27071 56
44774 14
68276 29
1607 85
52258 23
84631 66
24638 62
63726 60
19620 18
41393 60
66950 86
10048 89
59838 65
70538 62
94072 19
66028 74
1585 12
92581 70
19227 94
22368 71
85276 7
39550 36
53706 33
10783 30
10266 20
59364 64
61136 45
74178 87
29989 76
5308 65
76193 69
84545 67
87794 68
85523 53
77268 92
3149 4
97299 27
75374 31
55861 61
53437 88
38315 50
46888 69
58713 21
16750 34
40087 70
75040 57
41580 82
62443 87
45159 54
10129 30
36503 97
32696 4
59146 6
66270 41
13707 94
13793 18
13067 24
15117 35
73329 18
10961 24
43900 86
47828 6
69421 29
64606 6
95609 49
27023 64
72035 63
14948 68
4484 52
64422 32
16309 62
20985 100
37675 22
43068 63
10396 37
44101 29
50403 28
3824 92
25370 79
8863 77
54858 81
27698 66
58815 65
60632 55
49399 83
65324 29
52975 34
76981 18
64907 77
4011 78
11537 26
9726 96
14191 17
58535 16
21675 44
85099 94
82189 26
74444 82
60242 1
93589 37
25186 3
43341 44
27014 15
68303 73
93058 74
62399 69
27772 34
79864 41
14221 39
42780 52
27774 98
42640 100
30940 57
93228 28
30137 24
71594 66
41165 18
26782 25
90205 85
6343 90
13952 89
35888 26
46387 100
42663 31
56564 87
48611 46
98951 57
55145 36
40801 99
47436 64
13381 56
44806 54
35304 33
93996 3
40093 83
84471 97
43575 84
76537 67
7024 32
27508 43
42014 71
64348 10
94591 85
82377 17
60487 43
39334 34
2608 3
36024 74
58330 73
85985 84
22792 53
31575 9
44055 66
91964 95
45234 39
24488 99
24954 55
68495 20
53907 37
95225 77
60010 37
18367 23
37986 56
46759 32
26276 78
73282 38
82422 37
79321 51
49771 46
91469 22
74798 18
49232 98
11465 67
59567 98
81825 100
360 45
97061 56
26463 87
23636 54
25082 35
2446 58
75212 68
76107 93
52752 57
65149 82
16959 59
33167 95
21920 1
70790 51
72598 29
68623 65
82585 51
27210 66
10453 4
95767 50
71288 44
26115 62
89580 24
71864 46
96537 16
5576 25
46930 57
39933 87
17610 50
56292 26
29779 73
86674 13
65565 78
76949 38
38157 98
53079 24
42623 76
11760 53
69166 75
51407 72
12067 78
15560 40
56698 35
9098 26
95150 76
96683 4
73463 58
69601 35
66392 16
98282 59
18876 15
81566 92
44972 72
46312 3
74868 48
42127 39
69852 62
19805 25
37148 13
22082 42
56123 100
57784 82
4092 61
78021 85
87031 24
8925 1
68649 41
72688 36
82805 61
66892 4
58547 5
72435 11
88890 30
15370 75
60077 38
58449 39
18833 7
54872 79
68475 34
86822 64
12341 22
33505 22
91340 45
49292 25
64013 45
3685 10
62990 59
67761 5
93474 12
89602 97
55940 30
64006 1
80258 14
25848 80
56468 38
20659 30
62448 4
62166 16
70841 55
23857 50
51595 7
58743 100
99869 40
49282 80
42803 61
39794 21
89674 71
40082 79
82327 59
30758 82
8271 83
24183 23
15349 47
84181 27
59472 17
4893 78
50088 52
57573 75
60044 54
96280 50
63108 19
81165 51
76058 14
428 92
3415 10
71771 69
59396 99
89742 49
16194 69
52219 51
82156 18
85683 62
90556 22
42004 69
89016 62
24955 36
94801 80
70989 6
33454 45
28615 77
34484 36
26758 12
85483 78
45312 48
20557 71
64428 89
94562 77
47178 42
87221 11
36159 17
76421 19
11663 43
22602 68
52294 24
87697 6
70568 70
69199 31
25815 44
95605 56
89931 57
60361 95
83676 33
45415 53
93472 46
540 38
17036 86
56564 52
3868 60
91791 59
4376 100
92043 36
60235 3
46762 88
61505 77
26766 37
33063 100
88365 9
79326 63
22370 64
63897 29
13383 72
44130 44
46715 28
58561 68
23811 53
62067 54
90189 12
1112 62
5595 50
52110 39
59366 8
17724 47
34293 26
79564 11
61010 47
28476 40
52754 49
65849 97
12352 61
13157 82
57254 96
20899 39
52122 74
82882 47
60030 97
39801 9
83081 21
8836 63
86305 94
28555 81
79245 80
13709 55
57720 75
62732 79
85706 69
44132 83
99512 44
7924 89
7275 68
85535 18
26401 74
95767 45
19324 70
14239 45
86357 95
98915 92
98780 21
34680 95
16468 63
9751 21
61655 81
6149 79
81935 22
97241 45
15711 24
50909 78
77168 26
53468 83
36505 60
99539 36
89737 68
95519 100
66508 9
14161 34
75094 85
87047 100
77195 92
81359 96
1 1107 10881
1 1691 15180
1 1412 83153
1 1222 40623
1 1034 21839
1 1863 87657
1 1923 7408
1 1454 92486
1 1047 56778
1 1377 82801
1 1408 88488
1 1563 1640
1 1203 36079
1 1137 33173
1 1932 92570
1 1459 14229
1 1740 57343
1 1614 18875
1 1282 56668
1 1929 21078
1 1493 42036
1 1772 24874
1 1600 78449
1 1422 9007
1 1676 43766
1 1182 80203
1 1539 516
1 1487 7489
1 1718 16813
1 1614 67089
1 1958 24054
1 1372 99899
1 1770 50980
1 1340 96534
1 1898 62282
1 1877 91132
1 1893 46481
1 1718 6469
1 1493 7504
1 1358 16391
1 1398 52156
1 1432 87838
1 1151 58305
1 1246 70998
1 1981 78955
1 1580 52298
1 1158 92706
1 1878 32659
1 1800 35231
1 1788 25038
1 1552 86971
1 1229 77974
1 1201 63735
1 1372 78362
1 1282 10365
1 1266 36378
1 1192 61920
1 1373 1610
1 1093 92186
1 1937 67405
1 1684 78740
1 1857 63226
1 1507 84372
1 1159 38415
1 1451 47773
1 1984 94240
1 1582 66492
1 1878 21300
1 1786 54560
1 1915 86176
1 1880 22354
1 1125 33270
1 1514 35875
1 1998 48455
1 1895 69697
1 1694 3603
1 1490 86188
1 1696 57027
1 1990 74286
1 1107 91543
1 1040 83098
1 1417 58842
1 1112 76924
1 1387 94422
1 1287 98460
1 1659 88551
1 1736 85004
1 1510 62422
1 1622 69370
1 1573 64386
1 1038 41497
1 1683 73847
1 1818 68781
1 1414 85884
1 1280 33776
1 1056 32789
1 1910 70492
1 1203 96058
1 1009 20629
1 1077 99991
