1000 2 999
536
82
561 532 225
819 155 407
730 877 182
293 865 106
130 788 649
908 534 964
657 177 68
731 946 103
384 725 884
901 630 173
595 67 536
244 29 651
778 695 985
310 435 759
702 195 953
271 763 285
344 276 807
706 581 261
0 922 847
707 679 407
881 769 322
755 534 473
324 412 336
434 544 703
150 518 277
396 268 473
989 460 601
408 615 767
62 797 354
847 992 474
137 224 630
60 978 630
588 79 260
43 634 40
634 485 204
418 48 72
552 956 971
118 591 515
874 886 606
47 569 78
283 307 832
427 515 870
872 310 945
515 339 183
90 859 266
168 681 229
796 312 259
817 958 522
133 281 206
369 273 410
378 380 116
585 489 357
996 209 46
912 328 622
138 348 164
18 433 585
918 934 717
724 305 432
616 477 206
724 253 480
844 622 212
792 944 185
741 291 740
869 489 268
858 875 521
117 376 258
568 303 957
974 38 845
4 669 832
434 664 854
198 849 669
249 776 98
881 590 153
367 738 901
378 372 813
733 134 878
227 507 407
504 366 714
996 504 460
340 173 133
273 458 519
481 292 179
779 449 226
151 622 367
350 263 894
49 815 175
861 473 982
743 737 735
612 32 513
151 191 844
244 453 991
200 172 315
949 520 543
391 284 254
488 923 161
605 791 783
140 241 467
759 672 573
25 212 240
730 630 365
231 686 110
253 876 427
350 84 210
360 912 780
693 486 958
151 883 83
613 59 839
423 24 603
222 892 212
960 660 591
815 464 272
287 814 625
802 306 53
221 529 694
744 47 787
839 715 331
834 567 144
696 232 222
445 662 149
575 534 755
40 585 721
185 585 814
640 264 797
389 519 515
474 876 910
146 630 605
15 52 91
480 926 733
256 804 927
847 353 600
195 506 12
705 491 850
18 99 190
5 267 26
333 128 227
897 257 695
365 692 502
550 798 940
503 239 532
207 406 52
508 167 567
888 210 920
204 262 502
64 521 850
792 531 554
372 878 362
755 188 880
283 120 614
162 106 159
464 169 924
447 370 493
111 983 986
551 528 219
217 703 599
397 112 319
678 64 204
562 745 665
425 346 531
0 894 387
449 706 61
642 82 917
589 47 840
606 829 164
500 485 775
810 330 409
256 390 126
739 509 839
484 97 53
563 199 416
531 138 257
674 199 590
136 673 382
370 73 813
501 632 190
357 520 51
246 362 767
752 648 96
195 516 648
13 892 665
512 910 872
688 892 257
257 833 677
4 385 540
867 783 160
234 887 377
67 822 922
84 382 222
450 699 819
697 926 625
677 729 218
467 930 679
248 493 329
771 659 74
932 878 538
724 205 998
740 614 955
801 906 766
476 156 252
219 160 970
464 705 387
928 755 334
893 986 546
14 26 812
75 521 628
679 658 702
630 637 57
486 22 731
675 681 865
244 296 826
219 971 601
996 879 404
861 952 688
445 169 805
808 791 990
932 680 904
548 623 562
897 345 478
455 68 308
736 52 522
735 723 733
409 357 117
374 389 564
201 507 922
819 668 780
915 153 964
578 980 384
376 858 327
673 304 803
288 834 929
410 812 482
126 260 859
563 644 186
136 477 602
617 616 214
383 733 105
149 137 653
722 273 466
572 146 307
610 690 550
934 225 843
705 618 961
797 670 485
699 370 621
476 671 748
305 611 550
351 158 498
291 937 180
788 950 820
932 581 455
821 416 168
124 415 228
144 787 220
842 297 985
128 910 831
267 396 542
986 240 205
543 909 250
605 7 30
333 346 232
378 218 961
238 244 948
945 212 623
58 717 707
33 979 282
615 82 564
438 369 966
412 352 927
583 766 296
34 679 664
332 276 187
643 493 891
184 117 996
602 797 116
128 618 273
294 993 440
867 476 326
86 792 570
469 888 494
776 427 972
957 884 871
251 176 152
857 650 637
399 293 949
524 921 253
361 513 162
587 867 960
751 476 948
379 778 515
415 235 771
38 131 687
773 247 355
445 878 138
439 678 654
94 902 737
552 806 846
110 679 68
674 731 203
223 505 568
923 758 349
136 292 583
781 164 446
613 772 209
916 648 859
245 965 393
52 509 425
148 129 646
383 825 661
786 44 809
798 655 633
769 536 797
932 594 990
356 726 249
537 743 633
961 989 143
655 104 397
4 129 242
785 937 845
142 191 24
666 0 599
977 857 645
968 947 583
946 144 237
54 838 820
97 469 665
657 563 169
908 841 232
35 327 720
780 961 78
103 134 17
103 570 88
814 919 610
62 751 467
757 66 947
645 348 463
867 302 392
523 536 961
560 543 193
903 756 104
454 53 579
168 368 433
456 763 106
196 64 279
82 155 491
679 883 198
31 957 82
773 268 441
436 309 821
748 670 446
935 426 5
574 522 573
571 894 778
242 406 368
148 313 613
415 615 455
385 12 291
906 655 153
381 600 985
369 402 889
625 327 584
264 610 565
709 316 889
657 135 712
571 641 18
472 137 331
886 904 609
351 711 63
328 200 638
578 841 35
58 471 30
978 409 598
733 965 382
700 579 366
595 765 190
787 923 145
938 728 799
826 727 543
770 934 742
376 775 110
348 471 166
674 435 714
9 847 404
475 247 218
205 939 633
29 457 376
841 105 140
493 593 576
831 708 859
21 409 339
13 619 320
323 15 915
195 93 29
750 233 280
727 943 348
755 706 379
773 938 940
297 304 242
389 490 782
757 234 566
667 518 291
429 435 524
104 123 561
939 966 220
875 414 656
766 275 970
781 7 85
461 478 139
707 128 282
832 934 38
292 702 894
921 641 937
905 938 800
307 574 513
944 245 424
897 461 885
761 374 105
354 249 576
471 236 858
862 304 11
910 133 575
641 414 267
313 742 609
711 263 204
251 340 768
342 693 270
977 128 275
923 714 296
95 360 562
348 644 663
210 121 492
928 361 143
771 993 60
717 224 43
166 338 918
465 49 459
909 876 710
925 719 482
737 826 36
513 34 944
133 45 297
524 750 94
674 487 294
165 188 822
255 201 264
34 555 32
463 755 418
565 304 305
765 225 966
799 496 583
359 632 142
260 410 186
313 126 485
471 674 716
900 255 179
72 583 188
263 315 79
646 517 651
632 2 980
745 513 565
174 983 401
243 736 203
536 172 815
148 714 71
41 58 851
466 645 936
724 151 506
526 910 561
665 467 252
204 78 293
533 628 452
262 302 264
728 323 799
974 724 345
619 179 524
690 624 196
776 719 8
387 645 660
783 341 304
616 800 204
131 89 681
766 430 58
413 562 631
353 752 178
922 413 528
496 944 739
84 226 280
210 260 531
123 300 755
961 691 458
656 686 956
980 685 331
187 841 428
822 59 14
118 515 392
518 198 725
826 283 6
894 509 121
173 787 56
612 446 693
950 735 680
71 520 688
309 362 104
213 949 277
656 316 343
262 944 753
266 897 261
554 861 215
574 167 513
161 227 553
28 482 122
402 776 565
367 40 740
220 187 343
126 419 74
837 301 983
620 462 820
881 388 136
830 113 296
952 991 351
993 384 321
946 33 888
952 676 247
828 431 215
967 723 25
682 847 215
823 19 890
188 79 289
510 817 827
144 539 182
575 373 944
924 292 798
757 306 315
476 408 360
868 259 628
3 64 145
578 799 38
380 796 735
39 944 938
896 718 946
91 317 701
838 28 84
707 401 463
572 939 975
253 990 161
360 19 605
615 269 421
82 841 53
313 596 966
682 286 171
548 473 863
70 135 689
227 58 252
769 779 272
656 759 613
266 243 618
890 190 504
453 783 184
510 178 659
950 125 757
214 324 453
191 567 168
545 196 199
688 544 741
597 754 313
189 333 19
400 840 129
939 796 78
353 960 703
987 742 472
786 218 417
788 201 585
244 49 562
70 621 573
626 36 274
788 887 917
59 259 90
734 191 391
860 460 996
357 463 928
709 757 936
457 876 698
172 973 894
521 231 946
844 429 414
200 99 567
26 306 603
978 43 968
572 558 378
646 743 798
819 582 728
215 952 555
924 479 444
450 328 956
926 643 580
539 630 883
769 746 542
204 961 782
692 198 846
118 709 78
269 618 594
547 466 78
579 446 285
604 295 594
161 674 153
132 767 225
792 313 361
737 753 969
840 231 174
61 472 545
157 685 564
68 882 106
323 857 430
232 467 18
677 701 372
809 179 75
583 94 60
17 941 161
990 807 298
402 704 508
930 969 701
285 298 410
148 151 499
953 611 711
769 744 344
443 290 953
940 942 668
939 278 948
646 0 167
761 389 959
780 279 849
582 485 404
17 928 837
443 363 674
102 222 86
236 419 102
598 745 478
865 203 648
362 357 388
134 573 278
568 896 884
486 438 202
193 284 794
257 193 538
116 446 64
200 915 383
585 129 898
399 855 111
614 457 231
562 755 398
349 509 238
344 990 562
288 386 552
411 394 225
257 415 180
607 143 91
819 761 118
946 182 672
571 625 961
260 953 910
526 443 195
871 484 970
81 530 961
857 676 596
316 2 901
950 658 753
821 802 948
237 591 105
54 112 451
589 905 818
280 283 556
153 269 879
912 610 570
433 748 754
459 574 523
498 435 266
704 448 214
88 98 57
648 183 581
63 294 367
434 326 470
597 694 329
225 141 675
87 874 711
460 821 774
774 396 444
686 341 239
206 199 696
461 989 739
362 797 171
156 290 546
246 65 403
670 986 50
368 784 954
344 225 420
871 106 531
822 928 843
851 559 72
998 85 190
388 529 665
115 207 750
742 586 411
25 710 811
474 597 342
60 816 662
335 864 707
843 921 901
620 818 336
551 756 645
993 666 508
371 992 227
481 434 278
75 752 780
887 508 945
204 355 594
996 992 738
520 234 521
760 473 607
830 945 368
285 838 157
840 434 784
632 327 862
922 29 206
807 711 934
849 596 448
153 837 81
131 556 150
792 528 665
457 422 808
392 435 84
398 557 169
798 777 885
88 618 400
642 785 678
34 770 289
267 716 797
541 922 52
849 214 691
463 799 274
71 593 43
326 584 118
159 520 812
712 662 234
605 581 267
575 521 789
746 119 523
817 681 995
172 987 588
358 200 571
517 3 864
86 986 758
789 264 462
865 722 638
478 134 118
287 173 697
562 467 887
97 94 213
928 984 128
298 347 825
662 647 41
774 7 944
705 154 338
81 178 378
469 57 209
743 650 438
884 618 800
344 417 756
738 869 193
103 911 367
380 957 805
926 686 90
508 529 845
115 462 410
119 480 724
471 846 710
865 233 479
628 337 628
771 403 304
78 991 736
388 464 396
18 609 99
982 27 441
697 616 666
802 157 915
907 635 196
977 829 222
601 423 705
129 113 885
659 979 333
931 340 770
290 754 399
32 655 784
843 722 476
152 594 428
57 631 196
614 251 231
132 554 520
151 607 368
368 55 199
386 575 852
261 114 878
512 370 711
344 425 434
845 310 793
334 549 439
706 966 8
537 796 415
671 111 958
905 843 786
40 528 743
503 938 563
544 324 780
772 15 361
786 92 250
895 720 711
6 224 155
497 32 424
136 613 156
944 355 623
126 756 119
461 751 404
386 803 972
661 780 772
750 359 979
114 978 213
108 137 114
317 59 613
542 710 263
284 500 424
692 515 692
354 807 402
401 2 136
424 801 153
391 289 607
730 797 553
80 899 314
535 620 100
140 736 261
897 179 456
961 216 945
352 803 115
241 199 806
653 877 798
585 660 110
837 730 701
727 884 842
673 100 837
630 233 656
482 988 446
731 269 225
767 292 746
982 543 884
363 496 589
37 642 145
701 682 517
962 567 126
788 237 944
771 11 744
578 354 386
66 923 787
581 198 682
559 576 299
462 862 48
743 824 165
95 107 595
132 28 417
817 47 318
70 163 413
789 231 564
202 869 173
907 658 318
53 9 135
851 562 925
638 780 970
347 696 507
172 145 309
725 93 370
447 772 69
35 774 43
498 487 451
743 374 559
71 958 215
510 417 58
147 561 256
577 834 49
138 163 946
108 771 50
37 401 474
155 716 938
442 979 608
107 379 851
81 865 874
674 508 511
104 369 110
86 752 629
558 802 96
334 185 1000
325 90 123
570 936 467
912 66 99
755 894 242
319 364 557
800 82 457
423 897 700
891 906 23
333 602 221
223 98 662
947 927 866
562 585 361
38 248 122
350 938 229
505 520 175
112 872 145
562 129 522
698 59 294
66 621 322
672 421 655
911 929 943
822 187 151
398 930 270
949 820 125
122 749 39
315 928 418
124 493 237
617 359 927
11 899 811
701 676 798
796 753 378
125 905 702
575 248 901
72 85 342
879 346 532
843 357 252
209 660 358
917 761 146
725 861 874
384 919 767
726 211 19
797 304 291
585 389 693
162 585 478
315 879 962
968 363 273
639 308 128
256 164 373
752 657 931
688 641 402
881 563 157
914 689 400
60 994 568
657 611 536
120 956 996
179 488 990
125 542 871
166 845 24
332 254 849
111 811 391
469 45 454
85 454 979
243 613 132
471 378 219
912 607 105
359 777 963
593 317 135
11 764 69
271 741 961
330 399 839
269 421 805
324 256 770
459 868 418
562 185 511
663 567 719
211 589 580
15 380 129
102 203 315
144 251 933
975 612 644
394 525 920
492 548 681
614 712 473
382 847 261
813 77 70
126 943 990
404 679 725
865 404 661
508 706 248
774 427 976
585 131 774
584 808 29
278 893 909
87 44 599
21 653 408
942 317 310
83 522 628
442 301 340
937 210 394
750 79 801
273 159 478
538 159 194
107 392 287
622 884 26
