4000 2 100
2704
218
3859 2395 563
1370 892 403
1770 3112 99
248 1187 498
3093 3141 773
2845 3940 967
2410 2393 507
3402 1915 177
1028 2844 305
619 80 747
776 2504 438
2237 1652 15
708 2623 758
3023 2842 136
167 1176 733
946 1614 646
1932 117 706
3969 2292 934
2827 1723 25
2824 2882 160
3391 350 959
599 1933 731
2364 1216 677
401 1779 633
281 3991 213
37 233 572
3661 553 632
2407 213 652
3155 965 302
3968 3953 532
2640 3826 77
3665 2073 380
1312 2155 224
3295 2823 247
3137 1716 681
2437 3547 334
2552 3705 895
1178 2610 525
855 2898 392
2525 866 808
3435 742 531
1000 481 841
1191 1365 249
957 2765 398
3293 1077 209
892 2521 771
3610 2425 781
2053 2902 299
2102 373 638
2798 467 550
3353 593 868
2743 3563 783
2035 2521 145
2409 3997 363
1398 3323 557
1240 3488 133
2427 409 795
3265 2106 987
1454 3702 399
2465 3656 720
665 1662 13
1412 3031 941
3863 1 564
1551 3907 124
988 1334 325
1040 3630 517
3233 1587 883
169 283 435
1280 1109 101
1362 2439 495
1392 1997 230
2669 2319 828
2147 2708 780
3188 3210 590
3431 3673 666
173 3650 36
1152 1422 5
1543 579 251
3768 1673 409
2017 740 894
1004 2880 397
2604 3957 985
728 323 44
2298 1766 261
1568 2842 880
656 1309 390
2683 3169 743
507 2766 505
2763 1063 640
34 1233 523
1700 513 118
3645 2593 769
2534 1477 685
687 1320 976
2116 449 538
1398 2385 924
1599 48 344
230 992 455
627 1722 426
3623 956 62
