 84  
 4  0  250  250  250  500  250  750  250  
 4  0  250  250  250  500  250  751  249  
 5  0  5  5  249  254  249  503  249  752  248  
 5  0  249  249  249  498  248  746  248  994  6  
 6  0  4  4  6  10  247  257  247  504  248  752  248  
 7  0  247  247  247  494  245  739  245  984  6  990  6  996  4  
 8  0  6  6  6  12  6  18  6  24  243  267  244  511  244  755  245  
 10  0  242  242  241  483  241  724  241  965  6  971  6  977  6  983  6  989  6  995  5  
 11  0  4  4  6  10  6  16  6  22  6  28  6  34  6  40  240  280  240  520  240  760  240  
 11  0  239  239  239  478  239  717  238  955  6  961  6  967  6  973  6  979  6  985  6  994  6  
 13  0  6  6  6  12  6  18  6  24  6  30  6  36  6  42  6  48  6  54  236  290  236  526  237  763  237  
 14  0  236  236  236  472  235  707  235  942  6  948  6  954  6  960  6  966  6  972  6  978  6  984  6  990  6  996  4  
 14  0  6  9  6  15  6  21  6  27  6  33  6  39  6  45  6  51  6  57  6  63  233  296  234  530  235  765  235  
 15  0  233  233  233  466  233  699  233  932  6  938  6  944  6  950  6  956  6  962  6  968  6  974  6  980  6  986  6  994  6  
 16  0  6  6  6  12  6  18  6  24  6  30  6  36  6  42  6  48  6  54  6  60  6  66  6  72  232  304  232  536  232  768  232  
 16  0  232  232  231  463  231  694  231  925  6  931  6  937  6  943  6  949  6  955  6  961  6  967  6  973  6  979  6  985  6  994  6  
 17  0  6  7  6  13  6  19  6  25  6  31  6  37  6  43  6  49  6  55  6  61  6  67  6  73  6  79  230  309  230  539  230  769  231  
 17  0  230  230  230  460  230  690  229  919  6  925  6  931  6  937  6  943  6  949  6  955  6  961  6  967  6  973  6  979  6  985  6  994  6  
 18  0  6  6  6  12  6  18  6  24  6  30  6  36  6  42  6  48  6  54  6  60  6  66  6  72  6  78  6  84  229  313  229  542  229  771  229  
 19  0  228  228  228  456  228  684  228  912  6  918  6  924  6  930  6  936  6  942  6  948  6  954  6  960  6  966  6  972  6  978  6  984  6  990  6  996  4  
 19  0  6  8  6  14  6  20  6  26  6  32  6  38  6  44  6  50  6  56  6  62  6  68  6  74  6  80  6  86  6  92  227  319  227  546  227  773  227  
 20  0  226  226  226  452  226  678  226  904  6  910  6  916  6  922  6  928  6  934  6  940  6  946  6  952  6  958  6  964  6  970  6  976  6  982  6  988  6  994  6  
 21  0  5  5  6  11  6  17  6  23  6  29  6  35  6  41  6  47  6  53  6  59  6  65  6  71  6  77  6  83  6  89  6  95  6  101  224  325  224  549  225  774  226  
 22  0  223  223  223  446  223  669  223  892  6  898  6  904  6  910  6  916  6  922  6  928  6  934  6  940  6  946  6  952  6  958  6  964  6  970  6  976  6  982  6  988  6  994  6  
 26  0  5  5  5  10  5  15  5  20  5  25  5  30  5  35  5  40  5  45  5  50  5  55  5  60  5  65  5  70  5  75  5  80  5  85  5  90  5  95  5  100  6  106  6  112  222  334  222  556  222  778  222  
 27  0  221  221  221  442  221  663  221  884  5  889  5  894  5  899  5  904  5  909  5  914  5  919  5  924  5  929  5  934  5  939  5  944  5  949  5  954  5  959  5  964  5  969  5  974  5  979  5  984  5  989  5  995  5  
 28  0  5  6  5  11  5  16  5  21  5  26  5  31  5  36  5  41  5  46  5  51  5  56  5  61  5  66  5  71  5  76  5  81  5  86  5  91  5  96  5  101  5  106  5  111  5  116  5  121  219  340  220  560  220  780  220  
 29  0  219  219  219  438  219  657  219  876  5  881  5  886  5  891  5  896  5  901  5  906  5  911  5  916  5  921  5  926  5  931  5  936  5  941  5  946  5  951  5  956  5  961  5  966  5  971  5  976  5  981  5  986  5  991  5  996  4  
 30  0  5  5  5  10  5  15  5  20  5  25  5  30  5  35  5  40  5  45  5  50  5  55  5  60  5  65  5  70  5  75  5  80  5  85  5  90  5  95  5  100  5  105  5  110  5  115  5  120  5  125  5  130  217  347  217  564  218  782  218  
 30  0  217  217  217  434  217  651  216  867  5  872  5  877  5  882  5  887  5  892  5  897  5  902  5  907  5  912  5  917  5  922  5  927  5  932  5  937  5  942  5  947  5  952  5  957  5  962  5  967  5  972  5  977  5  982  5  987  5  995  5  
 31  0  5  7  5  12  5  17  5  22  5  27  5  32  5  37  5  42  5  47  5  52  5  57  5  62  5  67  5  72  5  77  5  82  5  87  5  92  5  97  5  102  5  107  5  112  5  117  5  122  5  127  5  132  5  137  215  352  216  568  216  784  216  
 38  0  215  215  214  429  214  643  213  856  5  861  5  866  5  871  5  876  5  881  4  885  4  889  4  893  4  897  4  901  4  905  4  909  4  913  4  917  4  921  4  925  4  929  4  933  4  937  4  941  4  945  4  949  4  953  4  957  4  961  4  965  4  969  4  973  4  977  4  981  4  985  4  989  4  996  4  
 41  0  4  5  4  9  4  13  4  17  4  21  4  25  4  29  4  33  4  37  4  41  4  45  4  49  4  53  4  57  4  61  4  65  4  69  4  73  4  77  4  81  4  85  4  89  4  93  4  97  4  101  4  105  4  109  4  113  4  117  4  121  4  125  4  129  4  133  4  137  4  141  4  145  4  149  212  361  213  574  213  787  213  
 5  0  212  212  212  424  212  636  212  848  152  
 5  0  156  156  211  367  211  578  211  789  211  
 5  0  210  210  210  420  210  630  210  840  160  
 5  0  163  163  209  372  209  581  209  790  210  
 5  0  208  208  208  416  208  624  207  831  169  
 5  0  176  176  206  382  206  588  206  794  206  
 5  0  206  206  206  412  206  618  206  824  176  
 5  0  179  179  205  384  205  589  205  794  206  
 5  0  205  205  204  409  204  613  204  817  183  
 5  0  187  187  203  390  203  593  203  796  204  
 5  0  203  203  202  405  202  607  202  809  191  
 5  0  193  193  201  394  202  596  202  798  202  
 5  0  201  201  201  402  201  603  200  803  197  
 5  0  199  201  199  400  200  600  200  800  200  
 7  0  198  198  199  397  199  596  198  794  198  992  4  996  4  
 9  0  4  7  4  11  4  15  4  19  196  215  196  411  196  607  196  803  197  
 10  0  196  196  196  392  195  587  195  782  195  977  4  981  4  985  4  989  4  996  4  
 13  0  4  6  4  10  4  14  4  18  4  22  4  26  4  30  4  34  193  227  193  420  193  613  193  806  194  
 15  0  192  192  192  384  192  576  191  767  191  958  4  962  4  966  4  970  4  974  4  978  4  982  4  986  4  990  4  996  4  
 16  0  4  5  4  9  4  13  4  17  4  21  4  25  4  29  4  33  4  37  4  41  4  45  191  236  191  427  191  618  191  809  191  
 18  0  190  190  190  380  190  570  189  759  189  948  4  952  4  956  4  960  4  964  4  968  4  972  4  976  4  980  4  984  4  988  4  992  4  996  4  
 19  0  4  4  4  8  4  12  4  16  4  20  4  24  4  28  4  32  4  36  4  40  4  44  4  48  4  52  4  56  188  244  189  433  189  622  189  811  189  
 20  0  188  188  188  376  188  564  187  751  187  938  4  942  4  946  4  950  4  954  4  958  4  962  4  966  4  970  4  974  4  978  4  982  4  986  4  990  4  996  4  
 21  0  4  5  4  9  4  13  4  17  4  21  4  25  4  29  4  33  4  37  4  41  4  45  4  49  4  53  4  57  4  61  4  65  187  252  187  439  187  626  187  813  187  
 22  0  187  187  187  374  186  560  186  746  186  932  4  936  4  940  4  944  4  948  4  952  4  956  4  960  4  964  4  968  4  972  4  976  4  980  4  984  4  988  4  992  4  996  4  
 23  0  4  7  4  11  4  15  4  19  4  23  4  27  4  31  4  35  4  39  4  43  4  47  4  51  4  55  4  59  4  63  4  67  4  71  4  75  185  260  185  445  185  630  185  815  185  
 12  0  185  185  184  369  184  553  184  737  183  920  4  924  4  928  4  932  4  936  4  940  4  996  4  
 5  0  182  269  182  451  183  634  183  817  183  
 5  0  181  181  182  363  182  545  182  819  181  
 5  0  181  277  181  458  181  639  181  820  180  
 5  0  180  180  180  360  179  539  179  821  179  
 5  0  177  287  178  465  178  643  179  822  178  
 5  0  176  176  177  353  177  530  177  823  177  
 5  0  175  298  175  473  175  648  176  824  176  
 5  0  174  174  175  349  175  524  175  825  175  
 5  0  173  304  174  478  174  652  174  826  174  
 5  0  172  172  173  345  172  517  172  828  172  
 5  0  171  316  171  487  171  658  171  829  171  
 5  0  170  170  171  341  171  512  170  830  170  
 6  0  153  153  169  322  169  491  170  661  170  831  169  
 6  0  168  168  168  336  167  503  167  670  166  836  164  
 6  0  164  176  164  340  165  505  165  670  165  835  165  
 6  0  163  163  164  327  164  491  164  655  162  838  162  
 6  0  160  194  161  355  161  516  161  677  162  839  161  
 6  0  159  159  160  319  160  479  160  639  159  841  159  
 6  0  157  208  158  366  158  524  159  683  159  842  158  
 6  0  156  156  157  313  157  470  157  627  157  843  157  
 6  0  155  224  155  379  155  534  155  689  155  844  156  
 6  0  154  154  155  309  155  464  155  619  154  846  154  
 6  0  151  234  152  386  153  539  154  693  154  847  153  
 6  0  150  150  151  301  151  452  150  602  150  850  150  
