2000 2 1000
816
464
1229 1377 813
966 1249 449
1856 892 628
449 1335 260
1985 8 52
1844 912 811
220 527 718
1844 904 794
92 213 35
14 1643 276
1845 981 503
205 1511 939
1257 1859 149
985 1325 986
639 718 44
1562 73 243
1855 181 806
812 1424 731
1857 1045 345
1019 585 225
1764 1303 970
11 1935 49
1944 1850 63
801 497 657
1855 1980 351
1394 712 502
1074 1276 251
298 1036 857
1075 1219 806
1364 1481 464
880 825 497
1659 1392 613
260 702 321
1070 301 516
355 1279 64
844 110 23
1281 917 973
1772 855 597
1657 203 353
1089 551 918
415 1879 951
1721 864 673
599 1133 100
655 1956 190
388 1264 615
837 1773 84
975 212 992
539 1750 439
1295 1140 522
1539 1743 713
989 1086 177
832 1750 681
136 955 241
1752 1915 346
964 756 280
1024 1891 629
1056 1747 406
100 232 65
699 298 255
1694 689 347
805 1120 470
1253 689 895
62 186 894
1013 978 7
818 619 508
1297 1755 640
1134 1615 112
487 1091 437
136 1001 862
1561 1160 790
605 1668 816
433 973 881
1789 1856 565
1042 465 461
1614 581 869
1732 418 289
123 1663 365
900 1596 843
1841 742 755
661 71 179
123 1081 993
1111 1800 354
1138 1357 487
87 1222 418
1812 1073 718
1129 760 436
1093 956 451
359 888 474
171 1532 387
1427 1163 83
794 191 367
591 1383 733
0 1829 475
1763 908 787
782 1457 530
1011 138 570
1081 1303 69
244 1375 763
1486 165 54
22 1661 865
1330 1005 178
1302 1357 377
1373 942 677
1972 1386 79
1922 950 908
835 72 498
190 1884 900
49 1082 248
1665 1696 880
1842 436 856
860 629 991
1731 1124 823
1183 514 889
922 704 781
1490 543 361
295 1723 101
578 1154 224
935 1450 635
1655 406 484
518 576 654
0 537 631
740 556 178
527 196 36
302 1303 984
1582 1776 96
493 1431 244
1677 1597 510
651 1533 202
728 1388 728
240 182 484
784 1879 578
840 1515 411
897 1249 379
1442 71 981
1935 1675 969
494 1962 174
574 406 464
941 1602 657
58 338 450
575 514 740
1750 674 564
1058 642 603
1394 1808 987
1134 1625 826
248 740 709
1696 1238 757
467 290 757
934 473 148
584 608 900
729 1211 997
374 1302 507
658 1588 42
659 690 789
1245 632 651
411 1636 410
1543 571 312
1881 1177 591
894 876 356
1006 1440 527
790 1492 187
456 1834 401
122 1981 627
1742 1202 302
672 1800 32
1265 1824 32
859 1072 613
1713 1932 46
1036 1745 427
611 1527 79
1974 1669 249
1921 1965 772
1037 562 244
1737 816 149
1712 1160 887
1659 1381 110
1732 632 127
647 524 395
1781 1417 945
133 483 843
288 685 434
637 1608 261
240 1562 222
1974 1955 156
957 1304 927
999 1307 453
429 386 46
1471 168 228
1983 264 760
830 498 288
1978 1897 949
1258 1530 77
757 249 839
1217 720 849
938 266 642
233 998 685
938 1364 52
468 432 837
698 432 296
1468 260 961
1214 1584 225
4 1516 403
1582 307 791
683 142 495
470 994 419
628 503 217
1547 1148 348
231 401 570
306 542 500
1980 1391 860
603 371 447
1683 16 487
386 1125 362
283 609 367
84 1099 454
1468 716 911
417 1845 400
843 1386 964
1284 836 894
1595 1826 981
1091 1425 916
1485 51 82
1684 373 79
1165 165 558
1989 77 401
1791 594 560
1673 124 968
1917 72 211
1957 571 511
1581 490 729
927 1963 758
1508 1047 778
1909 1595 724
1798 752 990
1170 1568 578
1657 138 681
1685 145 475
1709 879 469
174 1501 586
1643 1438 601
248 1165 492
1513 159 19
1992 1960 280
727 1789 795
1268 365 207
425 1930 993
186 1521 755
1292 533 842
1285 1079 878
1480 558 289
1364 192 415
1446 336 163
1814 1718 910
272 1126 821
505 1069 982
165 924 411
1522 1065 186
220 809 371
701 1946 599
1300 46 122
707 1093 9
1134 29 243
1269 1558 918
299 1351 190
605 1700 729
1013 1848 357
30 1463 651
891 1771 355
1237 450 853
1670 1436 915
317 1240 228
572 1932 536
484 1974 941
365 1569 418
1623 19 766
1238 1724 223
39 840 658
1341 857 679
1686 122 778
1469 1958 137
1274 1425 859
1196 740 807
490 289 657
499 578 340
707 1045 49
1442 1285 20
274 1267 575
849 1069 118
1891 1020 685
1574 1830 656
1558 58 180
928 931 934
842 454 139
454 1227 152
1738 912 480
417 581 995
1971 1469 712
725 4 267
156 1002 463
868 1200 793
1603 1231 987
65 1961 578
369 418 450
1921 721 259
1221 624 796
732 364 964
992 1644 346
848 878 891
856 1534 617
502 438 329
1856 1544 937
223 773 501
738 1008 335
76 321 57
1240 472 408
1981 1801 948
120 833 58
802 1714 243
1413 576 724
1094 305 919
1451 1546 78
510 1755 622
29 282 804
1079 445 570
1277 1802 745
308 1185 254
1125 818 433
1398 381 861
502 812 56
1275 1981 244
1462 341 909
1073 1449 101
16 978 127
445 1774 866
1880 514 452
1822 1083 444
533 80 512
1251 1718 461
448 346 784
309 162 676
1893 1348 518
379 539 857
962 196 607
1138 123 62
1433 862 403
968 299 890
1359 291 310
696 1460 58
1346 1308 710
1423 1891 350
1319 753 109
648 1974 132
1180 1376 206
12 149 789
676 753 277
1612 1625 857
1864 65 318
1582 102 135
1495 1784 907
162 655 858
1242 325 455
999 758 464
1558 662 75
941 1050 132
325 1747 69
906 1064 880
1946 1398 783
271 692 820
1558 1718 101
668 458 633
908 1464 167
869 1587 861
198 583 343
1009 1034 5
1591 1338 698
1777 1292 883
1780 1678 390
1704 1871 128
1033 907 994
36 296 809
978 307 312
1686 1604 497
1468 1282 915
1242 137 851
1836 522 817
1749 94 948
1197 1059 813
135 1715 388
838 248 749
37 989 561
1206 1024 660
149 922 758
1304 1586 973
1725 20 348
1473 1861 753
1484 648 563
1580 1732 301
1598 1497 84
1414 1633 99
426 1285 753
1122 821 682
1144 1721 557
1386 701 971
1951 1943 164
1270 1254 387
248 1057 836
1627 1260 315
911 942 55
1325 370 829
1464 303 221
1956 10 898
68 543 713
1144 991 199
947 134 774
1153 1783 1000
1872 298 18
86 1354 308
533 1388 617
567 954 170
1159 1052 551
211 908 686
1882 1157 421
1655 728 450
93 416 93
168 177 989
620 609 215
757 1427 741
1964 1625 17
838 612 924
1931 1417 653
1817 1439 584
445 1811 947
1675 570 949
504 1363 874
362 1061 875
1167 420 209
877 959 814
765 640 909
1060 722 839
1214 1447 11
131 444 100
1426 412 840
1683 291 257
885 436 696
1220 412 490
1916 1351 784
1564 234 98
1549 419 190
553 1331 381
1852 1254 6
884 840 537
992 1634 610
1934 501 577
1798 1371 47
926 1036 649
1185 832 842
2 1815 558
1001 141 790
1164 1340 195
145 1480 552
977 1028 161
1584 1407 664
565 1205 938
1344 199 630
1713 368 408
1353 1069 583
1109 1231 448
1573 1993 376
1609 1750 622
1335 1385 567
899 46 690
1571 1336 16
680 831 996
1940 1911 931
1233 1232 488
793 1116 558
847 169 822
451 1776 166
343 1710 413
248 76 1000
964 924 62
806 1355 476
875 790 647
692 661 389
1019 225 141
1704 841 24
1675 114 827
1694 203 80
917 78 720
908 201 378
270 132 454
1291 828 626
81 810 71
1035 840 30
1035 561 194
1561 1839 794
1172 1073 677
1489 1685 159
1865 1971 540
1695 194 105
1753 922 109
60 42 490
1285 164 200
908 923 850
1304 576 761
1801 1124 395
727 1312 614
829 307 860
1570 58 129
557 924 551
1045 134 821
1985 26 48
1367 1856 698
474 394 871
971 35 699
427 1036 644
1552 1884 197
623 1711 930
1818 476 997
1949 107 42
184 1455 800
1047 1254 394
766 155 124
1399 952 494
1375 1245 686
1385 1950 318
431 1805 119
327 1201 634
866 283 688
954 908 352
1635 1831 573
1067 1539 74
1686 1760 451
113 840 586
1443 1630 456
644 1868 882
1979 1043 773
1303 136 353
173 1721 55
1501 1626 187
687 244 558
1780 301 117
1754 1459 619
274 1143 143
1154 606 870
1147 404 38
241 67 208
150 1182 266
1720 920 927
1924 623 974
1066 1757 536
433 527 679
1098 1461 719
122 768 962
128 414 392
1759 149 784
1360 837 104
97 8 961
793 1929 149
235 1843 49
35 1859 314
1393 421 865
20 1520 404
271 368 848
192 1204 492
320 677 851
544 758 398
1656 835 694
545 583 532
1225 1797 224
132 848 220
1898 113 803
967 875 194
1682 173 974
1145 410 143
816 1092 476
322 1829 498
383 586 626
1091 128 857
202 510 587
88 1180 966
499 1296 824
778 1009 869
1738 1744 55
1313 1759 156
758 368 43
1885 889 823
250 789 114
524 1383 453
357 37 125
1549 1168 605
1306 680 479
948 818 485
1712 1131 930
852 1626 563
17 443 692
352 1428 705
687 1497 785
1656 1506 729
1078 951 205
362 414 871
1687 1801 893
1800 1693 760
109 43 425
335 986 632
1808 1934 440
1569 1336 847
1055 1896 314
1261 400 575
394 795 370
973 1270 853
417 747 353
1046 1941 753
1655 309 281
1160 143 782
177 1241 930
1959 135 18
1668 72 556
459 827 823
1493 1795 760
1970 1458 142
1012 58 633
370 121 501
752 950 91
211 1037 294
325 1166 24
519 1968 610
1857 1737 67
1548 55 370
646 1658 584
162 1636 526
895 1029 926
298 737 396
145 767 700
1685 899 257
1365 1944 698
537 1806 146
785 408 804
1111 311 831
1277 1995 92
1709 1825 167
713 913 586
340 1809 623
518 591 703
1721 880 129
978 1870 372
90 1215 77
1379 1628 148
1345 817 222
703 1403 469
1533 1197 324
675 1914 767
1716 1025 208
1498 854 558
1039 1249 808
504 1781 207
609 799 523
824 1861 654
1335 1927 38
584 1008 575
1066 1363 411
1441 1436 441
1290 1269 807
701 1800 973
728 1843 878
705 1675 587
13 994 325
442 1115 473
1386 944 664
1888 1670 145
1619 1591 906
183 1214 626
1371 1244 890
461 940 19
73 1334 328
1564 649 104
1646 1197 132
732 1410 708
1129 762 92
1720 1276 983
1180 224 286
601 1065 239
1630 1321 327
997 1621 338
805 1355 405
326 249 665
1993 1761 81
518 1295 194
232 1073 318
844 1603 551
718 234 741
1357 492 644
1639 311 428
1901 101 963
1835 1140 625
1263 612 583
1499 577 75
209 1351 141
1919 509 523
1684 1057 300
1931 1048 727
1773 672 32
554 1241 59
1618 590 422
1002 542 687
1791 69 676
799 1555 260
809 1129 695
288 937 763
221 1551 50
1191 835 803
407 578 972
1205 1967 484
575 1482 132
1024 1363 462
1962 1508 870
200 1076 320
1637 1521 221
1231 1114 188
1866 1997 295
598 1374 934
608 978 266
1354 1417 276
1576 1573 572
1198 1411 692
38 427 112
1043 1885 384
1564 818 469
572 1510 869
1463 1558 325
1594 79 259
1283 447 744
30 1136 752
1087 661 725
170 1765 513
1329 342 472
1081 528 51
906 1873 925
688 1635 128
552 1603 650
1555 1784 798
1235 468 902
1823 346 311
982 215 848
927 1736 836
1809 321 704
478 21 269
986 486 540
1975 1692 359
592 1810 357
1691 901 537
1560 1034 885
1995 387 621
963 1858 525
570 324 28
579 421 647
815 1703 269
896 1815 417
1482 1063 237
937 945 709
1600 195 309
1254 1377 383
1313 1847 947
160 1462 184
1844 842 345
161 1793 998
560 1926 783
1714 1577 492
1384 25 723
417 851 816
197 954 321
488 72 646
1803 339 441
263 1588 575
963 1708 533
237 192 491
1583 1551 450
793 1933 965
1920 557 697
1167 1279 690
63 341 313
518 981 971
1610 1809 437
1914 1410 189
1985 225 610
356 899 42
661 441 407
1579 1946 945
1383 102 314
159 121 186
445 506 897
123 474 63
800 94 295
1166 630 864
291 1469 208
108 1658 766
1839 1589 615
444 921 965
722 1085 520
248 1890 700
835 1129 500
1250 789 409
1460 1535 858
444 491 107
1304 1954 829
112 204 715
1823 607 636
403 1214 717
680 642 12
150 1293 606
1577 254 533
20 1420 405
1856 1483 605
1454 1574 667
1584 1170 247
1873 916 580
1843 1074 595
296 1194 11
1836 1591 545
1433 67 525
947 220 381
1180 40 992
251 631 807
709 13 856
501 1163 750
443 1026 567
906 1100 400
1960 1976 95
969 476 249
366 1138 809
33 410 975
1858 720 612
1040 1289 62
1381 1340 183
1492 40 151
1331 126 202
841 1548 854
1391 1934 922
219 607 623
1797 1562 375
960 1290 144
584 1224 620
991 1654 713
1398 850 456
296 1882 83
236 161 412
1902 571 705
708 292 325
298 1681 797
288 372 563
1147 973 719
1381 1599 899
9 30 436
503 861 610
508 1445 991
421 1021 858
1431 1534 628
1835 91 169
1853 722 89
432 88 58
1998 1334 590
1428 1765 908
1833 1836 431
1188 560 506
1473 1159 315
307 1157 72
770 1535 146
815 944 165
1069 450 688
1182 1709 229
1043 1388 529
1707 992 248
188 1737 856
1941 1652 157
1203 1391 67
9 357 344
1067 23 815
865 857 884
1187 1986 689
1786 441 542
1620 1177 356
914 1888 137
375 123 936
1122 1170 757
743 694 645
135 1603 135
142 1190 533
1596 158 636
620 1512 843
1952 669 611
414 688 116
1404 1729 633
1836 993 775
1489 546 387
1970 1408 737
1664 1960 37
753 1711 308
1994 1567 222
1328 1653 400
458 406 692
1794 372 281
167 84 401
1177 1006 243
1045 184 374
755 834 180
1151 1076 5
963 1022 899
1544 1786 716
1208 1203 666
106 224 337
1684 1194 133
1062 1694 911
1725 1844 996
38 705 544
467 1622 116
1237 1541 379
983 1524 959
1890 1314 161
439 1241 695
335 923 468
1800 38 517
775 253 680
0 299 951
733 244 803
1891 1599 289
710 456 822
178 1634 421
378 638 534
1222 1591 698
1500 1089 160
854 93 402
875 333 96
1749 1042 829
617 763 310
1236 513 209
1740 1380 709
728 483 968
1976 826 181
499 735 66
1892 430 364
761 1538 907
948 1190 57
1803 728 675
1839 911 557
1783 270 542
511 1311 410
1552 960 103
1515 333 61
1363 1734 675
1626 1682 371
963 1138 275
1410 1148 609
1281 941 405
318 769 945
1184 330 807
1869 93 436
711 1021 521
904 857 72
1660 256 647
1306 648 129
444 1805 224
1104 1383 604
18 1209 737
1833 365 792
1407 558 290
1280 97 838
1592 348 213
1477 1770 794
1154 1089 941
1569 515 983
890 97 952
244 1914 56
1141 986 978
330 1548 515
184 241 543
435 1211 536
547 871 556
937 1723 218
744 1063 426
129 1566 354
1072 1565 448
888 1425 255
859 316 577
597 1766 774
1904 1035 436
1666 1645 25
1099 368 708
645 130 621
1587 44 215
1636 1766 28
1469 32 266
629 978 246
1521 1986 531
46 1428 484
1163 24 885
320 1569 476
288 1779 511
1140 1122 803
493 735 986
956 236 125
812 1676 183
