2000 20 1999
528
1560
1103
1589
1223
889
110
489
438
1699
1841
45
1481
1228
378
395
672
1507
1491
1957
957 1967 960
1202 1629 862
987 822 814
937 312 636
156 1464 454
1966 985 182
717 1144 114
765 956 456
577 1123 74
812 512 714
1104 1877 367
1067 943 684
1506 1046 24
213 832 304
1562 1266 124
1555 197 244
242 778 869
1353 1901 360
1437 1372 240
812 1131 793
860 1726 849
1789 1642 894
956 10 374
1133 1587 902
847 1875 734
1724 1480 97
808 1824 91
1720 1476 761
1867 1756 322
1022 430 249
266 1456 708
1313 616 43
224 1995 870
781 1389 159
1611 1632 159
1482 763 478
114 1387 126
451 131 960
1522 862 350
1395 1810 730
428 943 685
77 655 152
1962 869 489
1248 298 117
1250 1966 116
1656 1505 130
834 588 450
964 1224 29
1043 166 138
1740 1910 49
732 1915 488
1070 1149 703
706 1844 175
1507 279 927
369 423 465
14 1361 259
718 1313 957
584 1413 531
1439 1121 125
1485 982 616
655 141 522
753 174 805
1159 624 676
1445 389 415
1500 164 572
592 80 151
1922 1695 416
1967 1893 904
39 26 857
321 923 128
1042 22 932
175 1133 83
599 275 177
153 1424 747
1037 62 583
1435 642 32
1739 639 568
1251 1013 142
1879 519 664
997 74 380
1106 808 814
723 1311 148
1151 1771 502
1917 849 116
1878 430 804
54 1799 206
1022 366 854
424 881 640
554 899 797
1154 776 412
818 262 618
749 1841 666
1309 439 318
1476 1577 101
300 1017 544
1138 622 802
849 1059 226
1085 133 142
1686 810 982
1853 1449 511
260 1985 714
762 1643 970
1019 477 554
225 1220 126
1749 19 578
408 549 103
1317 1782 126
1949 344 744
1850 635 321
1721 1141 559
353 771 188
1802 89 545
278 1589 943
918 105 703
1569 571 535
799 1259 125
1167 1037 50
1849 598 143
39 1331 992
1802 1345 205
44 1632 572
713 792 161
1151 457 806
1881 967 493
198 1778 464
1518 1329 888
375 370 315
1983 1078 722
1179 105 128
348 158 169
1352 667 584
1787 137 268
336 1937 956
199 1636 109
1021 1536 871
897 1213 308
493 1351 184
1649 335 26
53 1799 773
1224 1363 671
654 1446 788
1742 1707 713
1668 1536 717
311 1919 35
662 1082 355
947 494 183
567 509 234
797 1439 1000
192 906 29
1379 318 800
531 464 167
1999 1700 77
1152 216 514
1470 352 14
338 1398 545
719 1515 609
77 1320 757
1705 1998 912
1023 671 457
683 1944 504
496 1936 649
976 1515 624
669 1453 501
82 746 759
306 1460 336
553 313 715
890 635 523
41 1169 445
1668 1951 199
1097 805 405
1897 991 479
502 313 419
409 994 96
1531 45 599
1233 1586 713
377 765 25
288 783 793
1993 1327 365
82 585 690
241 713 525
314 1610 750
331 378 16
400 648 730
1578 1253 358
643 1649 420
364 538 325
1155 928 857
989 808 197
1141 1556 288
1708 129 297
901 810 880
1443 1550 742
1801 402 624
356 752 587
319 872 117
136 527 608
500 1766 31
791 459 88
1812 1881 193
1475 1946 396
1348 1511 172
857 448 957
1035 1951 183
1250 672 185
31 550 428
316 753 995
744 1337 209
1092 923 998
1779 1848 431
1687 201 287
1825 292 288
1806 1289 66
640 1221 277
1051 1856 963
1846 1675 355
296 1517 253
135 44 682
900 1967 642
104 752 131
1104 861 88
227 392 985
1869 818 592
1908 497 775
1377 1616 573
925 1543 253
629 765 461
316 1564 935
774 1587 945
1917 647 817
1878 1534 879
1000 1671 135
563 1366 263
586 1262 188
655 1592 383
1057 396 416
60 1109 159
333 476 357
1082 111 291
464 1078 999
1293 755 94
259 1130 144
1684 544 591
1616 1005 208
176 465 722
790 622 540
1917 258 847
288 966 212
1989 1339 22
111 184 679
1005 55 721
1845 573 498
800 955 440
1947 1630 105
350 1620 466
1363 527 526
1470 360 806
292 1032 381
1690 451 994
1586 1660 373
217 1337 721
1790 1505 267
1725 1168 985
180 505 845
789 1884 775
1793 1806 383
1333 94 574
869 777 64
958 1191 739
508 1720 356
1935 593 608
1813 654 434
323 1462 917
553 1766 805
1800 1970 932
676 370 840
911 1747 7
475 1334 947
615 427 191
1239 201 282
746 1467 578
236 1183 90
1716 431 42
483 1067 688
1974 904 825
1869 1344 957
1637 488 109
96 828 120
1732 1178 605
1073 1086 548
821 1089 901
1380 1822 822
501 193 52
1854 1301 360
287 717 724
105 1852 25
1117 1144 384
763 148 260
1221 687 491
933 1315 546
220 959 177
1303 1394 109
164 1615 815
980 193 786
648 1570 734
613 1634 297
293 1107 638
954 1619 915
383 1854 667
1595 505 97
723 498 690
978 384 650
345 1080 67
1693 1112 771
1456 884 877
606 1937 716
1057 1477 928
1608 466 615
830 477 368
1385 1517 149
449 1809 640
1016 408 215
929 1191 774
902 1291 722
836 3 290
1431 1312 688
1545 374 186
974 853 586
949 1751 129
1256 316 92
1725 174 812
1325 435 240
1871 1048 849
264 1030 747
682 1231 621
1462 1126 506
1259 1796 814
1363 898 875
1519 1245 667
121 888 541
1558 180 354
1141 227 59
1576 1659 512
614 1058 687
707 813 747
1483 49 168
1463 1635 35
619 710 871
1793 554 89
1212 1803 973
1565 1264 523
1248 8 273
564 64 957
1717 334 97
59 33 742
314 586 893
273 347 103
118 506 880
461 369 258
1801 666 28
1943 460 847
1941 1984 609
931 944 550
1058 1206 436
1767 922 313
1771 1593 654
639 1380 354
921 1715 57
542 1365 14
1042 480 280
1276 404 398
1962 1345 222
1057 346 850
889 1206 835
1699 1249 910
1550 1241 755
1652 1976 193
1653 308 733
1664 1764 405
1191 1595 676
592 1570 691
891 451 102
337 1961 474
349 277 130
1749 1754 878
1196 719 740
621 1784 477
1274 780 966
43 636 218
745 864 196
187 679 502
1856 893 740
324 1295 672
560 1612 955
364 444 28
1341 18 871
1782 674 99
1716 877 115
1275 1438 780
1127 1392 829
550 1153 58
667 773 954
579 1444 514
1020 753 198
241 1406 178
1121 975 437
938 1227 880
1662 1477 441
125 307 902
510 779 171
1789 1727 576
1695 9 419
938 1734 380
205 493 183
70 137 738
539 836 564
1488 1258 613
1940 1825 410
1325 1310 147
413 269 603
1455 85 202
877 740 437
237 893 105
238 1030 179
470 489 264
91 767 261
932 286 869
229 1382 933
481 647 821
183 892 335
68 818 378
1049 1997 266
1541 915 493
204 264 15
1547 1759 448
1786 80 110
1645 1434 429
110 355 622
1284 1093 536
296 1878 115
1316 925 608
1807 710 847
1659 1378 339
1884 1797 657
1739 2 367
40 1859 43
1542 1747 183
502 1140 774
1455 648 886
1617 683 872
458 76 738
774 480 997
1083 952 336
1975 822 92
1862 1923 997
1568 507 322
738 1913 207
986 59 581
564 665 527
1279 589 452
1485 1420 227
1774 1039 819
523 1874 758
478 600 686
1213 570 402
1056 606 852
1613 1364 259
900 746 474
1463 1122 486
1365 1433 303
957 180 663
422 162 108
95 1799 662
1658 1401 119
1756 1613 92
1137 1337 886
1519 1397 598
686 1087 101
1958 1571 951
680 982 389
45 562 953
648 1425 83
74 1264 198
628 332 762
191 1620 68
1719 1226 912
820 1431 686
1005 52 186
297 1630 45
1771 1394 511
1963 1765 827
1028 919 658
1675 1250 96
865 995 58
1039 426 885
1689 1005 907
720 1671 896
562 267 663
1337 484 42
635 899 730
98 1527 611
1244 25 221
333 1498 481
866 724 652
812 1027 112
620 1387 313
543 1359 880
105 864 89
179 1682 648
1348 1930 857
1026 1180 141
802 1201 411
45 736 190
1776 1969 442
486 946 951
1892 491 49
1175 365 806
889 482 669
194 1122 684
1655 961 243
818 345 665
1912 1992 510
1812 373 501
632 1277 32
773 1058 622
10 1177 301
1249 349 885
1767 1818 365
590 158 719
1976 1836 909
600 1378 52
890 1252 850
1361 448 426
1787 1494 515
1890 1406 47
471 931 107
1539 1273 442
1206 422 101
415 1052 11
1381 1839 21
593 735 477
1311 732 574
162 572 425
1285 1162 998
512 280 104
1001 1561 259
1116 261 752
1094 825 489
1524 1580 648
980 1473 76
1934 1931 82
607 398 778
413 1532 340
753 860 657
180 312 374
532 191 133
1760 1100 883
1104 1883 115
1772 1413 172
900 744 718
1152 701 398
1993 505 552
1566 274 127
632 1925 567
1739 722 240
1727 1234 438
597 1835 367
375 808 599
1162 1219 577
926 1630 116
1616 759 609
642 1260 269
1886 959 876
122 353 257
1430 376 785
1371 1763 71
333 170 640
899 1345 730
1758 930 87
1595 1214 61
603 812 770
1256 765 617
409 916 653
1439 1602 688
185 377 652
1929 330 545
656 1663 204
380 1952 767
471 1042 821
237 481 30
583 187 746
52 1615 32
238 1156 994
486 913 312
631 1279 487
1514 1177 396
1625 663 62
1611 1955 55
988 431 633
502 1054 81
140 71 651
373 842 348
302 909 228
1406 91 754
1017 916 512
909 1618 404
879 723 568
451 817 17
1679 1705 629
1802 1776 782
372 878 735
282 1733 836
1847 1887 138
666 834 964
798 923 692
558 1429 141
871 1414 235
77 1099 651
744 420 384
1112 486 862
60 246 751
978 974 109
1739 1403 337
421 29 489
669 762 255
48 1935 598
1364 729 284
205 1600 147
1472 196 744
1103 1963 610
775 628 163
1234 174 64
1590 1742 434
504 1281 918
1967 1022 167
171 1937 613
898 602 101
1287 172 131
1855 763 970
482 1994 867
119 1932 159
121 1889 209
1423 934 700
512 1971 319
480 1160 338
842 136 953
614 1421 490
293 952 432
125 1749 982
1658 996 500
1763 1211 606
1030 310 842
1526 1538 770
114 837 762
1568 1909 814
955 1906 598
459 1366 429
1491 845 491
1613 536 787
196 1540 763
108 1663 300
1352 1958 634
1661 178 708
1231 205 361
1285 1502 556
226 1394 922
1930 1324 118
540 1496 938
1771 672 732
1954 1171 42
764 1672 583
215 1765 611
1624 496 572
67 625 878
1314 171 362
1369 1546 206
343 412 154
1298 1716 566
355 1559 24
1749 107 255
1292 42 776
495 533 982
1787 1716 737
1274 1395 183
700 1130 591
495 1951 380
1950 1409 97
1614 1566 955
338 1602 548
80 161 311
31 282 338
1261 1226 765
1293 47 86
1098 1310 487
1400 87 675
1573 477 617
1401 386 324
314 646 334
1442 355 242
1917 1304 647
729 1561 342
36 1470 573
1042 1792 169
1174 1597 583
1036 1623 82
19 302 472
1413 1455 25
294 1138 495
1081 875 400
1295 244 452
123 1260 841
1951 1693 68
410 417 725
625 570 385
257 402 42
1546 9 370
1082 314 29
513 1446 42
1812 1425 609
739 121 967
1113 656 339
1251 1427 912
720 1958 529
1355 1942 912
1567 162 142
984 387 688
821 631 809
1416 1738 262
338 1598 942
1914 965 273
896 1275 629
845 1708 587
207 5 504
775 451 631
1901 747 539
987 488 160
1600 557 826
1651 1807 242
1584 362 314
71 616 259
1850 1313 227
1010 34 52
521 1411 67
1799 1798 192
1752 284 638
988 834 997
788 241 595
1176 97 709
1467 831 322
925 613 330
775 1256 561
1078 482 524
395 731 496
804 667 321
1676 499 805
1388 1670 39
691 197 203
292 1019 83
1352 324 937
1935 1081 373
1685 819 440
1425 1768 633
462 1594 122
1418 1410 836
1093 1610 962
1092 1081 790
1971 1774 48
313 758 669
1881 589 117
119 223 911
1221 1622 586
1759 1886 226
665 425 313
1659 1902 177
1153 682 277
523 1392 78
1222 1338 69
171 1935 951
1130 1092 314
393 751 50
1967 1089 770
331 916 297
749 678 146
1349 528 127
1248 3 618
1040 1838 641
184 75 796
758 891 477
390 765 543
312 1122 855
927 1193 821
455 1194 903
1365 1871 323
1988 741 691
958 1181 925
1037 1611 14
1091 1214 642
1278 1073 621
1674 378 767
741 150 227
1728 1014 331
1514 998 169
244 1331 897
1424 505 663
275 1579 39
151 1842 124
736 1322 557
897 307 638
1458 306 489
1036 1124 251
265 1422 344
1975 1104 498
1545 1384 442
816 1398 185
137 741 258
234 979 468
1402 1005 99
994 820 911
1864 1789 616
339 1767 616
1426 37 970
1891 81 851
1929 214 561
780 1793 223
1837 1637 508
129 983 803
1222 876 532
928 1871 398
283 275 222
1808 1186 708
1841 944 554
440 112 528
866 1276 397
424 1639 337
1203 1336 761
1514 1711 443
684 1308 172
655 1342 650
1355 1768 785
280 1739 626
225 447 159
773 1542 678
40 24 688
686 676 615
595 1044 38
1462 566 213
1502 570 177
666 17 804
632 1126 230
716 1785 465
1274 130 241
1186 281 290
1525 387 96
1424 524 263
1938 658 448
1740 1824 194
1335 1536 359
913 1667 493
1128 1558 510
813 926 550
145 1976 353
934 1483 690
1225 991 513
646 1476 749
891 89 278
48 164 667
1815 126 900
1535 1028 63
1965 331 629
1989 1997 56
1863 1563 308
1875 1499 200
1435 1361 109
1718 436 531
1940 324 917
1148 1794 259
1082 596 978
1105 1906 388
336 1253 306
174 257 463
320 1952 237
1825 817 623
956 999 1000
201 468 105
1819 1633 897
490 1186 162
976 1658 304
1982 1895 127
2 181 990
1098 781 107
1031 1098 595
1582 563 617
1140 253 674
271 723 953
1735 664 391
1979 545 572
1441 42 684
1356 1785 777
292 933 783
587 395 192
1171 1666 748
298 731 936
761 1680 681
1395 1120 227
6 185 5
793 170 381
185 881 624
976 1239 14
348 1716 432
1135 913 793
1033 421 818
1333 273 303
1740 703 239
377 232 97
439 1319 564
300 1081 835
1971 1895 88
745 581 302
1412 1612 951
935 1879 518
1134 1560 247
731 993 284
847 1545 137
774 549 547
1282 116 359
1173 1460 202
744 786 691
1917 705 305
1582 373 448
493 1159 546
987 739 268
1013 1957 989
1635 675 960
1898 8 391
1417 185 519
1030 1886 144
80 1475 73
284 473 819
984 1154 762
677 1440 71
1147 1461 376
1721 1499 168
1151 1941 63
1873 352 812
1370 108 169
1942 1919 32
89 1507 621
780 999 691
107 1535 628
1064 1526 953
1408 1952 701
1862 987 247
1210 346 639
1509 146 214
1090 894 256
288 1678 970
1354 1657 514
867 1123 723
597 1894 193
667 629 391
1002 130 373
363 1471 196
868 1172 577
929 735 863
1117 1980 60
1048 668 840
894 140 685
624 1260 156
1466 1937 503
15 943 28
313 1654 115
1135 841 390
40 1542 797
861 1246 538
1800 87 508
1548 1478 194
604 779 862
972 1506 700
154 898 665
513 683 888
643 353 240
841 1056 834
1248 1910 260
694 1447 31
27 230 82
872 587 746
1903 58 95
73 185 738
1763 1757 151
184 1435 685
1075 746 257
1933 404 134
1018 639 961
1532 625 221
405 1445 799
493 257 611
757 314 103
1954 862 192
668 1477 800
1494 1553 392
953 974 535
856 1178 683
228 1678 155
1485 1810 708
715 308 451
676 217 619
1522 869 410
1245 368 469
1265 648 868
1784 1357 350
1824 608 99
578 1764 61
1995 962 102
1007 269 735
1795 1865 792
380 692 92
1124 1004 237
241 1515 838
292 1768 901
543 1057 607
1647 1674 286
719 560 74
704 1737 642
704 1340 429
1920 1475 430
777 190 181
1611 1909 394
68 767 487
1957 1904 1000
1876 1439 930
403 174 731
1505 1843 978
244 1801 512
1888 1966 539
1485 518 86
1939 725 576
1439 12 459
1233 1483 753
575 585 196
1926 550 806
1201 243 734
1246 270 399
1878 55 881
1860 969 484
820 327 280
266 1406 767
1088 164 649
545 1874 328
1700 1918 149
1443 1907 492
1791 1398 592
1846 89 192
1677 823 800
21 1274 993
1718 1859 223
1475 1018 291
1052 1924 120
1908 913 246
1295 1240 858
1915 1959 725
1725 745 910
1833 850 84
1733 853 967
404 268 952
272 385 330
157 1722 792
635 1421 819
1569 261 195
151 727 254
1180 1828 480
1523 226 338
768 721 555
234 138 260
636 331 787
1353 1787 83
1481 1543 843
807 1243 92
710 1766 565
1822 198 287
702 521 382
1303 1474 860
690 1939 136
801 1287 848
895 156 506
1762 1707 672
1351 13 328
1337 875 277
469 569 985
1103 1570 66
1868 1677 378
329 839 312
61 1881 425
483 1560 700
1423 33 750
1980 138 112
1496 484 248
228 1095 480
1899 122 5
1296 1465 124
1402 694 287
1867 1066 290
148 741 521
634 492 573
856 1963 872
193 1456 280
341 1476 795
1408 896 134
324 1367 804
835 1281 747
1404 1265 205
428 1743 983
609 470 363
1155 1834 42
30 290 465
1498 187 87
378 1019 602
1977 732 88
1487 1684 467
737 1145 544
1785 285 266
651 1142 362
1548 396 435
1845 367 359
301 1537 215
1678 214 697
1623 779 772
337 135 709
204 1905 17
72 107 642
1391 296 623
824 1206 116
85 1691 599
1345 150 180
679 703 141
22 1342 601
1804 1473 432
706 264 601
68 1142 999
1340 933 207
216 30 213
796 171 663
526 462 693
900 1510 362
1801 172 812
977 1508 685
1842 900 712
1650 346 361
266 141 307
689 659 939
443 1402 541
1750 1131 825
553 1439 649
1971 1375 337
486 1858 299
1572 1169 291
413 1390 712
1375 1539 559
88 1689 736
1232 545 44
1839 1432 140
225 293 178
1315 713 808
1393 674 739
10 705 569
248 272 713
811 305 18
779 1524 713
122 485 722
807 1116 741
691 1576 745
837 1027 400
737 625 694
1762 831 967
231 1100 382
1209 1775 136
437 1438 549
1509 695 393
845 1392 407
344 651 16
145 1059 944
1142 729 707
1040 401 378
323 1873 833
1809 1076 882
739 397 150
966 1887 663
1107 426 661
892 506 780
676 755 241
986 387 286
1882 594 803
1531 1225 106
639 1147 490
882 647 487
1376 1605 370
907 87 878
985 482 943
1434 1649 704
1088 1147 628
27 794 555
1223 542 305
1362 1660 596
1620 331 65
926 781 179
1018 1864 827
147 336 523
248 969 979
743 1405 44
705 1072 684
266 240 387
714 939 531
1122 445 956
702 1119 300
1495 1954 109
1653 1170 570
1195 362 9
1520 727 129
299 132 32
999 448 583
1053 848 747
778 1532 259
1727 800 153
300 570 57
1964 1617 183
142 1104 953
1204 820 996
803 1793 680
483 650 697
1045 1897 214
88 254 29
1780 1871 24
213 799 383
1433 468 25
674 438 775
1907 1725 775
1002 327 15
832 378 686
52 1411 699
137 1246 693
1905 1303 648
1938 1532 471
752 1872 531
1722 598 100
583 1921 629
445 499 82
845 691 632
1986 1324 633
428 599 206
1351 909 923
75 22 856
445 134 855
1069 1185 740
898 348 140
1618 1785 696
1946 559 674
1345 312 861
507 878 491
657 1946 346
888 1403 970
1883 845 963
573 764 945
773 326 628
477 630 615
1733 1786 761
178 69 457
1132 831 112
86 480 409
1302 1310 441
826 1159 16
757 1948 178
1001 413 375
1294 839 466
1858 98 703
687 70 822
662 1487 738
343 1873 144
64 1957 121
46 1890 72
855 495 984
1072 1779 843
136 1408 510
728 545 800
187 529 452
199 1390 741
155 1058 505
753 870 553
1891 1858 400
1331 1448 792
1972 86 905
1451 738 674
1487 1662 663
1578 1669 429
640 1610 556
78 499 983
1405 149 12
1257 975 312
1230 429 411
204 138 899
80 847 668
1524 1660 384
1533 1134 307
530 543 261
1793 673 103
1348 144 336
113 874 127
1455 1869 731
89 1570 512
798 193 391
203 1411 816
925 1675 930
668 1137 678
1431 346 348
993 219 760
1742 52 374
603 1879 461
1295 1599 470
910 1494 367
1355 424 384
1295 919 171
1044 449 771
926 1724 751
395 1731 422
1359 999 673
108 530 674
731 1245 701
678 984 518
1893 819 66
1837 1741 974
338 913 137
1480 328 424
1191 353 106
291 936 601
1773 169 882
1371 65 228
1970 1493 436
1348 1194 778
1138 1342 883
1683 1830 301
523 585 64
1640 482 707
1325 585 434
1239 666 13
136 511 607
1898 1035 869
1207 1930 222
814 980 722
397 455 6
1033 366 132
1656 1333 121
522 553 58
1118 1032 884
1547 559 804
1997 1955 37
306 1453 882
183 252 566
1423 584 377
743 1729 16
871 990 743
107 1924 351
1167 262 1000
394 1575 153
110 1739 922
1184 1619 778
693 1467 251
607 146 90
378 265 240
1724 344 992
22 1137 380
97 251 273
1752 1402 734
36 1361 989
658 1820 713
1245 1289 79
647 1215 479
1648 1199 684
1237 763 136
1797 1290 706
32 309 638
1353 1243 462
435 885 9
1383 1204 798
1357 151 376
809 1225 594
187 1763 999
1615 1983 123
1556 1465 398
530 724 923
520 725 674
1505 406 413
182 53 95
1404 843 816
1035 1717 542
1117 757 595
1155 188 123
943 327 576
100 249 657
244 278 330
729 1341 76
778 130 254
496 756 18
130 551 446
221 1081 996
745 1518 932
1600 1283 486
156 1771 311
1953 1355 747
1674 1095 497
1053 252 439
700 1265 778
1408 540 73
1456 1466 943
43 1186 191
1228 1859 657
1253 100 484
38 1688 106
870 596 266
1802 791 178
1302 1187 929
1446 1907 341
1635 304 967
1772 1987 521
1346 393 917
485 684 428
941 1710 611
1354 1274 497
1140 474 574
1188 142 441
671 1420 482
1932 1567 619
675 1882 387
75 1022 560
99 1485 226
1745 1211 252
390 1652 587
455 1422 568
1611 526 214
804 163 232
255 747 966
651 953 346
1620 550 40
889 1532 401
1598 1756 201
947 194 876
73 641 851
37 1271 781
1276 363 293
658 1176 931
428 1017 679
1856 1808 343
477 230 774
1171 1245 479
1967 987 793
791 1857 649
42 1768 550
725 974 805
23 1083 390
1687 350 626
28 997 827
513 1431 148
1280 1207 943
1008 440 609
963 524 6
1427 189 893
766 331 46
282 1370 357
222 428 203
1048 1324 528
675 282 324
944 562 489
616 633 383
1558 549 755
533 1214 439
1188 565 606
859 1127 202
199 1467 585
1874 1357 594
709 1542 514
1101 614 390
1297 73 392
1042 1128 713
343 631 780
169 656 780
70 1553 28
187 1520 872
1345 1866 475
1531 350 954
434 537 567
847 1239 98
528 181 663
679 403 715
1417 93 711
919 348 698
419 1399 786
311 1433 507
184 1522 175
725 1161 767
1524 1427 652
192 344 807
561 1263 958
539 1412 286
1392 439 914
727 812 263
143 1938 275
751 1871 564
1637 1194 707
643 1986 956
1167 1728 852
579 775 988
1266 1713 720
1335 411 225
1304 1600 177
1056 1418 940
712 1478 884
630 398 292
830 589 841
1464 1012 395
369 676 854
1188 208 308
332 682 113
368 1391 25
1239 1259 504
801 1540 20
1030 1492 93
1265 608 238
182 1771 612
655 542 85
196 379 469
850 292 202
439 553 449
1913 821 122
767 1611 935
1417 903 792
1533 1119 170
735 1665 653
870 1139 961
1974 1705 946
63 1898 281
1157 845 973
118 366 690
218 1297 164
1809 1835 697
179 1656 9
996 1226 329
257 1133 316
1830 138 834
86 1364 149
1455 366 204
451 317 53
1061 1058 258
464 148 154
1239 1600 75
692 1356 687
1405 1085 247
245 296 452
1156 1800 50
969 1020 882
1873 590 540
1796 1353 383
1139 311 835
829 1548 461
293 338 282
1258 297 724
419 1868 464
978 756 91
733 1234 466
915 1918 73
1029 1618 188
1562 685 19
1350 1543 629
1608 1878 712
705 776 826
646 47 65
1357 1821 605
1872 1093 658
848 1235 810
1809 870 318
1402 1571 491
246 952 221
663 1854 208
1683 1377 132
95 1994 145
129 1804 401
538 150 116
1146 291 307
1440 1258 438
420 1770 13
1206 1384 978
736 979 112
951 1485 997
317 1455 794
453 994 409
1157 649 184
1794 1429 131
1046 178 604
1810 1378 638
289 265 177
1157 1051 939
1310 311 178
1744 392 386
151 1812 186
1740 910 108
167 820 538
460 929 659
1090 1171 183
692 601 619
1217 220 169
1693 1128 183
344 474 523
971 512 137
920 1926 81
469 803 430
1870 1876 820
1127 399 841
1020 60 822
1623 373 447
0 289 563
1184 221 321
219 1029 46
1574 740 927
375 900 951
1130 545 6
527 137 352
457 838 164
1816 1209 676
330 487 163
184 460 774
237 815 679
1183 1939 484
1982 1361 88
920 1357 660
1277 1447 823
1546 712 104
1020 993 483
840 57 97
1689 65 403
718 1260 271
763 1564 45
748 446 394
1131 1880 513
622 356 455
1176 461 358
1981 1671 450
183 1047 842
1319 154 479
248 577 724
505 552 818
1294 1681 675
536 1730 164
1741 1512 778
191 1830 611
1285 691 613
1281 1361 850
1369 1131 421
818 1454 839
1980 1097 974
1293 815 348
914 328 121
1437 1583 336
190 1772 601
1883 380 637
577 923 219
444 1311 984
1575 1458 869
1808 716 415
288 328 258
1026 975 333
365 254 869
539 1740 232
1460 747 737
1322 1202 858
467 317 989
1776 1596 127
592 610 398
1762 1608 354
726 1840 23
1267 881 69
1901 682 544
1559 1285 196
593 910 610
1964 1798 529
574 1684 359
461 259 13
1049 1259 471
237 200 113
677 123 375
411 1016 196
959 1477 184
339 1614 242
206 1744 861
319 1139 504
109 832 783
958 1949 256
1205 822 421
1373 111 917
898 101 660
1189 1692 597
1507 1898 349
801 1459 784
1207 924 817
1883 1689 371
236 898 620
345 120 752
1295 1134 430
1146 1423 298
308 685 551
709 821 84
1759 1902 432
52 1118 748
1608 1088 497
1922 1711 888
1284 397 662
628 268 185
1865 1506 166
1398 682 412
1823 45 493
279 196 699
778 515 264
104 281 247
1551 341 470
833 478 745
1772 262 506
886 497 301
293 2 778
313 577 906
1387 746 414
1887 560 704
1403 891 674
1630 1918 222
268 965 154
1476 1804 474
640 1986 721
1909 62 96
913 578 325
1398 241 233
497 1591 830
920 817 867
238 1616 491
1672 740 610
1001 526 593
1394 1525 912
29 679 437
1856 1178 863
868 1537 650
1198 53 579
931 1244 752
892 341 889
1186 1931 884
788 1164 585
825 1994 343
294 1870 381
1180 116 844
151 1176 532
648 296 330
1952 1189 325
131 1849 637
1763 494 265
1209 71 120
72 990 775
1465 1114 625
1492 568 196
388 351 982
1916 1339 684
1566 545 822
310 899 20
564 1425 683
537 1506 225
1593 417 112
743 1233 993
1391 384 211
200 1777 800
782 207 783
631 1981 270
420 476 590
1476 265 663
219 217 305
439 431 709
437 46 298
998 1220 277
1389 1467 64
979 650 793
775 50 541
1930 1616 491
44 1698 841
722 306 800
511 1352 624
1400 514 901
1012 527 505
516 749 209
1333 610 919
390 917 238
1930 1925 786
1114 617 728
97 56 78
1630 1212 252
781 1437 535
662 1517 791
300 258 997
1713 197 978
214 1382 71
1738 1736 901
695 1293 154
733 635 649
1089 1698 769
880 219 424
1710 237 843
660 422 201
1596 1690 962
750 324 62
1467 1029 16
1423 1713 10
682 377 489
1320 1308 297
68 1498 205
1132 437 509
692 216 777
695 1665 58
705 1817 560
82 823 263
980 1584 298
562 1080 246
626 1920 491
659 812 980
522 1001 226
1467 588 719
1384 690 695
1279 1969 272
1215 1413 173
106 224 333
829 1624 133
1200 456 87
527 1079 353
252 96 567
1698 1562 751
716 738 943
668 1437 298
1965 218 544
17 69 154
1978 314 167
1856 1868 53
1857 1012 915
652 1818 684
1338 690 59
1229 790 978
144 905 568
1314 951 807
915 33 477
1972 1152 944
613 997 746
1964 1368 442
755 1980 711
7 763 181
1599 92 468
1229 1796 879
317 63 321
1149 664 788
1792 1213 348
463 1313 202
335 1889 258
679 956 509
903 1954 322
86 470 85
344 1271 465
121 1648 794
262 588 906
1876 1425 440
1029 1380 379
1740 1434 514
294 858 812
1970 405 819
1961 523 179
73 219 481
786 256 33
837 1840 919
1751 435 917
1104 1288 560
950 54 549
1556 423 7
1085 435 177
648 1050 473
1828 1189 262
1588 1201 359
17 1657 929
921 353 926
211 1021 768
1902 1613 989
757 24 473
747 1176 75
372 799 636
1282 493 402
1228 323 285
251 762 764
1948 438 807
1697 358 822
361 223 147
1737 521 26
1496 34 608
1502 625 954
1786 1500 28
986 911 174
493 608 898
547 155 372
535 1533 81
602 1922 824
1697 1989 470
435 424 548
433 1229 876
1067 670 699
555 830 587
1638 1981 537
1963 1489 851
1588 570 146
1865 4 10
275 1536 625
589 1391 746
899 1349 146
1635 669 96
82 1309 904
1324 572 701
464 1596 403
688 52 227
543 1636 163
1061 892 224
1275 526 203
1551 587 171
1506 1650 511
237 844 699
1790 1060 123
1899 737 425
841 280 718
813 1360 701
846 230 188
315 210 809
538 675 668
1591 78 675
897 1322 528
972 794 358
1642 1286 521
1162 1131 846
961 1034 459
46 335 734
1157 1940 831
163 1254 975
1592 65 194
1292 1932 829
1046 79 161
685 904 115
447 856 544
387 58 267
588 1069 655
123 1620 149
184 643 268
1901 448 999
565 284 373
242 831 382
590 1089 216
1343 1520 778
485 1428 784
217 1119 992
20 1463 216
685 1806 341
480 1385 945
1539 619 153
1998 411 966
741 386 18
1244 645 614
961 1328 212
1632 854 996
1320 1334 226
81 1432 381
1223 205 585
1875 1469 377
643 1409 475
1028 583 464
199 1852 648
823 1122 44
643 1459 864
628 417 375
1959 588 83
699 1381 421
1301 1086 254
30 1526 289
381 237 718
1390 1710 125
980 832 92
47 127 339
659 1660 473
661 1499 351
1853 999 586
769 1262 200
587 40 602
1188 864 785
1867 1092 959
1706 1828 615
487 725 262
7 296 954
1054 153 581
1030 816 373
1680 1564 105
367 1179 216
225 715 146
