700 50 711
198
225
194
540
348
418
132
69
488
502
200
315
433
552
51
380
528
434
109
143
172
105
438
116
533
180
409
2
309
385
316
74
142
320
360
441
169
629
60
25
256
376
65
108
235
514
498
40
62
9
64 648 207
292 64 797
292 622 566
339 372 247
622 26 923
64 622 22
388 64 563
388 339 120
622 339 674
622 372 141
120 629 881
524 532 762
120 190 916
190 532 313
403 120 856
629 553 940
120 532 366
120 373 779
502 190 379
379 222 968
260 595 294
98 595 92
563 379 99
98 563 554
260 140 562
98 394 269
563 595 31
408 394 752
595 140 625
365 567 157
567 293 728
556 297 464
365 421 348
297 501 128
381 567 382
297 421 712
567 297 972
421 381 289
168 198 512
596 665 22
168 665 63
198 94 972
94 596 188
684 168 302
596 529 396
617 168 407
529 665 397
17 333 858
97 526 516
340 163 441
134 496 87
526 496 237
134 340 461
496 17 565
97 17 776
496 333 267
163 97 186
36 74 774
63 48 714
74 210 871
416 48 737
506 210 156
416 63 423
210 520 405
506 63 27
74 341 234
480 407 161
640 363 367
407 640 863
640 480 697
579 407 892
305 616 513
579 521 703
521 363 745
305 480 52
196 72 777
566 196 683
154 72 737
577 646 864
154 646 681
72 646 829
566 698 29
534 378 96
133 378 202
518 347 873
518 181 651
355 10 969
467 10 598
355 467 556
525 518 987
347 52 657
181 580 627
525 347 402
82 181 314
516 150 544
542 516 423
542 54 192
445 517 826
516 517 61
184 542 328
542 146 383
517 165 261
455 172 54
151 571 276
571 651 865
571 469 534
681 469 35
681 439 504
681 476 228
410 571 832
151 469 212
125 276 51
402 276 670
55 402 761
683 276 399
683 512 921
152 644 904
512 55 541
152 125 318
199 125 904
644 683 413
322 491 510
322 444 183
182 482 420
669 386 212
20 669 485
482 569 602
60 444 868
482 60 203
482 322 824
350 93 515
70 272 674
350 22 340
336 272 837
191 93 477
93 70 158
272 22 298
483 93 303
350 70 200
548 401 10
356 440 365
548 207 454
377 442 843
401 440 900
411 679 65
548 356 281
401 442 773
377 548 857
270 238 655
220 598 534
79 238 318
398 270 560
398 228 603
598 270 222
598 554 507
369 270 568
598 369 758
251 668 779
259 263 228
668 259 806
186 259 117
565 186 959
555 599 417
263 599 368
251 443 615
489 332 228
329 175 218
332 51 579
329 348 686
348 593 397
51 538 760
51 329 2
538 593 257
277 329 247
212 288 663
620 288 210
242 620 946
493 479 310
300 479 564
300 242 650
242 212 886
620 300 265
479 212 929
118 368 368
652 393 370
368 253 469
367 652 309
118 367 335
393 450 977
253 652 802
674 430 987
539 286 671
178 624 916
539 128 353
624 527 697
465 128 835
343 465 242
286 128 476
258 624 599
178 128 824
465 624 364
417 176 159
654 586 572
176 108 421
176 586 315
432 176 196
417 434 68
586 127 648
38 417 488
654 108 959
417 654 570
6 274 435
8 132 457
503 282 985
8 282 912
503 8 962
8 361 163
549 361 973
274 361 13
361 44 279
485 540 692
162 494 646
353 664 89
323 353 387
540 664 101
204 485 99
204 494 106
353 540 752
162 42 401
149 380 188
380 463 654
463 149 760
641 583 320
626 583 358
380 541 424
188 583 633
321 641 858
309 505 798
110 169 205
309 161 301
505 295 839
110 161 859
169 558 614
584 625 128
625 295 255
110 309 458
632 608 521
40 362 434
632 308 734
632 391 397
16 391 341
308 16 848
632 362 663
16 40 190
488 362 863
632 488 931
281 446 988
244 557 531
244 484 819
427 395 384
557 446 132
100 457 111
352 557 364
557 427 576
352 446 95
642 252 464
466 389 955
183 642 727
197 252 155
642 197 900
232 252 646
415 183 945
642 189 661
111 252 554
576 575 906
346 639 141
576 2 765
50 2 982
499 666 910
346 576 463
50 576 806
307 499 143
639 575 300
2 61 863
390 409 799
80 138 615
399 390 103
205 550 103
205 73 988
73 486 432
550 80 594
409 399 829
80 409 653
205 390 41
78 604 608
101 96 617
96 246 439
96 13 969
71 342 87
131 604 578
71 246 862
131 71 948
71 78 259
662 448 449
287 99 77
572 448 409
287 572 38
572 177 604
603 177 691
572 226 569
597 603 379
448 99 755
177 287 932
513 170 138
254 328 661
215 513 20
254 423 64
460 170 781
453 460 465
360 170 500
254 360 975
513 423 534
453 170 99
498 459 878
217 658 622
588 214 197
638 364 377
498 217 552
214 658 4
658 436 815
588 658 571
658 498 875
507 561 341
160 1 453
507 69 729
643 627 240
627 1 369
578 123 129
69 561 97
160 123 789
627 507 679
69 1 945
601 424 732
492 504 223
504 601 53
424 591 487
694 601 837
504 43 758
591 43 944
43 424 278
492 392 468
492 43 973
240 335 837
562 173 749
121 562 834
240 173 922
11 449 364
173 335 964
11 523 87
523 121 317
33 326 102
291 636 603
209 582 357
326 25 889
331 582 852
264 209 930
451 264 193
451 291 79
291 209 126
695 437 4
87 695 724
201 609 565
609 594 34
695 649 359
649 594 887
535 594 389
437 609 869
594 87 912
235 77 62
77 413 672
653 697 451
413 454 994
697 31 210
697 671 636
552 697 687
31 544 566
687 419 761
405 396 977
428 396 655
428 405 884
405 15 737
687 675 68
428 419 84
687 234 658
396 602 302
428 234 531
76 117 287
312 686 863
547 117 788
686 354 279
354 510 954
510 686 750
508 312 854
366 508 473
354 312 516
473 290 378
477 645 291
473 574 15
655 290 77
83 645 206
645 283 962
290 464 215
113 83 167
290 477 376
426 284 850
631 384 662
384 27 959
429 41 772
284 429 268
41 32 389
426 631 488
631 158 999
429 158 490
426 384 261
495 345 392
546 65 803
612 289 719
570 546 258
570 65 767
495 570 74
345 612 937
546 289 981
656 157 194
299 5 949
515 5 764
587 91 753
656 135 225
685 587 245
91 656 520
656 359 175
515 359 743
406 304 494
141 406 437
406 514 857
298 406 28
304 280 309
19 23 47
23 298 365
266 304 878
223 304 188
497 279 327
21 531 417
279 531 349
531 543 413
497 21 741
208 279 357
21 89 561
208 89 695
528 522 73
522 86 371
126 470 667
470 166 849
126 86 425
431 126 918
344 470 240
166 344 278
137 431 807
676 311 904
261 613 127
243 676 356
261 615 840
261 676 741
615 680 669
261 311 937
261 187 958
243 187 300
613 49 823
414 59 954
374 456 12
530 456 438
537 456 585
537 530 419
688 456 857
560 59 111
233 296 32
285 224 322
296 142 379
296 28 598
28 224 216
28 673 962
313 285 167
233 313 56
313 28 882
313 224 674
425 545 776
179 247 943
545 247 267
412 271 21
568 425 598
247 9 162
425 231 985
568 247 767
179 425 396
145 229 397
225 145 900
607 637 28
621 225 233
225 637 220
229 637 172
229 418 445
621 229 984
637 621 610
7 661 341
678 245 636
659 661 111
7 659 560
245 7 612
447 678 241
678 691 496
659 211 866
294 661 970
45 327 810
650 45 722
57 650 135
45 174 661
589 327 151
236 45 629
90 206 788
206 327 221
472 236 56
650 236 868
376 618 489
623 376 262
37 66 313
24 256 352
66 623 553
114 68 78
66 68 298
37 256 183
358 693 553
358 92 232
672 219 355
92 533 862
109 92 462
109 672 921
693 614 667
533 672 20
370 273 814
275 156 855
338 193 524
273 349 177
193 370 403
633 273 532
370 592 502
193 387 696
273 592 869
102 35 508
462 696 444
195 696 514
103 462 99
102 696 945
143 265 522
103 696 758
462 143 928
103 143 607
35 301 91
147 319 150
130 116 459
12 144 608
310 12 386
478 310 168
144 324 395
147 144 38
130 12 465
144 130 852
420 129 567
129 471 957
420 471 147
682 471 328
471 605 353
185 420 570
474 268 987
185 471 926
420 268 703
420 441 542
81 375 549
278 81 696
317 203 1
585 630 298
404 337 904
155 203 451
404 375 7
155 317 327
585 317 292
81 630 473
559 267 183
559 461 114
153 400 794
559 590 233
314 660 38
267 400 843
461 314 522
241 619 344
241 590 691
216 250 204
104 250 474
216 56 364
422 56 369
216 318 375
318 249 366
216 657 891
216 104 766
657 249 711
75 250 556
62 385 386
634 167 81
330 302 865
330 487 608
634 536 640
315 487 195
62 192 458
315 62 186
330 385 817
536 62 84
171 519 604
171 139 112
481 4 249
115 14 615
468 3 385
171 4 985
468 4 565
3 14 929
670 239 249
490 257 71
670 257 826
647 670 713
262 106 665
124 257 534
106 257 944
490 670 499
670 262 887
159 124 442
500 403 627
524 379 734
379 148 800
667 665 186
269 97 673
496 210 249
506 616 118
305 154 248
154 518 17
467 165 307
445 651 554
651 199 873
512 569 102
669 93 48
218 377 466
442 228 372
554 186 804
443 329 335
538 288 176
300 652 674
652 343 638
465 38 548
176 8 541
282 353 414
204 626 961
188 309 721
558 308 662
308 281 857
557 197 668
415 61 801
61 194 56
194 101 428
604 597 204
177 423 869
328 459 966
217 84 761
643 601 640
601 240 602
173 582 741
25 87 755
535 552 488
697 234 19
316 213 268
354 113 250
473 32 442
384 570 113
65 157 612
91 141 36
304 208 830
531 431 131
306 187 491
243 374 943
374 230 255
673 568 754
271 145 359
637 294 864
7 57 97
206 376 945
66 85 430
533 370 874
387 143 718
102 433 281
12 420 940
255 203 392
81 559 340
590 422 503
250 302 153
634 171 457
139 124 18
