700 50 700
465
185
99
435
344
483
619
543
540
174
304
32
173
231
286
227
442
529
553
439
598
381
164
584
346
373
143
171
220
407
623
518
182
535
291
217
490
552
421
213
594
157
489
20
293
269
653
412
463
136
228 393 1
212 228 1
191 643 1
108 68 1
278 308 1
228 108 1
278 591 1
212 643 1
191 228 1
308 393 1
380 392 1
392 551 1
3 551 1
16 597 1
380 597 1
597 551 1
3 392 1
589 116 1
589 380 1
3 16 1
181 319 1
29 35 1
35 46 1
637 46 1
632 181 1
181 410 1
181 92 1
92 637 1
214 337 1
150 580 1
655 276 1
150 203 1
150 628 1
276 595 1
595 203 1
548 276 1
276 214 1
496 5 1
342 55 1
138 230 1
138 582 1
55 101 1
119 496 1
230 653 1
342 5 1
474 136 1
484 662 1
136 484 1
613 136 1
662 215 1
215 545 1
613 331 1
474 613 1
662 545 1
600 95 1
493 684 1
125 519 1
519 320 1
95 684 1
320 121 1
320 521 1
121 600 1
493 320 1
471 241 1
170 241 1
251 206 1
206 526 1
206 170 1
170 40 1
363 251 1
241 206 1
241 526 1
623 24 1
97 500 1
22 139 1
97 2 1
2 382 1
2 500 1
97 382 1
382 623 1
623 139 1
104 626 1
104 555 1
282 69 1
567 204 1
69 104 1
204 555 1
69 59 1
567 626 1
555 602 1
264 118 1
285 457 1
264 487 1
487 118 1
285 341 1
341 487 1
356 618 1
356 285 1
487 457 1
598 368 1
411 355 1
76 590 1
441 76 1
355 590 1
658 63 1
411 76 1
270 167 1
420 167 1
167 148 1
270 420 1
0 447 1
422 447 1
270 447 1
420 0 1
420 422 1
167 0 1
14 249 1
617 14 1
348 472 1
696 617 1
430 617 1
617 348 1
14 472 1
7 249 1
696 638 1
535 94 1
12 448 1
537 666 1
432 94 1
400 94 1
12 537 1
448 666 1
12 432 1
535 537 1
433 596 1
48 428 1
575 433 1
428 683 1
48 575 1
458 80 1
683 458 1
48 80 1
698 34 1
262 168 1
677 34 1
698 677 1
168 34 1
208 168 1
661 34 1
208 677 1
34 208 1
539 168 1
656 318 1
398 298 1
257 91 1
244 257 1
113 298 1
656 257 1
298 91 1
318 244 1
398 79 1
79 656 1
187 384 1
534 114 1
463 187 1
463 619 1
619 114 1
619 384 1
534 187 1
495 114 1
114 287 1
438 19 1
601 274 1
274 239 1
601 18 1
419 274 1
616 601 1
438 274 1
343 19 1
616 419 1
343 239 1
562 163 1
621 344 1
367 621 1
621 572 1
621 61 1
61 562 1
621 678 1
131 621 1
621 657 1
367 657 1
158 453 1
594 453 1
158 498 1
397 365 1
317 158 1
453 488 1
570 527 1
394 6 1
84 680 1
680 570 1
444 394 1
84 444 1
680 527 1
6 444 1
6 245 1
312 245 1
185 259 1
482 23 1
67 625 1
82 352 1
259 529 1
67 523 1
185 23 1
482 67 1
540 379 1
540 510 1
246 540 1
469 494 1
494 408 1
494 246 1
408 510 1
246 408 1
246 450 1
469 408 1
265 608 1
153 154 1
153 109 1
608 154 1
225 243 1
153 250 1
154 109 1
64 153 1
64 225 1
651 174 1
627 375 1
174 47 1
406 107 1
271 332 1
107 375 1
174 10 1
406 47 1
406 332 1
646 307 1
387 229 1
15 592 1
307 99 1
592 646 1
15 229 1
15 387 1
387 307 1
650 530 1
675 603 1
171 675 1
559 171 1
425 66 1
675 425 1
36 371 1
603 171 1
171 159 1
171 425 1
159 66 1
248 671 1
544 75 1
544 577 1
577 571 1
672 577 1
672 671 1
544 359 1
122 671 1
324 639 1
300 197 1
324 233 1
233 284 1
299 541 1
233 300 1
324 541 1
284 381 1
300 543 1
300 324 1
690 431 1
690 140 1
169 140 1
309 140 1
329 652 1
190 641 1
329 140 1
329 190 1
329 431 1
123 377 1
373 685 1
133 247 1
123 414 1
584 123 1
247 373 1
105 373 1
685 377 1
105 247 1
547 565 1
649 694 1
44 412 1
412 649 1
44 370 1
43 370 1
565 649 1
694 399 1
547 412 1
547 649 1
234 556 1
166 26 1
224 660 1
660 26 1
416 660 1
546 660 1
26 234 1
205 660 1
288 556 1
224 288 1
687 303 1
303 182 1
687 610 1
687 385 1
610 303 1
45 303 1
182 385 1
610 182 1
374 687 1
607 100 1
306 635 1
515 516 1
192 306 1
515 100 1
481 306 1
306 479 1
306 668 1
192 516 1
155 358 1
145 258 1
213 504 1
258 213 1
155 258 1
504 423 1
213 37 1
37 315 1
423 155 1
372 102 1
372 629 1
455 629 1
42 455 1
143 222 1
629 42 1
42 372 1
102 629 1
102 42 1
142 198 1
142 502 1
198 235 1
513 151 1
502 198 1
513 502 1
151 502 1
676 513 1
235 151 1
532 286 1
286 25 1
130 532 1
130 404 1
611 25 1
404 54 1
25 404 1
286 634 1
366 681 1
30 631 1
449 553 1
50 77 1
553 50 1
525 137 1
449 525 1
30 366 1
30 681 1
386 290 1
459 175 1
175 561 1
290 459 1
386 314 1
49 561 1
290 561 1
576 459 1
386 561 1
445 328 1
328 194 1
390 346 1
538 328 1
71 124 1
194 302 1
346 302 1
390 194 1
302 390 1
664 558 1
579 223 1
177 421 1
454 579 1
223 558 1
485 421 1
223 485 1
177 558 1
177 454 1
297 120 1
360 563 1
461 297 1
144 563 1
261 439 1
439 144 1
413 461 1
144 297 1
144 461 1
461 120 1
499 273 1
39 70 1
499 353 1
8 291 1
353 39 1
424 149 1
424 353 1
429 8 1
149 39 1
528 402 1
252 528 1
310 470 1
260 470 1
528 89 1
402 164 1
310 402 1
620 691 1
9 195 1
9 620 1
620 83 1
473 688 1
83 691 1
127 593 1
473 593 1
127 473 1
72 127 1
11 326 1
326 417 1
180 418 1
417 418 1
418 11 1
62 418 1
417 62 1
272 418 1
296 417 1
283 17 1
622 17 1
60 622 1
505 283 1
325 283 1
659 325 1
520 645 1
520 622 1
435 347 1
583 673 1
435 609 1
609 673 1
673 78 1
21 673 1
78 669 1
673 669 1
207 21 1
201 467 1
161 73 1
201 295 1
201 654 1
201 73 1
254 654 1
201 275 1
518 654 1
73 275 1
254 73 1
242 415 1
415 183 1
134 98 1
452 134 1
98 240 1
134 183 1
415 452 1
242 240 1
335 183 1
232 585 1
112 361 1
193 378 1
193 112 1
636 232 1
636 378 1
232 378 1
210 361 1
689 585 1
232 210 1
522 81 1
490 81 1
81 188 1
351 486 1
490 351 1
486 132 1
490 188 1
486 581 1
132 184 1
38 13 1
202 560 1
202 56 1
56 85 1
443 56 1
464 560 1
13 86 1
38 56 1
38 86 1
172 578 1
695 647 1
604 172 1
126 647 1
1 604 1
578 141 1
141 695 1
211 604 1
135 693 1
294 321 1
221 294 1
321 221 1
294 693 1
508 221 1
106 294 1
106 221 1
693 178 1
349 697 1
491 456 1
456 564 1
129 564 1
460 491 1
491 129 1
427 52 1
456 52 1
569 460 1
491 52 1
569 630 1
588 586 1
699 32 1
462 586 1
41 588 1
588 462 1
586 531 1
644 699 1
586 699 1
644 667 1
93 162 1
345 492 1
426 87 1
87 437 1
345 437 1
426 103 1
640 93 1
492 437 1
162 640 1
640 103 1
665 554 1
554 395 1
157 376 1
115 554 1
376 665 1
28 395 1
152 665 1
152 395 1
165 152 1
612 550 1
357 253 1
88 357 1
442 253 1
253 281 1
253 550 1
442 480 1
281 480 1
364 536 1
536 65 1
369 364 1
304 277 1
322 65 1
277 536 1
364 322 1
267 409 1
533 179 1
209 389 1
389 267 1
451 338 1
599 533 1
338 533 1
599 209 1
179 451 1
267 179 1
255 238 1
238 362 1
255 362 1
362 147 1
362 160 1
147 255 1
160 147 1
147 396 1
396 117 1
330 549 1
330 475 1
475 74 1
503 679 1
503 663 1
466 549 1
403 475 1
74 503 1
466 663 1
483 4 1
686 146 1
146 199 1
434 339 1
4 686 1
269 339 1
615 339 1
146 434 1
266 489 1
682 156 1
279 682 1
489 642 1
489 156 1
156 266 1
279 468 1
266 642 1
591 478 1
116 92 1
410 203 1
276 5 1
582 331 1
215 519 1
684 206 1
173 623 1
280 59 1
104 176 1
487 598 1
63 311 1
167 638 1
617 20 1
448 428 1
428 237 1
168 113 1
113 534 1
495 305 1
438 621 1
367 317 1
231 84 1
680 82 1
67 450 1
379 236 1
243 627 1
375 650 1
307 401 1
675 122 1
577 541 1
381 190 1
169 584 1
377 694 1
412 546 1
224 182 1
573 635 1
515 315 1
509 372 1
102 676 1
198 25 1
292 631 1
30 386 1
386 302 1
194 557 1
421 217 1
439 149 1
149 89 1
334 9 1
127 180 1
296 465 1
622 21 1
673 254 1
654 240 1
606 232 1
361 81 1
522 443 1
56 126 1
141 693 1
697 630 1
630 41 1
644 692 1
437 395 1
395 512 1
357 65 1
57 179 1
574 327 1
160 466 1
74 615 1
615 674 1
