200 100 34 1
54 156
6 36
191 188
25 50
192 165
187 7
193 58
22 187
157 84
23 24
162 5
161 192
30 112
119 75
103 138
135 146
142 87
4 59
53 30
174 84
139 95
152 49
126 193
190 192
99 179
179 165
36 30
118 175
32 58
62 15
100 72
130 163
149 66
110 114
180 112
153 12
167 78
107 185
55 133
199 166
52 77
150 111
103 187
7 36
128 108
75 24
114 101
36 93
156 7
184 92
111 47
22 43
22 136
177 165
100 134
24 51
167 57
45 21
51 173
114 47
154 65
180 16
109 49
151 31
139 28
92 187
66 60
105 62
83 135
179 184
108 146
37 151
16 73
42 107
134 132
7 31
31 58
117 22
183 54
34 164
122 82
108 25
34 122
165 23
21 116
144 90
138 13
63 175
124 68
67 196
87 149
135 134
166 181
99 152
187 66
195 57
147 140
40 26
23 129
154 64
7
29
4
118
157
65
194
98
51
188
46
47
123
75
171
103
107
141
173
93
54
113
167
85
160
121
21
95
117
158
185
145
42
114
