200 100 104 1
149 188
128 89
99 31
199 118
47 110
14 92
7 172
142 20
70 66
95 170
197 139
153 46
141 16
34 164
160 125
110 165
152 4
192 158
178 161
67 112
170 37
120 1
131 115
89 48
96 159
39 77
12 198
41 17
144 104
11 88
24 17
134 69
160 57
78 16
174 34
52 98
163 67
135 32
125 67
16 135
109 45
188 12
7 123
105 37
34 79
82 114
163 123
71 69
103 122
40 53
166 96
68 73
59 6
94 167
44 149
146 17
10 47
7 36
9 199
168 155
61 83
142 121
156 87
3 196
44 170
88 177
158 199
101 37
115 191
197 53
7 70
155 119
120 132
72 169
38 118
14 159
71 182
106 111
3 56
32 29
165 40
181 183
191 137
193 32
76 125
153 34
100 105
61 179
143 1
115 88
131 83
115 174
10 72
168 16
105 52
157 117
42 190
123 158
124 198
170 135
189
98
99
166
186
80
111
22
124
195
115
165
12
35
135
183
106
105
192
34
177
178
15
127
169
59
81
158
156
174
159
179
13
92
162
134
196
171
61
139
14
170
160
90
117
1
149
77
50
55
28
56
47
164
93
122
125
188
18
142
129
45
172
182
78
191
68
82
104
19
17
152
66
8
118
79
70
32
23
102
194
153
155
114
175
132
86
24
73
49
41
136
107
53
110
5
2
96
116
141
185
84
37
89
