200 100 74 1
120 127
80 182
111 135
134 177
128 129
96 164
126 25
137 151
131 11
13 40
197 141
73 146
127 175
64 47
85 140
27 191
193 176
115 72
131 130
32 55
1 151
21 98
175 184
200 154
197 139
47 160
129 17
144 155
180 107
40 77
31 42
9 90
20 15
162 14
32 20
178 131
36 112
103 24
111 62
41 39
137 43
177 103
32 91
134 143
10 65
125 12
123 169
179 97
120 174
74 122
146 166
111 126
155 59
4 151
130 105
196 42
90 136
148 175
36 51
56 17
77 196
94 8
62 51
166 114
194 150
111 179
76 118
75 13
9 37
37 142
59 77
162 144
192 109
99 158
36 15
78 94
110 151
29 66
16 33
101 174
192 167
146 151
145 197
112 175
164 14
6 198
165 45
56 25
164 77
71 152
23 121
145 71
53 115
134 141
119 169
30 131
188 66
158 195
155 164
95 20
131
145
173
151
190
66
50
102
192
65
14
166
6
191
130
122
118
25
153
93
67
137
64
16
54
17
48
144
188
92
99
113
8
172
159
175
162
143
79
44
52
129
161
146
20
185
47
164
15
171
183
3
80
95
140
124
18
136
75
90
182
78
23
11
155
85
111
156
199
33
58
89
43
72
