200 100 50 1
126 159
17 198
161 167
14 180
17 100
180 56
166 171
61 68
152 55
30 177
111 183
180 103
120 196
45 2
112 184
181 179
123 107
99 63
59 174
62 177
60 67
14 146
24 153
89 51
36 24
6 160
179 180
133 93
146 19
40 81
106 40
162 106
87 200
70 167
52 178
3 154
168 122
194 26
121 68
116 183
196 46
23 104
39 109
189 137
97 25
114 117
11 178
99 161
98 71
89 93
127 96
186 49
101 5
3 156
96 159
19 121
136 27
27 193
187 183
130 32
57 94
165 29
167 61
143 22
151 44
164 45
192 57
5 165
85 54
82 172
104 53
125 51
14 13
4 83
10 91
166 175
18 131
37 185
68 97
74 196
198 149
48 188
93 16
19 167
191 157
113 7
180 88
152 105
60 71
17 65
190 154
155 153
40 67
174 167
15 8
104 167
110 151
145 189
109 104
46 133
130
46
82
124
148
38
179
174
113
24
18
120
150
81
198
47
177
194
25
165
99
63
2
126
56
127
112
41
21
88
68
152
164
15
23
161
98
103
185
19
122
89
95
193
145
171
53
87
175
156
