200 100 183 1
99 107
185 79
190 61
11 59
60 181
164 41
162 161
72 22
188 34
29 48
99 70
79 108
30 134
99 11
188 33
123 9
26 37
57 138
133 25
181 38
59 182
6 67
3 111
44 89
14 184
172 68
5 161
197 80
28 169
129 69
14 35
58 37
30 48
194 71
148 53
95 137
179 2
90 123
78 108
4 26
169 70
159 162
195 130
69 114
88 127
135 150
88 112
27 85
150 145
81 18
8 46
195 81
127 114
23 22
18 182
181 100
76 184
106 171
42 175
70 84
97 146
165 30
40 195
157 37
21 7
42 86
120 6
133 179
32 146
71 161
66 15
90 48
119 195
198 200
19 115
19 118
22 141
104 182
152 42
24 23
184 28
131 176
59 9
180 48
161 136
176 130
21 199
187 31
142 22
93 78
199 187
69 59
140 80
103 80
162 129
83 117
112 13
51 176
198 96
69 24
145
194
70
91
143
35
137
197
25
28
133
173
13
181
164
53
1
178
132
55
64
159
193
3
174
49
114
150
111
26
73
34
20
165
32
4
162
61
123
172
15
85
9
195
110
119
156
127
90
182
117
47
39
99
72
121
57
62
94
24
33
60
12
151
66
11
146
7
179
171
163
22
135
18
58
149
187
184
192
86
16
8
52
161
107
139
65
103
81
17
54
190
30
89
126
198
41
104
68
116
138
98
115
6
87
101
63
147
180
27
36
142
76
67
144
169
108
21
189
191
157
5
153
106
175
183
130
185
74
154
40
77
112
105
46
148
95
120
141
44
71
186
97
168
125
23
37
113
176
131
93
88
56
59
122
188
167
129
136
82
158
100
124
102
79
83
10
109
84
166
31
199
51
2
14
29
92
160
80
152
96
75
43
