5000 100
74702 49
30283 34
76574 95
74617 60
62078 81
29948 11
14319 13
41481 1
71943 14
52682 33
58625 94
15757 18
54400 14
65637 25
52769 95
97455 15
47037 50
15995 51
70617 60
29452 89
1050 73
29423 54
72806 97
98423 9
24302 8
72934 56
3139 29
82915 53
51632 85
59187 77
38807 73
74728 91
12128 66
88654 60
61905 20
9425 97
27168 42
31963 93
25170 17
73704 58
7988 44
29839 15
13562 76
65786 55
76746 68
4203 6
38671 76
83475 16
27344 90
61096 73
95699 10
28345 19
700 42
11838 5
6352 57
42249 98
53532 88
32984 68
75953 52
75314 85
67196 64
76489 83
70599 4
12948 59
61038 72
68277 65
78081 31
31684 75
3313 96
22207 25
81946 46
723 99
50908 86
93743 24
85988 69
25867 90
2020 92
83686 18
87396 49
9616 58
67914 52
12809 4
16717 97
28174 83
49332 59
11635 31
77951 22
65479 73
40569 97
74947 36
13596 48
28502 95
5232 55
60087 21
66975 31
29020 31
85958 53
35608 2
15403 7
29970 79
92650 98
10967 76
2494 95
95615 11
67324 84
8295 12
40341 85
40476 72
45437 49
37255 61
75539 51
46064 7
64504 87
49458 52
68877 26
97740 46
94841 58
33683 24
65518 24
90023 59
31910 80
35135 24
13748 44
96564 18
47912 35
72953 67
716 69
19298 34
88327 35
72878 25
49541 20
45385 38
98242 86
14500 34
35947 91
62807 77
15457 33
70906 11
78081 72
33191 38
99419 33
70869 47
9533 71
11877 61
29863 11
46215 15
33709 33
60018 62
37700 24
33970 52
41638 94
56930 91
8635 57
12622 44
29918 82
93238 37
3503 37
88945 10
6204 33
68252 84
61824 86
30099 39
83834 73
64126 44
35639 61
18643 48
71251 93
73932 17
48963 65
87447 75
27741 78
25150 74
45078 44
5991 55
20256 26
35059 43
65832 45
85899 23
76373 73
46280 72
68155 100
8765 57
92853 34
79113 63
8238 72
99888 61
85930 34
55855 88
37096 31
68789 47
99438 30
1758 91
91668 33
12707 36
9089 85
95062 33
61226 4
3152 26
41795 59
50486 24
47786 89
55698 60
78521 62
9985 56
58214 63
23114 41
54608 84
96272 83
86383 4
32384 8
84219 40
10289 91
49588 15
59291 13
97884 75
53250 81
22880 78
71119 27
45762 63
30641 93
88669 4
89038 2
61177 10
1858 3
54567 75
1976 19
72389 72
31825 44
78808 27
6637 70
4287 61
34825 37
87665 36
15847 52
14021 78
12106 85
25616 26
52433 54
47299 15
65426 98
40828 42
44263 40
13172 78
75345 73
55198 46
80246 95
62563 54
85935 14
77676 40
32603 67
13965 61
97577 9
73369 32
77275 82
24512 24
15679 61
44045 66
75970 87
52049 99
54735 27
57459 24
52654 94
79332 1
68943 88
31427 29
51233 61
76029 62
7008 21
85727 1
53941 44
93994 8
96761 98
7838 47
82838 75
63257 31
98892 32
33586 13
68997 42
56401 2
73790 6
9994 28
78832 71
16715 75
34881 17
28728 24
79140 69
48580 57
14702 30
5904 76
38272 53
73953 60
20438 90
61563 67
59442 50
20259 50
13296 93
77081 25
1699 14
20042 99
62711 61
8802 86
55072 100
95691 64
11622 79
16096 45
61571 5
43019 19
77069 43
60396 71
22415 79
70681 80
61715 37
79054 97
61430 85
89943 48
75985 78
72173 24
66401 81
87617 41
1134 52
48499 62
51604 85
82634 94
83668 7
66333 85
1548 15
50573 19
99502 66
20085 44
66867 74
24009 55
80433 70
19964 29
34798 98
42009 84
38613 17
5908 37
98161 57
71627 13
88549 54
66743 87
515 76
85301 66
86600 96
78519 58
61966 13
90308 10
52134 67
48066 33
35558 94
64836 8
2415 96
44491 95
54770 92
23822 12
78053 13
76769 40
29369 2
92559 39
85445 41
92917 32
59554 93
37974 51
4535 70
6873 34
92855 53
87453 15
28342 36
2142 43
50598 41
1859 46
67591 60
66564 61
14613 27
92263 18
89788 72
10712 36
86387 2
95616 64
99782 25
88851 21
25509 68
82066 9
4989 55
52886 6
19601 14
92727 30
13626 22
16322 30
6734 38
25465 82
67223 36
11453 67
51694 34
87272 92
82717 45
10552 40
4056 33
47747 77
87262 95
51459 64
81934 91
50590 70
83608 53
17464 94
44050 48
22034 96
89865 98
93487 41
35669 21
86016 21
33428 74
81452 22
79636 15
56603 60
73117 75
41913 14
32762 47
36465 73
33226 54
85785 70
76531 66
48070 23
62772 53
47753 47
26080 93
82074 82
3024 21
45548 19
61848 95
67682 98
91766 2
32180 79
87910 71
99966 6
5317 37
86242 94
80650 79
44843 49
64601 100
45143 7
90543 3
45167 28
83956 14
1823 52
53591 5
17928 51
66676 26
76504 52
62710 38
11636 25
92885 64
95816 96
43228 8
15079 92
77022 92
88539 39
28491 75
18922 81
97790 63
56315 89
51605 97
32059 48
39155 100
54055 78
70844 58
80166 26
36489 89
15756 70
73892 25
41359 87
76385 53
84860 75
23352 11
84496 79
64806 75
26882 96
58449 48
63805 17
56934 26
4158 97
6436 69
5805 93
32158 9
72657 87
64639 74
36577 96
53977 63
72279 24
82850 24
96902 36
37725 5
69289 38
84967 32
49987 71
52327 72
46205 38
41065 52
99003 80
76864 74
24698 40
1823 32
10761 37
16515 43
22569 22
8740 38
85881 60
20548 95
7573 34
73123 51
67822 65
39720 63
13734 24
97805 61
19399 81
45181 35
3844 44
55626 50
17410 64
16180 84
71349 79
74199 89
15836 92
89877 80
77460 24
63688 5
52611 15
88753 97
43180 36
4 72
16260 81
28067 81
42807 55
79749 30
71944 44
28865 26
96641 77
71193 1
328 38
70909 10
35076 88
12206 54
5197 99
96299 87
15734 100
69675 40
78316 15
80688 34
58152 41
57403 54
63828 41
82547 77
21649 80
55444 57
94773 14
68892 40
92426 19
38034 27
21298 38
33818 94
88572 69
84715 10
93337 33
43317 18
61420 32
24143 97
63953 29
80027 34
40785 93
61244 87
92173 22
25083 19
74777 94
72901 57
62713 33
87518 55
19282 80
54868 80
48669 76
61685 81
97148 20
22993 89
43086 72
89889 61
9768 3
53209 8
17234 51
22591 27
34323 89
81198 92
43102 89
89921 54
92338 60
36320 12
18705 19
88066 81
95959 8
58799 70
31148 22
9779 95
98980 99
98951 61
14857 69
83714 82
25311 43
29091 73
35121 20
20564 95
75177 9
68429 65
10956 78
44558 98
63881 60
34543 75
33985 69
8372 7
42212 76
17091 67
3189 84
68418 64
72624 13
90385 20
34649 59
53610 37
87211 59
72041 8
30194 26
82183 69
80544 68
93688 93
92062 62
84880 53
79706 67
26313 34
79872 72
76220 28
90332 86
88366 42
29230 16
749 39
22260 30
97305 37
21507 68
46833 3
5937 28
19534 65
8971 29
99576 45
56587 12
98172 11
61374 8
83343 61
81389 20
91275 86
7862 37
78478 54
8727 57
66498 4
20137 26
51442 83
71284 21
7376 93
26389 12
56284 29
85655 50
80048 45
74827 44
83815 1
97299 18
10107 85
13472 1
92436 27
74996 82
81292 18
94974 37
7804 1
67279 100
59430 78
8953 10
28317 22
80586 33
22854 65
97087 2
32189 85
59316 83
22262 10
37870 65
2555 14
72170 44
12164 5
49055 28
37139 45
64603 71
7896 7
11073 50
53088 70
71109 98
56970 35
14403 80
1450 67
84907 69
47488 32
76397 3
41083 89
44201 1
41107 36
37462 60
25470 17
56361 20
74322 16
19826 95
79631 10
958 81
2202 11
72099 47
77393 76
90539 22
89130 56
3713 10
4092 27
85691 43
59267 94
73622 59
79338 39
98084 38
65566 67
5995 43
17970 98
27799 1
26932 80
18093 26
85084 50
27437 35
80690 60
94876 14
8254 82
98927 18
4861 40
33736 70
84065 40
85702 9
82526 10
1019 60
43703 18
65793 14
82736 18
70153 37
75342 82
28185 66
27982 7
34445 53
18855 54
43728 88
44444 59
13237 96
36638 19
50484 2
77443 9
66936 95
29510 60
1059 62
42498 49
66882 3
22965 21
63057 58
23866 47
38931 56
24088 52
81610 69
57096 63
24157 27
93583 1
97229 82
72914 81
30776 26
29759 45
81068 53
24093 50
93510 6
39133 42
99853 70
5776 77
12413 50
64446 12
997 80
4124 92
1106 15
17557 92
76976 10
14276 14
91344 53
1901 70
7751 48
97681 32
58238 85
82096 41
65259 97
63545 48
61762 82
83565 42
56158 2
61678 85
9872 93
67456 38
43964 16
93742 51
42024 62
92212 98
43491 23
78520 86
93052 78
90052 64
27489 47
53991 70
50999 14
17770 24
24919 90
64780 51
98042 6
18031 58
3662 100
79757 44
10575 46
59892 95
33840 67
31791 16
31105 44
21371 10
46832 24
6759 50
42678 94
87970 58
8301 78
70827 80
6272 81
38099 54
83803 46
13032 99
63336 66
11234 59
44067 34
30900 10
89627 59
90369 81
96641 44
30181 82
24325 22
87047 81
65508 18
19885 43
96039 43
45859 10
9118 5
69668 42
38680 78
56759 10
81450 14
74736 69
75006 97
87455 89
10088 5
42054 53
75766 56
16621 13
8421 92
97058 34
77690 75
49045 29
50615 40
19850 82
9299 71
84394 9
28649 68
50796 32
46263 65
85190 46
99631 91
26844 4
67958 52
15078 38
65099 2
10782 57
82827 25
6069 51
56008 37
57746 40
47360 63
50553 66
92831 14
14041 9
96485 84
3683 40
29810 19
13004 88
72226 44
10987 62
48395 5
19415 29
1572 84
37063 96
26064 84
92148 55
42508 55
7942 12
64568 64
47327 8
15364 90
41219 62
12493 83
58136 65
91750 98
9373 74
55344 70
51027 22
54032 2
87601 78
61614 9
90964 6
3008 40
7161 17
35898 37
90961 15
54091 79
68403 28
85103 53
6415 15
9228 17
13876 74
3534 58
90952 46
64799 68
85985 92
98140 72
21682 92
43711 41
40286 85
6529 86
15881 54
35707 86
6273 9
5773 74
12461 86
23493 100
7960 9
99821 97
48475 15
60360 47
69164 26
9392 63
66570 60
71367 88
73888 53
18433 57
29093 8
65107 55
64635 62
33313 90
64679 49
69224 80
56576 77
8294 8
33024 48
96751 17
58835 40
13083 18
48495 55
50699 27
57639 57
28376 7
97861 28
7598 92
96976 98
76382 58
8922 64
82703 77
41553 65
3702 1
22994 20
56758 11
55062 18
61062 9
11619 35
11781 52
47581 56
16587 21
83811 52
4993 60
62019 34
11428 42
54196 57
86724 23
4673 59
26289 18
62898 18
91042 18
14590 96
39907 50
62098 7
94615 99
9818 26
47334 62
30194 12
57888 53
26005 5
61749 93
28226 86
917 75
54917 74
3256 86
64658 7
50168 48
93372 74
8971 78
76405 52
31392 29
69521 20
17217 47
52131 20
45494 72
13155 56
40268 92
80788 75
47574 87
90518 98
86510 15
31602 55
55686 3
93288 20
83408 47
51452 82
61674 49
55102 84
32884 18
59237 62
82678 1
81012 40
89137 33
25420 2
98810 66
81149 25
1697 3
37132 40
4426 57
86131 37
73803 38
88894 3
3737 73
65419 71
1633 31
58363 61
31567 38
89296 29
45079 33
3568 20
15259 86
95189 13
98645 80
25501 54
44161 68
76123 78
26847 47
88443 93
33900 56
45022 99
63804 31
3309 5
74902 99
86508 53
84514 77
16028 94
30718 58
94738 84
65450 31
31791 52
76844 28
90000 84
15610 50
98543 41
93551 23
54522 67
32037 65
37107 92
31097 90
79908 88
92238 81
20392 23
20749 98
42582 61
46795 21
70758 39
33758 70
80158 31
71348 59
46918 42
53928 30
59569 11
22908 79
52077 65
69492 47
87382 44
66091 21
91502 99
80360 45
86625 10
2080 79
38641 28
28495 90
78422 33
60627 63
89230 88
60160 91
18601 85
93299 89
94970 93
66841 32
82801 8
14867 19
67430 14
93263 96
47769 86
77780 72
89516 81
63258 51
55335 50
68788 51
93957 48
45749 24
51203 45
11072 92
18011 3
55135 46
29142 13
88882 8
45556 11
79211 59
63470 77
29308 69
91665 7
35584 45
19389 65
2129 36
27195 41
75318 31
53307 56
75251 37
92309 79
23431 3
41667 18
33135 90
49726 13
57692 5
58469 60
85045 61
31971 89
62035 98
60814 88
78256 65
93547 11
41254 94
86205 61
62554 9
95731 41
1045 96
94170 48
69759 38
83634 15
25397 49
60353 41
48493 19
6441 23
7647 92
11111 11
71737 43
53820 72
75168 15
87605 48
90030 81
58184 28
85625 32
38562 60
18058 21
42530 10
9262 10
24261 35
67308 90
78963 45
97333 45
78107 50
11395 77
49189 63
46320 82
80023 92
66753 1
24418 32
962 88
36104 1
14179 100
75811 52
48170 14
363 69
82360 41
87268 62
43453 91
49907 36
93426 18
29286 9
7751 1
89855 29
13507 91
26566 24
67110 81
9079 11
77616 10
89603 27
64721 37
15890 53
67330 76
55635 38
22335 11
12183 68
15541 86
18479 93
95149 47
45713 21
24269 55
34887 74
32634 33
3844 28
70185 33
9869 11
35800 35
80855 69
65949 83
79025 90
32142 69
15802 61
8440 41
19088 15
42563 84
71652 18
23935 24
52031 59
30387 59
38583 16
81629 70
64485 39
2844 66
10855 10
6916 49
51417 4
58232 98
1749 11
4953 48
86 49
14140 12
2664 59
24063 29
33112 3
70381 30
47736 23
65958 32
57549 55
82599 15
60143 98
93558 21
8874 86
42061 83
70922 69
15523 61
54827 72
99349 71
92489 85
33572 72
43886 24
23619 18
96292 48
37151 61
7973 4
95780 66
24751 75
59531 4
52468 94
83821 78
67625 70
1901 10
70732 65
2826 30
21221 80
47558 49
97345 74
9845 79
96945 84
70206 73
55319 10
47338 76
83273 15
69385 82
77724 18
51051 65
62960 10
78141 44
28067 85
87996 30
24465 24
35589 74
61706 32
48674 4
93438 8
60513 97
23211 29
31776 96
26114 52
6108 16
13159 81
78027 68
6928 26
48965 48
20969 97
68172 63
89052 38
51775 64
77735 6
80629 31
35060 68
77425 36
88347 64
83429 45
36319 49
27957 79
60435 33
92663 16
84885 55
44891 84
84316 97
3427 69
58676 60
79963 33
25366 80
36181 60
74739 37
50342 90
8957 100
12522 38
16946 70
16108 15
87448 88
3052 1
681 21
99253 32
28468 70
67724 34
98683 83
37580 63
62144 64
71031 60
33382 61
32035 84
77293 84
81114 79
80865 92
52803 75
95914 76
90254 2
87433 50
304 50
54379 75
32621 49
64052 63
30333 56
77935 18
43402 7
86897 50
57777 77
5853 72
82459 15
42829 19
70406 25
30910 2
48605 21
38560 57
45170 73
92612 54
13560 57
14371 29
90369 81
79422 63
97013 78
74451 23
8912 43
38079 93
75746 69
36892 3
89480 54
90722 65
40243 49
69867 25
27929 21
43153 86
13628 62
87226 29
51106 1
70261 84
32490 76
57691 94
26075 71
31985 25
54870 32
23915 11
39505 80
24924 32
33943 52
2579 54
44888 49
58249 85
25249 17
56904 7
26287 76
97294 90
5122 63
78435 83
88148 44
1101 5
87206 47
48523 5
69149 11
63235 80
56286 45
76037 50
7659 82
11972 13
92429 70
76976 59
5220 19
91186 82
8556 77
23056 92
30076 18
5561 53
75244 2
23959 13
87751 25
67960 42
97051 91
57806 88
56730 51
55209 72
97802 35
89393 48
24240 27
2040 94
39584 80
30750 42
67974 48
66243 59
39982 7
35857 31
31107 91
82623 47
20415 33
94609 95
78668 73
66528 45
21351 99
34727 82
8260 26
94110 75
97674 12
76070 1
43676 1
60777 30
17769 67
57879 96
49879 52
35273 97
46516 91
58316 51
89940 24
75975 23
48498 35
43503 74
28130 20
47409 58
69694 74
61681 99
40205 61
83834 72
58280 34
22540 57
21012 54
44894 49
41906 15
11308 85
48477 34
95539 49
48293 24
37584 82
65316 27
17520 50
17335 18
20172 75
57655 19
36024 19
11363 74
13521 14
53025 51
96935 62
44114 76
20683 6
33430 6
98556 96
30060 21
14135 62
46294 11
88169 55
90622 60
43770 24
53433 2
84514 74
68178 29
40069 17
65480 7
82980 52
68699 45
21226 86
68993 93
16144 51
23401 10
95845 72
47892 60
98031 8
95415 95
35548 44
10876 72
45372 11
80250 70
23435 80
89529 91
61596 61
34897 18
8192 40
10973 69
20501 45
32228 59
95922 59
22904 55
60547 36
37075 90
7044 90
54461 14
4201 93
77405 88
44319 32
67376 8
96996 39
95703 94
91572 97
87933 42
95800 52
10480 50
80606 60
95190 24
84692 84
92770 49
21513 77
74540 71
59255 94
99767 35
69214 23
15987 93
63065 99
39209 50
12371 9
40748 12
3817 96
95392 66
64000 18
10832 11
49150 52
1077 73
52614 70
82610 65
28788 97
72326 54
87089 29
38125 85
64295 37
80302 64
89871 75
95962 85
90850 47
93905 45
63969 5
39718 92
24328 21
38122 35
37109 6
94616 83
66947 88
86356 7
8240 84
26642 27
87646 37
34387 65
924 12
94682 13
82909 59
67231 78
861 42
37242 76
66404 17
44110 25
46046 70
78687 42
78792 27
10684 46
20324 96
17489 22
6173 21
8234 29
43954 93
60492 36
43710 78
11964 15
96258 61
59267 77
48186 15
60381 54
3234 46
15297 23
27268 40
56526 38
20949 78
49705 21
49508 62
33312 20
55145 83
84019 96
78964 82
89154 68
29764 75
44521 9
89473 30
9295 73
95108 95
55111 44
61540 20
45086 33
83902 47
93780 38
65940 26
1180 34
59440 20
21841 27
13371 99
26813 40
83363 21
44803 40
87409 96
70885 87
17526 66
84260 9
56022 51
4447 19
47434 49
81451 90
13019 45
21527 33
85314 68
8009 26
50581 21
69456 80
19153 47
87475 73
24626 88
55970 12
10974 61
8495 60
73778 19
19608 47
20456 30
27149 17
26614 51
15300 49
42619 93
44510 47
10456 83
5406 25
33155 70
603 89
58691 2
8584 47
18219 32
1828 65
98689 48
60299 70
8034 58
13226 63
52026 38
20646 69
62174 78
55768 84
85501 13
41024 2
96329 56
41421 32
41405 42
38737 13
80456 36
47899 4
47983 72
81981 95
90581 33
62484 96
30134 36
93299 13
34687 48
66005 10
75415 86
69963 11
48403 61
59969 9
37453 66
45458 47
79969 56
88893 68
67880 23
56633 18
48780 98
59561 68
28192 28
67167 28
26009 90
8868 47
13721 81
52112 50
13112 70
98307 55
4865 48
64209 66
82203 20
99997 7
17827 3
67571 27
89997 17
16362 27
14042 82
8884 24
58379 27
95461 96
61957 75
93326 21
92209 13
37383 65
24745 60
16604 3
94440 21
91922 83
66459 72
49657 29
88341 40
92627 53
55745 41
9320 89
39462 28
85461 30
30868 1
58615 28
98395 96
62563 5
74284 91
36578 62
62998 62
5423 52
70674 90
35020 76
47033 39
75369 67
38289 65
41743 75
45523 33
52041 9
50514 49
91491 85
36803 14
56740 15
30588 28
6298 14
32560 94
87814 17
81732 97
71044 76
26690 61
14591 53
96105 26
30554 88
51898 80
2484 63
95599 79
86170 98
46884 20
93603 78
93004 17
78488 25
12932 68
51213 6
77267 47
60796 97
13364 8
67997 62
63904 55
49136 74
48726 86
39127 74
98828 21
423 12
73837 35
26378 6
53224 39
80927 86
22789 95
90713 89
35737 27
2541 35
47226 2
64330 51
2976 29
44937 80
49065 65
98138 6
41259 20
32073 95
41827 27
67607 30
15784 35
30539 41
38461 22
83415 68
42691 73
70757 98
47081 80
53855 81
23648 92
21924 50
41381 77
2921 14
22023 67
85139 96
77505 22
98586 54
66102 30
10374 70
2283 58
24748 93
26395 50
41400 71
56715 40
63337 36
38582 44
70136 60
1888 27
53796 59
60331 98
7133 25
46614 39
36385 61
37630 80
90870 24
25596 83
64951 50
6416 84
89149 29
13905 39
28363 54
31900 62
12757 37
48433 34
23539 22
83300 6
13529 12
46868 49
71210 91
45652 19
82869 23
52717 44
84194 94
93020 31
37785 82
55905 56
37868 13
45818 35
76594 54
24156 4
10439 36
40449 37
19862 44
7530 33
97370 17
61907 6
85225 44
3831 93
88489 93
2646 8
44841 86
22955 27
48884 35
50672 41
17839 97
39188 99
20322 88
91090 42
82670 81
91383 75
57460 26
17279 32
57420 14
22726 70
11719 37
73941 43
73917 59
16632 30
96547 77
56990 80
41276 17
99483 3
10096 77
96291 95
29081 30
4306 72
8077 32
77915 21
90117 88
60028 76
517 34
10206 44
11479 84
19210 28
3608 65
17565 87
85167 63
84625 40
94279 54
77278 80
59724 24
54712 32
70746 86
56203 64
43962 76
14099 2
32042 33
59147 75
84443 8
21818 63
53947 47
32891 33
69962 61
30095 10
58084 78
28350 32
93614 59
75355 74
63827 74
48810 37
5916 7
8997 32
49845 44
80229 38
52721 99
53050 87
17067 87
91821 4
7448 50
40386 47
92432 84
3829 41
18934 17
72173 44
17847 21
6075 73
83292 49
47691 89
47175 96
12336 98
9534 31
99350 74
9244 76
93223 2
54519 9
82714 82
58468 96
89998 75
18424 36
49170 78
2703 8
78265 65
43004 37
19249 6
99583 62
81462 42
58482 59
37761 20
60892 24
2031 22
89894 85
38734 15
39291 72
24297 41
80281 57
8805 71
99682 44
13897 74
3020 91
54793 88
68069 76
15481 76
52830 95
97717 100
5763 45
65441 94
94930 62
65902 65
71602 94
48536 91
24738 29
74364 74
85818 2
81955 76
45051 44
13799 7
16308 37
42577 9
78541 26
43361 68
34385 89
50975 27
63724 34
98393 37
6303 54
86911 96
56388 49
71047 35
89070 65
81524 9
19055 81
97271 51
55612 25
54693 54
23195 99
30591 27
47220 66
55291 59
26115 45
62910 20
70706 13
1307 81
67650 99
10539 2
82875 37
12092 76
65572 48
96910 84
91905 21
33162 87
49647 93
80207 27
12343 68
65095 10
63340 59
36475 39
53666 63
22622 21
49705 96
76124 72
96915 17
72129 47
70494 26
64620 55
70872 96
61948 48
10477 97
93562 50
4226 21
49390 66
53534 35
41045 49
56137 16
185 17
57623 58
5564 68
67001 78
88864 4
97760 42
10263 60
53218 9
31561 50
16968 3
45134 87
39933 69
38565 32
81445 46
13417 99
70763 17
98739 87
80009 50
5185 51
4026 21
4945 85
76191 74
39514 4
65023 20
63057 67
8767 14
71096 93
66000 74
42003 37
80533 80
24637 63
55366 41
36501 77
93048 19
36672 71
57119 77
29176 25
23782 19
17454 58
51348 31
48039 92
15917 61
37385 15
7739 8
36904 41
31522 37
23824 12
7666 100
93415 77
69253 84
2710 17
913 31
34610 45
48960 14
47716 80
35494 43
6882 1
56604 1
48642 60
36463 35
31891 39
91171 44
64250 86
42099 66
54012 34
87623 26
41623 27
76429 66
55797 31
46834 33
76265 73
60086 97
27379 78
52084 69
82668 48
55751 6
24041 10
97692 98
3595 65
33836 50
8761 34
5714 79
27599 37
4101 20
26800 90
87787 79
73793 12
32603 49
10895 74
50921 10
25797 30
46549 95
42838 100
33957 43
40143 8
72999 96
94103 53
64800 18
3720 64
88082 3
71919 95
46992 86
62720 91
71125 35
94231 33
15101 24
95881 33
17662 76
25527 9
23339 29
69331 18
94638 3
72736 7
8507 8
61265 22
45217 9
82069 83
12856 70
38473 8
89168 15
90034 53
40480 29
38526 55
69838 45
21755 73
38120 14
12809 93
48611 55
74178 55
30959 71
1979 36
92060 100
67337 12
91566 64
85373 46
8756 55
28933 5
66821 28
17785 80
90385 28
2111 85
90907 78
40302 6
57612 44
52210 98
47885 48
21361 85
75238 89
34070 57
101 93
8665 54
54817 72
49743 73
48552 57
81622 75
94412 73
73323 82
78643 23
76897 97
50460 73
21870 1
9485 3
45290 63
92511 53
90332 34
77542 89
20642 52
83478 10
95151 44
12346 95
28101 17
93851 32
87731 51
17419 50
74571 33
89169 90
46451 74
68530 96
59393 78
27317 4
58379 6
31082 15
33684 77
17569 96
39533 87
83308 94
71234 37
13167 45
42424 47
42906 69
23924 54
64872 63
95073 46
34929 17
12069 18
86285 55
56087 19
89180 40
98582 19
84783 26
94284 29
69664 68
88756 66
74223 71
75778 96
94395 23
89982 84
2101 98
38499 37
21426 15
7012 29
4369 98
2851 65
91392 49
36384 44
80551 43
36192 37
66902 67
93258 40
95718 51
35150 6
46767 66
1695 77
12692 3
28933 56
17427 55
49277 97
92955 87
46075 34
54595 52
66063 73
89685 44
5836 7
32643 60
68070 23
26260 18
3250 7
67395 25
3824 57
33175 95
53287 45
96567 63
21244 55
32871 96
47429 34
72624 82
53401 96
34818 74
90129 57
20778 90
17118 63
81468 20
96768 89
28543 54
81556 15
43317 68
83896 17
37627 19
18538 55
41120 43
77861 67
65131 72
90243 49
72449 19
95289 21
54023 62
55544 35
12769 18
72595 20
64091 49
22386 27
87566 98
87506 95
38392 9
97246 3
59164 13
35 3
71346 8
10940 50
13330 20
25661 36
20927 88
57933 9
68694 62
51796 2
5804 95
22942 49
82004 95
7740 17
31621 48
39150 20
85 72
48750 26
20947 90
98931 20
63434 17
42568 58
26925 9
24024 71
47936 46
38825 4
82713 14
88929 10
74916 88
6720 75
84555 82
83563 88
26623 55
5655 13
85249 5
40557 63
83528 39
5867 59
26273 27
63036 90
55818 4
81877 94
89372 41
26187 19
45892 89
16296 49
62028 50
78097 1
6826 28
11020 81
6498 28
21264 92
68795 21
86407 96
20753 51
43288 30
42500 39
42355 44
67306 88
40572 28
22447 34
4583 36
21420 86
94711 3
60917 33
46694 43
9884 76
9433 11
90063 57
23413 54
94263 94
74212 8
49673 12
31744 47
63643 19
20665 56
66035 77
25122 99
20144 2
25909 77
57176 100
24116 95
65756 10
99059 22
16243 5
46761 11
80150 91
27882 56
51895 5
30837 12
81852 90
45489 74
93150 64
93134 40
37390 21
48710 44
80792 42
27251 47
21187 29
28797 75
41314 55
13885 29
63840 83
37503 70
61924 45
26421 90
72190 78
18083 18
72617 86
34375 36
97061 96
15463 42
68819 40
240 88
10186 55
87880 48
26672 14
8892 28
29421 85
9150 91
8561 11
22846 85
9704 59
506 20
43437 16
16403 40
39073 47
15829 76
11185 26
10346 97
25220 29
59665 92
48961 51
9741 18
74671 33
2425 27
67678 59
98020 91
8843 11
11725 28
46520 91
42477 76
15610 24
11557 47
23334 18
39972 33
58113 93
22543 78
70174 21
79543 100
87420 17
35427 76
22383 36
54934 96
62740 92
9307 3
41873 40
15512 56
23531 16
99560 3
1967 79
31037 98
78412 29
93475 92
33030 15
27829 14
96963 79
20463 87
5664 58
13123 93
31021 78
97899 86
36787 76
49976 43
93874 82
74396 80
12832 20
11915 6
36502 70
64318 20
22837 41
44735 64
99107 7
51013 92
7366 18
95008 60
58430 89
63982 85
93697 26
20649 53
30825 40
80733 39
68604 96
99443 62
58452 95
31058 96
13523 56
96509 1
40134 97
1022 7
96097 30
98853 18
93980 70
9782 8
72120 7
23264 98
89525 81
38398 18
670 68
6926 78
11055 43
73361 64
84147 72
86945 69
23833 75
30107 84
47162 14
23306 26
78286 16
8741 87
61861 31
87025 46
76830 25
24105 8
94028 71
46316 74
69148 13
25785 93
7042 16
83365 81
1173 82
11589 12
34393 29
35217 53
22844 97
58311 79
27050 89
59703 95
80841 82
4092 10
12034 8
20801 40
89643 54
61231 47
17707 56
89861 49
32476 26
30167 31
26954 72
88899 25
60290 1
97635 51
68857 67
23086 22
12684 46
19560 56
97248 61
37031 69
50996 28
30293 95
4468 61
71715 65
67092 99
56194 47
88142 80
38490 4
78632 23
9748 10
85150 33
76166 52
49399 98
71499 96
64986 22
2699 61
25851 37
31997 98
86181 34
17882 33
3114 74
25936 63
99359 14
36182 59
24069 59
53396 76
27086 16
20183 53
51104 43
34559 72
77789 71
14425 63
96023 21
63507 19
88204 47
92681 30
84211 43
73110 17
82180 64
91894 95
11961 28
75845 88
78402 4
96451 77
41372 78
38153 60
21077 88
65346 21
70999 2
64639 14
87124 24
9796 58
58237 19
54528 13
15356 83
47621 67
89995 6
84284 43
60170 39
61783 73
879 25
88009 98
94948 78
78466 53
17292 32
18165 16
95421 88
19395 65
67823 83
37950 72
35979 4
51803 38
84478 23
4231 20
7924 5
40781 75
48295 42
63525 89
28597 47
84928 72
95281 46
33440 29
12778 51
19810 28
71426 54
90392 85
51594 35
58172 18
8462 93
29737 12
69050 91
78855 22
67379 19
24398 76
89779 98
34649 25
59215 6
11728 26
9303 61
41240 84
90013 21
76607 76
12381 88
24700 84
56380 88
40717 93
25826 94
65285 79
32121 38
2272 16
7972 36
83697 65
44351 72
45448 53
55191 84
49861 76
27624 81
43819 58
15979 10
83938 17
84067 12
72677 86
57294 96
2424 15
56913 17
57592 4
29177 100
32643 72
43071 56
14671 40
64990 69
18021 58
44461 93
49602 54
40825 27
76832 60
23666 19
557 80
93777 89
20059 74
2997 37
17654 25
49731 24
33536 93
31028 9
98813 37
73472 14
85368 98
67056 14
57039 17
40775 78
77739 96
9471 74
86751 13
69213 32
86586 41
10928 48
92010 80
41229 83
50821 12
75325 91
91814 63
83064 7
78109 43
80348 64
90002 91
18755 47
62989 36
29699 48
63984 95
93351 67
61240 33
33285 19
55427 98
17447 71
46592 76
88528 97
38705 47
41794 89
3829 82
6083 9
41662 56
148 12
94226 42
11330 82
98232 85
60754 78
98369 58
72727 4
99881 49
27506 97
21120 8
19363 75
90470 53
5579 35
41707 14
48542 59
30664 27
50421 52
85420 35
31547 15
51015 68
82179 83
74845 49
91076 94
68027 8
2941 22
63219 11
23880 8
88754 36
96020 96
12189 82
49666 13
59699 50
87178 81
67733 87
84225 25
44441 72
68458 25
42601 45
8751 29
78073 31
3130 95
59637 47
84683 18
20171 44
2983 15
32416 84
98774 14
5256 97
94575 51
78897 44
11098 59
76760 11
13416 90
26738 31
61240 4
3759 62
99870 1
83484 68
77391 16
8098 87
99925 82
58899 52
30751 50
31446 15
99786 96
33900 6
49293 29
92630 95
81769 46
16754 12
21127 91
58359 57
46421 87
14420 48
52691 87
62016 65
9708 62
46301 54
89927 20
21841 90
53208 45
71727 88
90032 65
61725 15
42049 84
87319 44
82121 63
62113 91
10719 48
91176 78
85967 40
31696 89
89122 47
52830 17
84106 21
96188 73
80949 80
49256 18
98015 2
4971 61
22371 38
88142 26
22022 82
85402 97
5957 7
55846 74
62431 43
62199 91
35965 39
57041 32
62364 9
3117 4
33435 85
28697 85
95953 14
98735 26
87445 51
11112 37
35758 19
42094 10
15774 36
55686 70
83187 36
70455 95
6841 50
47049 100
18055 8
71375 78
75136 23
6765 11
46792 50
6393 40
83880 27
80325 11
57880 54
56118 94
11863 94
3337 48
69208 89
44039 52
7572 59
67926 53
5522 58
392 79
80664 55
3981 99
38956 12
35880 100
65139 42
52781 9
8659 19
59958 2
57596 54
4494 14
58954 76
8339 11
64774 14
33446 25
6574 97
85144 66
46799 17
35622 42
325 46
72298 54
97990 94
48487 87
16869 10
52657 12
17355 21
19900 99
42505 69
71253 84
99724 60
49989 82
17015 34
29799 22
64633 62
25683 53
54948 52
41840 51
84967 61
68236 69
65440 15
38894 43
40010 56
12060 48
63777 22
96189 98
95575 98
27933 83
93659 4
11016 44
79903 56
99864 44
9898 49
4832 26
62486 12
92678 27
23099 40
6991 44
13461 75
38811 76
6290 77
99793 86
74030 78
68269 88
87038 23
29321 92
12801 54
87940 22
38816 34
8091 85
13528 90
55469 80
63977 26
63170 67
32619 7
1802 19
38326 42
64710 75
41670 60
75001 72
42956 38
35180 45
95164 75
29406 85
68496 75
99299 78
14630 19
29221 38
93791 46
19722 12
7405 58
18056 12
59883 40
84670 87
83276 95
92938 11
35081 57
81044 36
57847 76
5292 82
15124 39
69585 70
642 89
20954 79
19744 53
27612 94
51089 9
99822 40
76204 49
78424 39
25860 81
83982 33
46926 1
40482 78
89208 72
79243 76
29005 58
37166 60
88092 11
12900 99
13090 20
5013 75
52967 5
30202 13
86611 93
78687 96
51822 79
28934 97
76982 2
76539 78
65871 8
4966 66
44489 88
40709 51
1314 73
72759 80
89944 13
46173 44
51822 17
58952 11
12086 24
97087 86
59214 78
40368 46
16119 14
95734 93
76368 59
27161 63
44414 24
79918 65
77548 88
50261 39
48935 13
69341 70
87759 76
44003 77
3579 23
60162 15
68548 47
92547 45
71266 59
30328 10
12897 77
16878 84
34440 73
35992 45
64400 2
26389 15
55392 91
44379 19
7808 85
17701 46
19323 93
11269 3
29818 84
13384 51
98271 34
95902 77
79271 36
504 24
83379 4
34514 79
70311 23
57318 60
400 64
97916 83
87707 81
47889 38
6915 50
77032 23
10440 20
52875 59
78607 69
12761 90
97467 63
12680 23
30430 28
93134 37
43477 29
76004 65
65814 80
39835 84
49027 66
33451 70
31461 15
87489 55
62099 8
15896 34
69091 59
49293 71
22662 72
56398 94
25036 78
3054 39
18036 75
9425 90
48895 13
3140 82
29302 67
10718 71
66146 42
13557 26
40698 6
50871 29
50178 45
71140 11
89256 34
4802 58
23215 64
96620 11
33880 32
17019 33
79795 51
80165 74
57561 71
2931 96
28133 9
89182 15
10260 79
42720 72
953 66
55801 46
95364 17
67349 78
18383 4
28518 49
19835 78
91833 87
5046 88
43222 29
1200 46
80098 18
71543 56
62152 33
39680 14
92146 43
14211 74
32656 28
39098 73
12401 80
18637 65
38287 100
74963 68
72929 30
28756 7
54593 5
79415 32
25847 55
30553 99
98064 16
68570 48
74403 47
90998 66
71073 55
40561 46
51177 84
89163 72
75305 23
46075 4
99357 22
79799 64
26156 76
99702 100
76776 54
56771 32
22872 61
85305 7
28416 60
30496 87
34448 21
1917 26
92221 75
50406 71
74053 20
87623 86
56023 75
4512 59
53962 20
81473 45
57551 84
30382 2
94447 63
8288 67
90604 34
3107 50
78067 27
91165 25
10299 92
10127 8
91187 57
72553 1
27500 84
11186 19
82928 1
18970 74
95871 23
83293 58
62410 76
2940 61
22466 74
23826 86
51019 87
48614 54
90448 67
72127 44
19313 68
35162 28
89213 38
9392 95
87568 59
94739 56
21630 80
18627 56
22502 71
79275 65
19176 95
11438 89
87466 80
7238 61
75731 25
30323 30
58712 58
20479 3
92591 29
95758 59
85660 53
58173 17
23209 86
58184 60
24732 87
15291 58
78241 94
79696 78
55620 17
36104 100
24916 1
33841 28
41720 30
6767 72
57012 97
99337 4
78623 19
6457 15
34904 35
92077 38
32328 93
35253 11
61444 30
68328 79
38985 49
18146 77
97680 30
68193 53
47325 96
18599 84
21031 44
86814 79
34966 70
65993 99
46697 69
29076 93
76589 5
91981 22
72357 1
92622 9
7596 94
6321 51
61660 25
3920 6
46079 28
37656 20
31319 47
39522 7
98149 33
42109 40
8636 22
4763 6
18216 1
70086 66
41199 22
50168 63
80757 29
5367 1
2868 40
38484 54
11002 17
19264 32
44797 23
68441 27
67812 90
85396 7
31925 23
26278 10
89085 8
54650 32
86596 30
16162 93
75318 40
66684 49
34399 93
84679 97
62541 12
79608 46
28712 22
78982 72
20522 71
78187 11
89039 47
23759 65
89437 42
50269 64
67923 53
54221 23
60479 57
84554 88
37939 98
92086 22
12744 74
3866 10
71736 95
59427 68
92257 79
3085 95
57692 95
65752 40
15888 62
29592 1
49968 22
20152 23
73510 63
98923 18
95088 78
5670 27
52590 74
54000 6
25140 51
27433 100
57265 15
53365 76
10582 83
86158 65
3720 98
79562 82
90208 14
95651 32
34571 29
41308 76
97753 80
76776 92
91869 29
35304 55
30663 33
85565 19
20997 34
4813 79
23846 79
96436 5
81800 96
92865 76
24610 43
71986 56
35031 100
51289 71
59712 55
53122 47
79342 40
69697 31
94853 52
71950 24
1642 21
25347 84
68879 58
61508 16
13001 23
25360 51
29088 32
87944 96
92149 64
77019 77
63785 97
51016 76
1012 7
2919 49
97993 52
35386 56
17873 19
36666 17
66519 34
88492 6
39013 38
93468 23
86958 64
19593 8
14626 76
53806 52
97020 60
81083 61
44909 29
33969 35
35609 21
86714 91
49211 61
78429 70
76710 42
98529 15
64942 13
49455 46
74625 58
85401 70
91022 97
51708 98
23969 89
27018 10
45028 74
70561 74
91896 8
93156 100
41095 19
17163 83
27579 34
34738 28
27279 93
6479 45
31750 14
5441 75
38431 5
43714 14
39577 31
25705 4
74257 50
54841 38
73546 45
69536 4
66508 32
28185 12
16425 44
43041 90
86028 20
57019 27
30973 90
37985 72
52113 35
57243 61
58765 26
2506 11
68117 92
17429 79
46932 47
14277 18
74090 1
26851 21
10588 34
68834 42
67149 22
73327 100
11781 100
76353 83
12075 95
20383 33
36032 61
94417 54
80353 4
87141 94
31876 91
98700 50
56648 1
16237 99
27566 5
19765 14
68434 95
83568 53
67994 58
85217 79
72811 6
13554 95
10720 50
9218 58
52599 66
19666 89
82603 13
10984 29
67674 49
32481 20
11625 39
32487 46
5386 79
57414 66
64543 46
95588 14
51613 55
82010 10
37693 79
52002 39
89222 75
82105 57
30733 44
43611 2
63300 81
34042 41
72210 46
90078 82
46082 7
83193 18
7810 97
6694 66
55495 55
9149 9
49294 63
42061 39
17590 77
2136 38
38032 30
37437 71
70855 41
19278 6
82291 23
1926 46
58594 24
82323 43
35480 95
33573 96
95553 39
1725 51
1993 63
38368 24
77119 38
99547 13
25409 90
55984 24
14619 10
42615 90
23146 44
60486 88
3926 59
39764 17
6768 42
66512 36
10124 83
12440 79
27931 54
84278 9
36236 60
61786 38
45505 30
18365 92
72755 36
77658 31
48683 99
96690 32
74629 2
70387 30
67397 16
38172 67
28191 59
66425 25
40331 44
49812 50
44544 20
22277 20
86918 52
27690 51
3888 44
19015 68
51516 52
16657 44
22877 81
67780 16
32805 5
29074 82
69472 76
56413 63
62895 79
92533 57
3157 47
96974 96
83783 30
75695 14
2146 63
39101 49
34481 71
71968 69
69212 99
14921 28
20627 8
3602 92
73697 92
27748 13
53866 88
99582 75
83372 77
39758 25
10424 38
33626 65
23179 20
17528 9
49050 23
27505 100
98631 35
25490 83
4118 41
2981 5
64975 91
6164 62
95783 56
84181 16
96013 28
11296 81
30020 53
89932 50
12879 69
76153 9
90429 64
65288 70
63044 33
67905 85
11598 56
89643 73
59086 57
31164 65
45841 42
74396 44
26673 73
94431 56
54851 25
49561 72
58294 29
60207 45
50706 28
71013 16
60729 69
43100 70
6566 46
87994 7
8097 60
44882 35
70334 19
85391 56
99561 48
30277 68
22183 1
60398 17
90880 13
73082 57
2767 11
23530 29
15449 73
14462 40
99578 43
58283 10
76720 19
35863 70
89829 80
24653 30
83158 18
79945 73
36036 73
29764 91
55854 80
82015 90
65363 48
53620 40
73364 68
93772 45
34741 5
85782 72
11326 21
32074 95
360 5
78383 92
64995 62
55353 36
68566 90
146 99
61878 23
82224 30
91391 10
30694 14
61927 23
42886 26
78488 2
83425 5
36866 27
9362 14
35189 16
80918 80
28752 49
71327 3
48338 83
13032 70
76127 37
65059 97
72323 86
11801 30
82773 46
45127 65
28418 33
13561 42
22333 4
75805 34
6644 32
25068 79
97923 3
13944 85
68319 80
75475 12
38434 71
55139 2
66933 54
5058 45
1589 20
78221 51
45183 27
92595 80
22267 24
194 5
77067 58
71300 4
45842 23
72710 25
67160 46
46227 17
20903 95
32921 78
42396 28
76618 51
66914 24
84931 48
77013 17
78097 92
56650 12
38833 49
27940 11
41517 94
32440 31
26494 78
53955 58
22349 25
32573 46
51103 64
53091 54
68840 41
29611 56
3075 26
50388 64
21154 26
53077 54
29420 64
35612 11
18670 81
39175 65
71915 1
35441 100
40394 16
24549 47
49568 85
24665 67
53871 88
46366 6
67252 83
78722 33
36055 44
46789 8
78285 28
94358 40
60797 8
57280 98
16988 82
96380 33
88260 96
85684 17
51955 12
30493 94
95255 52
2953 10
38257 19
73724 20
66813 83
44700 32
66234 95
63048 1
148 61
58 98
80205 37
7594 24
50451 98
44311 59
63438 43
33581 91
80574 5
54082 91
92668 43
92868 92
73725 53
52198 10
99286 98
43283 95
24522 19
17288 22
29275 40
4877 13
57556 8
77728 28
14602 25
67162 82
61850 94
46673 68
96070 74
16505 81
81947 20
15924 62
95733 56
17116 92
40397 45
39723 90
61363 49
60305 74
98144 94
54194 24
56100 41
89751 44
36852 8
78724 19
48095 24
72767 70
42049 26
74185 11
86166 37
99732 53
84645 96
15773 67
45429 73
81432 30
68243 93
63038 60
51615 29
28644 83
74577 1
8237 34
22691 24
69378 86
98226 95
90604 53
29753 39
93414 48
48200 45
60482 79
67342 85
70917 98
12417 20
75016 39
44716 28
73958 18
65289 2
75379 29
2883 31
91204 62
70342 91
81237 92
9421 49
29862 45
83267 54
76781 95
996 29
35990 22
88565 79
88858 36
10669 97
80682 76
87029 84
57171 3
5438 4
81939 70
226 38
81811 94
63120 49
95337 77
14723 66
2751 50
41597 41
99034 33
45586 55
33399 15
98970 21
97912 32
99835 44
65616 49
56524 96
99567 86
84091 91
641 49
47 42
29410 58
15285 91
7316 31
16061 91
7010 59
21158 15
64199 71
58475 43
93556 72
48242 27
93646 91
25824 39
49097 20
74630 29
138 61
36809 51
72228 91
7701 12
55452 43
13968 90
1583 89
62319 55
60959 30
13411 2
20739 15
64499 85
1246 58
91274 51
2206 6
95506 6
54598 21
59975 57
80503 85
61458 85
9219 94
44728 29
14234 61
51066 36
4503 88
87546 93
20448 36
6564 40
72497 1
14620 7
46114 31
7768 13
48071 56
80459 1
12369 49
75107 78
6063 84
17655 13
19973 10
26104 57
82254 19
95324 3
74635 59
56839 3
39393 92
47438 96
26916 50
82427 39
77438 28
36665 48
29565 50
2497 56
17738 95
39236 17
1088 10
29416 5
9723 63
77069 2
33634 66
28448 40
41435 73
47811 48
64021 23
98088 75
74378 97
15131 91
88295 36
63239 9
96718 17
57639 9
37290 19
28679 54
89265 26
33020 93
79416 79
75432 98
55265 53
97260 67
88678 28
99723 39
21346 66
28656 29
49249 26
66400 44
29591 18
64484 6
40894 44
99534 79
95893 95
56757 36
6253 61
81383 75
7883 74
7130 69
5424 75
78532 87
44987 30
36178 36
331 30
8412 62
57645 63
76772 44
20849 61
37740 8
32345 84
19812 26
65114 71
41971 77
47516 45
25574 24
97470 68
91769 47
7924 29
56364 35
18262 81
29076 44
3815 35
2957 86
61348 12
64128 4
32608 92
99023 24
42015 82
74453 45
39580 7
48308 86
88940 84
60007 63
25610 25
49506 30
82120 48
92135 67
21523 45
71643 62
8646 60
69709 73
24191 55
48544 61
71354 9
91222 91
74790 40
91232 22
15118 83
12189 9
5159 74
29158 43
66424 91
97403 62
60876 73
76050 7
1823 97
69426 32
14626 94
93800 58
49995 7
68143 29
62764 50
16921 59
51618 53
67310 19
80404 49
13345 74
93581 68
35440 67
93522 76
42446 79
14200 84
84892 20
18976 67
88394 13
85679 40
59301 62
77407 9
44698 79
86269 14
45863 24
67688 83
54698 63
65580 57
12860 19
71345 50
73551 30
8949 88
28557 90
93034 47
90019 91
60973 85
35948 84
93227 97
73968 68
28120 77
41207 18
65298 82
21326 48
70251 27
88012 80
47884 60
22499 84
25112 100
83679 69
92574 56
10483 62
32424 43
55962 37
96472 58
8468 46
57543 74
40865 99
6670 22
1437 56
49674 78
82805 48
60744 62
78733 100
24260 19
4303 69
65458 55
7931 91
75314 37
64293 65
68679 5
34689 75
34277 22
39086 28
53406 41
69976 39
28962 61
86904 27
68343 64
86863 35
95608 92
67222 61
35442 3
14358 81
8754 97
37658 30
57538 53
66930 29
5599 81
56890 56
16038 38
37797 73
52901 44
57191 46
79830 20
35894 22
91986 93
73900 43
7241 79
77228 48
90473 15
32937 32
67860 81
38332 87
97538 67
99874 15
2627 64
51185 83
35336 45
27048 64
92097 77
93222 95
54304 82
54078 96
30429 64
92718 19
63529 26
47271 81
68290 55
79626 89
35160 98
32133 55
92332 93
89650 32
64487 78
10983 34
97070 26
19034 31
17960 38
51608 54
83604 3
26485 2
97925 14
41612 100
66917 16
25827 71
20016 94
27369 85
35068 78
25184 66
58335 18
93525 95
14998 73
87690 29
65317 19
59940 75
88192 44
16739 92
74150 37
27930 27
30427 94
79794 14
43703 32
83986 29
46358 19
74272 50
92926 9
19944 53
31073 21
5357 11
32406 7
14972 66
65688 5
49580 53
19695 33
54308 11
48565 27
81255 21
77569 1
29200 15
40443 78
20991 22
91856 72
99096 35
89322 65
31833 60
1418 66
98140 7
43572 26
60391 40
10439 31
29199 81
74957 38
48180 72
76929 25
91989 76
77261 25
81507 41
72632 83
20758 64
62120 33
60697 49
31470 29
76867 38
19269 26
33670 12
43708 81
3938 67
91548 29
59633 79
30411 63
58033 53
60475 60
38177 29
34649 92
75665 90
77984 31
65358 96
47171 79
83894 73
12219 77
13847 7
45349 91
27582 78
39977 85
45788 2
97376 19
86914 36
62351 59
78043 85
17970 22
31443 38
83265 28
23267 25
95490 90
50994 99
48355 25
48259 76
35251 41
87641 37
56302 22
99385 16
6853 5
66638 81
59749 61
78392 20
22625 85
66452 28
39268 28
35315 67
77537 24
53755 25
87727 49
95824 10
1233 79
89353 58
58622 67
48738 47
70055 76
79228 9
99524 28
84 19
44260 93
80440 41
58659 67
37243 21
63035 4
3157 84
57834 66
49996 20
89967 12
35846 35
51683 43
58443 18
92558 82
98508 46
4779 40
88951 80
81053 46
62477 48
22259 60
44644 6
18911 60
3198 31
87682 77
71023 98
43026 71
34305 60
83266 59
82421 32
18037 98
18141 25
51838 47
38409 15
27274 7
69976 79
22651 68
27735 11
46564 69
98039 21
47281 34
14285 5
55674 9
84879 9
61055 64
11032 29
85164 97
93168 6
91868 58
77576 68
10265 24
44636 86
18295 87
65269 65
41139 100
56624 39
71445 80
78546 39
4168 68
88529 42
33743 47
48107 49
21787 57
50666 48
60828 87
40888 81
48044 42
2195 29
65393 2
81908 23
98105 17
49848 84
6167 55
31453 58
36284 52
72074 9
41693 31
69228 10
80405 25
98681 48
20832 10
12911 94
42758 51
25544 92
16672 27
5475 96
79671 88
3619 100
5448 70
75207 93
88565 68
34763 64
36092 8
71391 68
46804 1
7797 54
88079 39
92567 27
92760 37
61180 12
84839 36
93627 42
76829 15
31465 28
71791 36
23215 27
86470 72
84565 85
81507 38
87738 77
89942 19
37443 71
37551 64
80238 81
3814 86
39781 100
92252 6
83477 53
59164 86
2231 72
43674 57
59259 41
43994 41
67195 97
73558 69
34057 53
28957 51
7266 6
66713 98
88488 41
97309 98
25069 34
31167 17
87371 93
1305 22
34920 27
25975 9
50189 86
66590 38
94186 94
42285 93
50888 42
20349 99
62683 16
31459 75
46525 6
3078 17
32210 52
6336 4
41622 97
43567 2
34734 13
58765 67
12910 39
94946 45
85969 31
1220 11
82917 29
44199 32
90646 6
56650 68
31309 93
14466 17
30975 56
1871 40
79947 25
47114 100
46055 29
38429 51
45607 100
82069 9
26177 68
10049 53
48865 79
19514 30
54947 29
65876 44
23551 66
70254 31
23765 49
25738 15
10648 14
73324 53
28156 84
80471 56
72366 22
322 1
87234 68
16133 70
15363 95
66774 99
77752 27
53656 22
95813 27
81797 69
9005 67
70545 10
96273 26
36265 83
99274 29
49882 95
10843 25
85550 55
28041 26
30923 96
33001 3
60656 66
8371 85
72376 24
61576 40
43287 21
5630 90
55048 75
67460 46
38213 10
78038 50
41336 95
90844 84
97317 68
93210 7
1356 9
56741 20
8934 10
50133 66
3452 24
20365 73
68698 7
25179 32
68526 92
3263 50
99645 59
50915 34
56787 41
41865 21
81458 95
99723 63
17238 73
76650 7
86248 72
39637 37
38137 45
70137 36
93226 49
78045 68
74266 43
46310 64
92468 62
75111 59
6817 91
94171 82
55584 74
23035 89
98435 65
19547 4
41060 61
41966 47
26851 68
80769 67
10798 26
50287 75
3530 50
64522 14
29336 73
87504 78
50686 52
98794 8
56283 73
6235 60
43382 94
72623 58
74387 53
12183 81
46706 26
11232 44
53090 32
37437 62
27533 73
60011 28
43772 3
74033 13
82413 24
11828 4
43491 68
27797 50
1471 67
66167 75
21884 21
5724 70
47666 67
87516 24
37864 97
72155 66
57836 35
22113 96
63887 38
68128 54
75709 3
24 3
45601 31
74567 60
40235 34
78366 37
27883 15
95187 28
61776 58
73011 51
88307 72
95785 29
47666 72
39315 78
46097 2
45407 28
27302 70
4136 30
98511 5
79220 48
72418 66
60856 71
28116 14
92177 1
2321 81
84446 19
22516 42
37304 13
12603 62
23521 52
43239 75
83963 29
67598 5
91013 47
65314 25
59963 1
89641 62
25710 17
35843 100
8408 3
35116 79
60664 9
36293 24
62159 65
71840 67
50514 37
23451 77
58442 79
88642 53
12069 79
9699 34
42368 44
59263 29
19693 56
596 6
7436 41
1372 13
8167 88
88711 76
51687 20
86924 29
54870 47
70386 63
15085 20
82360 7
22185 56
57805 94
79618 79
38354 84
36934 6
36409 68
27159 49
99108 17
89222 8
4433 49
28341 63
40142 83
22574 29
38577 52
45889 85
13026 28
88908 42
47452 44
92550 5
16465 41
51577 37
75040 26
99948 36
26280 60
35489 99
67837 46
12044 10
4925 30
23746 9
69345 30
57535 27
5359 14
93637 70
44739 16
79498 16
37432 26
77374 43
83976 20
81681 11
92492 80
94967 32
65637 23
45479 23
44714 60
81261 59
66489 37
24318 88
24924 80
39113 44
68397 3
63804 97
62961 51
46960 17
64365 68
56064 68
45838 15
19732 11
83345 91
73545 11
75226 59
86879 50
11428 58
6104 21
87434 53
53540 27
43770 37
79468 5
72312 95
34052 35
81412 96
64954 88
94562 52
81339 55
18563 82
45216 86
28885 49
63961 96
15794 31
14258 47
90244 7
19856 47
55551 71
71100 47
86403 61
83958 23
52101 5
70730 51
23033 39
38421 3
92880 46
70605 2
86186 60
20359 1
34073 98
1374 79
41229 31
94392 87
54477 84
57651 89
80085 95
17960 41
10636 13
92018 14
6661 18
40556 21
33114 95
25629 80
60123 97
54341 56
65046 28
74069 27
2983 79
80674 50
23363 82
45122 73
37593 68
46919 92
16817 21
25396 81
64604 30
38040 26
22500 88
73182 8
77412 48
89313 45
42153 99
55314 65
24138 40
5409 79
41440 46
52487 28
90083 90
46989 93
68431 26
53796 39
94141 52
73073 12
21312 31
34307 81
82857 56
81284 85
25377 32
1744 47
25646 100
81528 61
42965 87
40815 4
43799 69
51654 77
80157 65
47307 26
45801 76
70512 45
69846 86
64777 34
91266 4
36269 22
2287 92
66384 1
91057 28
28323 33
54993 88
6561 36
3758 43
88029 81
72078 42
46125 34
9103 15
40488 30
22202 49
41303 54
25742 59
92464 5
9985 42
82091 55
13834 72
11183 22
95381 15
47393 33
7021 34
73408 43
80093 99
84995 53
27784 5
4423 70
3374 97
99240 26
89269 6
91942 79
81365 49
96676 1
98150 6
75449 67
48540 23
443 47
47767 75
40685 3
46131 40
78326 86
77221 71
46693 77
40691 73
88968 97
98575 13
38365 16
24527 35
89953 58
5517 35
50760 100
42873 87
6303 84
92311 84
38214 49
47164 90
30119 31
67259 19
56974 86
66598 98
41328 23
90463 25
83445 49
94161 51
4619 37
93896 77
77638 57
10252 19
86041 14
76047 81
88165 59
23954 70
41051 18
21211 63
1992 96
14820 26
20467 36
6091 42
85101 81
26064 7
12000 49
12902 23
23187 16
2817 23
68709 43
92037 44
17097 79
68497 98
74472 7
36014 5
58595 46
59787 99
77779 47
2833 18
74031 38
68166 79
28851 92
80499 17
74554 82
78042 59
42311 56
5812 48
19131 63
29497 100
20273 93
28266 40
20285 47
15196 17
93948 31
44683 48
63065 65
8638 1
65358 70
88384 80
68 928 51483
78 1442 3398
46 513 54686
43 723 70027
12 200 25383
52 904 1174
60 664 42650
51 635 45719
32 369 32536
60 906 25956
39 419 85370
87 1222 83831
66 1096 83846
35 438 51069
45 831 97161
58 960 93641
41 531 8663
40 724 50271
72 999 50226
11 137 4895
23 381 33449
51 757 21482
78 1335 55212
51 903 79491
27 273 49259
42 429 18607
51 603 69782
58 981 20415
73 1194 11725
89 1054 63984
53 596 53243
58 638 48703
43 759 91004
4 80 23455
30 356 98837
42 548 50354
64 1078 67547
46 834 44277
40 406 54983
22 273 44381
42 422 4115
36 430 49162
60 792 38822
25 284 17739
31 411 2438
29 570 18601
36 386 41516
43 537 30853
63 1070 85413
35 573 97603
60 856 70416
49 512 51784
65 695 92687
66 1007 74285
62 1198 41256
29 548 91432
59 1125 90585
19 284 95317
53 867 6442
44 617 20018
41 734 39306
49 781 95187
35 486 62895
30 518 48595
12 147 27673
52 775 22201
63 1155 35653
55 987 33077
45 509 92502
41 411 95844
46 506 3517
67 926 44948
83 1163 47241
27 419 95329
72 1245 20464
38 673 6691
47 808 59325
71 887 48690
55 913 73645
60 1142 99980
90 1270 7
61 1163 88604
56 814 4042
46 482 64589
51 827 17457
87 1318 10450
64 861 65282
33 355 60420
59 687 37594
64 952 56915
52 737 12960
73 1383 8550
37 590 32855
44 698 80982
2 22 20602
36 389 20141
44 524 15980
86 939 97653
31 497 89619
82 1500 99997
