0 1
0 3
0 4
0 5
0 7
0 8
0 9
0 10
0 11
0 13
0 16
0 18
0 19
0 21
0 22
0 23
0 24
0 25
0 27
0 28
0 29
0 33
0 34
0 35
0 36
0 37
0 38
0 40
0 41
0 42
0 43
0 44
0 45
0 46
0 48
0 49
1 3
1 4
1 5
1 7
1 8
1 9
1 10
1 11
1 13
1 14
1 16
1 18
1 19
1 21
1 22
1 23
1 24
1 25
1 27
1 28
1 29
1 33
1 34
1 35
1 36
1 37
1 38
1 39
1 40
1 41
1 42
1 43
1 44
1 45
1 46
1 48
1 49
3 4
3 5
3 7
3 8
3 9
3 10
3 11
3 13
3 14
3 16
3 18
3 19
3 21
3 22
3 23
3 24
3 25
3 27
3 28
3 29
3 33
3 34
3 35
3 36
3 37
3 38
3 39
3 40
3 41
3 42
3 43
3 44
3 45
3 46
3 48
3 49
4 7
4 8
4 9
4 10
4 11
4 13
4 16
4 18
4 19
4 21
4 22
4 23
4 24
4 25
4 27
4 28
4 29
4 33
4 34
4 35
4 36
4 37
4 38
4 40
4 41
4 43
4 44
4 45
4 46
4 48
5 7
5 8
5 9
5 10
5 11
5 13
5 16
5 19
5 21
5 23
5 24
5 25
5 27
5 28
5 29
5 33
5 34
5 35
5 37
5 38
5 39
5 40
5 41
5 42
5 43
5 44
5 45
5 46
5 48
7 8
7 9
7 10
7 11
7 13
7 14
7 16
7 18
7 19
7 21
7 22
7 23
7 24
7 25
7 27
7 28
7 29
7 31
7 33
7 34
7 35
7 36
7 37
7 38
7 39
7 40
7 41
7 42
7 43
7 44
7 45
7 46
7 48
7 49
8 9
8 10
8 11
8 13
8 16
8 18
8 19
8 21
8 23
8 24
8 25
8 27
8 28
8 29
8 33
8 34
8 35
8 36
8 37
8 38
8 40
8 41
8 43
8 44
8 46
8 48
8 49
9 10
9 11
9 13
9 14
9 16
9 18
9 19
9 21
9 22
9 23
9 24
9 25
9 27
9 28
9 29
9 33
9 34
9 35
9 36
9 37
9 38
9 40
9 41
9 42
9 43
9 44
9 45
9 46
9 48
9 49
10 11
10 13
10 14
10 16
10 18
10 19
10 21
10 22
10 23
10 24
10 25
10 27
10 28
10 29
10 33
10 34
10 35
10 36
10 37
10 38
10 39
10 40
10 42
10 43
10 44
10 45
10 46
10 48
10 49
11 13
11 14
11 16
11 18
11 19
11 21
11 22
11 23
11 24
11 25
11 27
11 28
11 29
11 33
11 34
11 35
11 36
11 37
11 38
11 39
11 40
11 41
11 42
11 43
11 44
11 45
11 46
11 48
11 49
13 14
13 16
13 18
13 19
13 21
13 22
13 23
13 24
13 25
13 27
13 28
13 29
13 33
13 34
13 35
13 36
13 37
13 38
13 39
13 40
13 41
13 42
13 43
13 44
13 45
13 46
13 48
13 49
14 19
14 21
14 23
14 24
14 25
14 27
14 29
14 34
14 37
14 38
14 43
14 44
14 46
14 49
16 18
16 19
16 21
16 22
16 23
16 24
16 25
16 27
16 28
16 29
16 33
16 34
16 35
16 36
16 37
16 38
16 39
16 40
16 41
16 42
16 43
16 44
16 45
16 46
16 48
16 49
18 19
18 21
18 23
18 24
18 25
18 27
18 28
18 29
18 33
18 34
18 37
18 38
18 39
18 40
18 41
18 43
18 44
18 45
18 46
18 48
18 49
19 21
19 22
19 23
19 24
19 25
19 27
19 28
19 29
19 33
19 34
19 35
19 36
19 37
19 38
19 39
19 40
19 41
19 42
19 43
19 44
19 45
19 46
19 48
19 49
21 22
21 23
21 24
21 25
21 27
21 28
21 29
21 33
21 34
21 35
21 36
21 37
21 38
21 40
21 41
21 42
21 43
21 44
21 45
21 46
21 48
21 49
22 23
22 25
22 27
22 28
22 29
22 33
22 34
22 35
22 37
22 38
22 40
22 41
22 43
22 44
22 45
22 46
22 48
23 24
23 25
23 27
23 28
23 29
23 33
23 34
23 35
23 36
23 37
23 38
23 40
23 41
23 42
23 43
23 44
23 45
23 46
23 48
23 49
24 25
24 27
24 28
24 29
24 33
24 34
24 35
24 36
24 37
24 38
24 39
24 40
24 41
24 42
24 43
24 44
24 45
24 46
24 48
24 49
25 27
25 28
25 29
25 33
25 34
25 35
25 36
25 37
25 38
25 40
25 41
25 42
25 43
25 44
25 45
25 46
25 48
25 49
27 28
27 29
27 33
27 34
27 35
27 36
27 37
27 38
27 39
27 40
27 41
27 42
27 43
27 44
27 45
27 46
27 48
27 49
28 29
28 33
28 34
28 35
28 36
28 37
28 38
28 39
28 40
28 41
28 42
28 43
28 44
28 45
28 46
28 48
28 49
29 33
29 34
29 35
29 36
29 37
29 38
29 40
29 41
29 42
29 43
29 44
29 46
29 48
29 49
33 34
33 35
33 36
33 37
33 38
33 39
33 40
33 41
33 42
33 43
33 44
33 45
33 46
33 48
33 49
34 35
34 36
34 37
34 38
34 40
34 41
34 42
34 43
34 44
34 45
34 46
34 48
34 49
35 37
35 38
35 39
35 40
35 42
35 43
35 44
35 45
35 46
35 48
35 49
36 37
36 38
36 41
36 42
36 43
36 44
36 46
36 48
37 38
37 40
37 41
37 42
37 43
37 44
37 45
37 46
37 48
37 49
38 40
38 41
38 42
38 43
38 44
38 45
38 46
38 48
38 49
39 40
39 42
39 43
39 44
39 46
40 41
40 42
40 43
40 44
40 46
40 48
40 49
41 42
41 43
41 44
41 45
41 46
41 48
41 49
42 43
42 44
42 46
42 48
43 44
43 45
43 46
43 48
43 49
44 45
44 46
44 48
44 49
45 46
45 48
46 48
46 49
48 49
