10
942486 662951 202672 382084 912740 813948 701538 627537 353315 121973
0 160330 160330 160330 160330 160330 160330 160330 160330 160330
160330 0 160330 160330 160330 160330 160330 160330 160330 160330
160330 160330 0 160330 160330 160330 160330 160330 160330 160330
160330 160330 160330 0 160330 160330 160330 160330 160330 160330
160330 160330 160330 160330 0 160330 160330 160330 160330 160330
160330 160330 160330 160330 160330 0 160330 160330 160330 160330
160330 160330 160330 160330 160330 160330 0 160330 160330 160330
160330 160330 160330 160330 160330 160330 160330 0 160330 160330
160330 160330 160330 160330 160330 160330 160330 160330 0 160330
160330 160330 160330 160330 160330 160330 160330 160330 160330 0
